name,relative_counts,ct,ct_0,barcode,ct_1,barcode_ind
yjbJ_predicted,0.24271844660194175,254,205,GGCCAGCAGACAGCACACGC,49,5004440
yjbJ_predicted,0.15,228,199,TCGTACCTAAACTCGCGAAG,29,5009661
yjbJ_predicted,0.7888888888888889,320,179,GACCCTGCGTCAAAGAGAAC,141,4994876
yjbJ_predicted,0.11801242236024845,178,160,GCAAGGAAGCACTGGTTCCC,18,4996153
yjbJ_predicted,0.21621621621621623,178,147,ATGGCTGGAGTGTCTGACAT,31,4995155
yjbJ_predicted,0.4652777777777778,209,143,CTTCGCGAACCTTTCTGCCA,66,4994764
yjbJ_predicted,0.15217391304347827,157,137,TTTAAGTGCTAAGGGACTGT,20,4995928
yjbJ_predicted,0.3925925925925926,186,134,AAGGGAATAGTAACTTGAAT,52,4994855
yjbJ_predicted,0.05223880597014925,139,133,ACGAAGGGGTTAACAGGTAT,6,5026416
yjbJ_predicted,0.2900763358778626,167,130,AACTTTTTCGGTCTAACATA,37,4995740
yjbJ_predicted,0.456,180,124,TTGCCGCGATCTGTCGGTCT,56,5008259
yjbJ_predicted,0.8145161290322581,223,123,CTAATGCTCCCCACCGTCGT,100,4994729
yjbJ_predicted,0.23529411764705882,145,118,AGCGTTATCAAAGCAGAATG,27,5019126
yjbJ_predicted,0.2966101694915254,151,117,ATACCTGTTTCGTACTAATT,34,4999209
yjbJ_predicted,0.6637168141592921,186,112,ACGAAACCAAATGGAAGATG,74,5019617
yjbJ_predicted,0.1388888888888889,121,107,CTGCATGCGTGCGTGGGATG,14,4996707
yjbJ_predicted,0.75,187,107,ATCTCCTGTGACGTATCAAG,80,5006468
yjbJ_predicted,0.4519230769230769,149,103,CAAATAGTTGTATTGGCCTG,46,5001193
yjbJ_predicted,0.6078431372549019,162,101,GCAAGCTCTCAATCCCTTTA,61,5020863
yjbJ_predicted,0.4215686274509804,143,101,AATAATGCGCAGGACGTCCT,42,5028664
yjbJ_predicted,0.11,109,99,GTACTAGGTCCTGTCCGCGT,10,5016641
yjbJ_predicted,0.43434343434343436,140,98,TGGGTCATTTGGGAACTCAT,42,4997038
yjbJ_predicted,0.36363636363636365,133,98,GCTGGGGCCAGATATCTTAG,35,4995794
yjbJ_predicted,0.23469387755102042,119,97,GGCGCGCAGTCTGGAACTAC,22,4996455
yjbJ_predicted,0.40625,133,95,TGTAACGAGTATAAAAACAT,38,4996239
yjbJ_predicted,0.8125,172,95,TGATCGGGCAGTCCTTATTA,77,4995422
yjbJ_predicted,0.13541666666666666,107,95,GCGCGCACACATCCACTATG,12,4995101
yjbJ_predicted,0.16842105263157894,109,94,TAAGAACATATGCCTCGTAT,15,5016847
yjbJ_predicted,0.5473684210526316,145,94,GGTACCTCGGACGCGGCTAC,51,4996327
yjbJ_predicted,0.44680851063829785,134,93,GTAAATGGAATGCTGTCTAT,41,5001013
yjbJ_predicted,0.17391304347826086,106,91,GCGGGCGTGTGTGCACAGGA,15,5021901
yjbJ_predicted,1.7582417582417582,249,90,TATAAGATTAACTCTGATAG,159,5007448
yjbJ_predicted,0.3956043956043956,125,90,TACCTAACCGTTCTTCTTGC,35,5003245
yjbJ_predicted,0.18681318681318682,106,90,GGTAACTGGTTGTACCCCCA,16,5004867
yjbJ_predicted,0.27472527472527475,114,90,GGCGTTCGGCGCACCACGAC,24,5000389
yjbJ_predicted,0.044444444444444446,92,89,TTAACCCTACAGGTTTGCAA,3,4995635
yjbJ_predicted,0.03333333333333333,91,89,GGGGATGTCGTTGAGCGGTC,2,5000031
yjbJ_predicted,0.2222222222222222,108,89,CACGACGGCTTACGAGTCTT,19,5008501
yjbJ_predicted,0.26666666666666666,112,89,AATTCCCCAGATTGGGGCTG,23,5008495
yjbJ_predicted,0.19318181818181818,103,87,GAGGTGCATGATTTTATATT,16,5005118
yjbJ_predicted,0.3218390804597701,113,86,TCAGTACATATCAGAAGGAA,27,5030633
yjbJ_predicted,0.735632183908046,149,86,ATGGTGCTAGGTCGCAAAAG,63,5002458
yjbJ_predicted,0.3488372093023256,114,85,GCCACTATGGAGCTGGTCCT,29,5009065
yjbJ_predicted,0.29411764705882354,108,84,TATTATGGCCTGTCAGCAAG,24,5026779
yjbJ_predicted,0.2,100,84,TAGCCTATTGAAGATATTCG,16,5002280
yjbJ_predicted,0.9166666666666666,159,83,AGCTCGTCCCGAAACTGTAT,76,5002507
yjbJ_predicted,0.16666666666666666,96,83,AATCGTGGGTCGTTAAGTGT,13,4995376
yjbJ_predicted,0.3614457831325301,111,82,GGTTCCCCGCTGTTCCAGAG,29,5013306
yjbJ_predicted,2.2804878048780486,267,81,GCCGACCTCAGTATTTACCT,186,4996542
yjbJ_predicted,0.25609756097560976,101,81,CGGAAGGCGCGTTGTTCGAA,20,4998271
yjbJ_predicted,0.4567901234567901,116,80,TGAATTTATAACGACTGGCG,36,4997113
yjbJ_predicted,0.24691358024691357,99,80,GTAGCCTGCACATTCATTCC,19,4996266
yjbJ_predicted,0.2716049382716049,101,80,GGGAACCGAAATCTCAGAAC,21,5024606
yjbJ_predicted,0.1728395061728395,93,80,GGCTGGCCTGGTCCCGATTA,13,5012852
yjbJ_predicted,0.2716049382716049,101,80,AGCAGAGCTTGTCCGGTCCA,21,5022918
yjbJ_predicted,0.175,92,79,CTAGATTATACTTGGCAACA,13,5003630
yjbJ_predicted,0.189873417721519,92,78,TAGGTCGGACAGGCAGTCGT,14,5025977
yjbJ_predicted,0.26582278481012656,98,78,GACTTATACTATGTGTAGAT,20,4998754
yjbJ_predicted,0.3924050632911392,108,78,CTTTGGATAAAAGGATCCAC,30,5018122
yjbJ_predicted,0.06329113924050633,82,78,ATTCAGAATTAGAATAGATA,4,5028929
yjbJ_predicted,1.1666666666666667,167,77,GCACCCGACCTAAATCGAAT,90,4997154
yjbJ_predicted,0.3026315789473684,97,75,CGGAACTAAGGTCCGGAAAA,22,4995169
yjbJ_predicted,0.48,109,74,TTCACCATAGCTAGGCTAGC,35,5010026
yjbJ_predicted,0.4666666666666667,108,74,TATGATTATTCTCATGCCGA,34,4996921
yjbJ_predicted,0.09333333333333334,80,74,ATATTTTGAGTTAGCACGTA,6,5016944
yjbJ_predicted,0.2702702702702703,92,73,ACTCCAGTCAGGGTCAAGAG,19,5008825
yjbJ_predicted,0.1643835616438356,83,72,TGACGTGTCAAAATGCGAAT,11,5006967
yjbJ_predicted,0.3698630136986301,98,72,TACCTATGTGACTCAGATCA,26,5001225
yjbJ_predicted,1.095890410958904,151,72,ATGTCTCCAGTTGGCCGATG,79,5004591
yjbJ_predicted,0.1780821917808219,84,72,AGGGTTTCCAGACAGCGCTA,12,5017401
yjbJ_predicted,0.5972222222222222,113,71,TCCGTAAATAATTCAATTCA,42,4994904
yjbJ_predicted,0.16666666666666666,82,71,CTCGCACTGATTGCGTGACG,11,5004443
yjbJ_predicted,0.3888888888888889,98,71,CCCTCTCCACTGAAAAAGTG,27,4995168
yjbJ_predicted,0.4861111111111111,105,71,ATTGTTAATCTTTTGCGTTT,34,5005977
yjbJ_predicted,0.23943661971830985,86,70,GATTGTAAGGTACAAGTTTT,16,4999195
yjbJ_predicted,0.11267605633802817,77,70,CTGGATTCTGTAAAGAGAAC,7,5026660
yjbJ_predicted,0.2112676056338028,84,70,CTGAACCAAACTCACACAAT,14,5005832
yjbJ_predicted,0.23943661971830985,86,70,CGTATATGCAAAGCGGAGCA,16,5014010
yjbJ_predicted,1.028169014084507,142,70,AGTGTCCCGACATGCTCAGA,72,5020454
yjbJ_predicted,0.9014084507042254,133,70,ACCGTGTTTCCACCTTATCA,63,5023165
yjbJ_predicted,0.8142857142857143,125,69,CGGCGAGGTAGATAATCCTA,56,5014180
yjbJ_predicted,0.34285714285714286,92,69,CAACCAGAAAGTACTCTGAG,23,5007467
yjbJ_predicted,0.6857142857142857,116,69,ACTTATATTTCGGAGTGCCT,47,4995296
yjbJ_predicted,0.21428571428571427,83,69,ACGCAGAGTAATGGCGGAAT,14,5000356
yjbJ_predicted,0.5142857142857142,104,69,ACATTATCACATCTTCCAAA,35,5007853
yjbJ_predicted,0.2608695652173913,85,68,TTAACGACAAGCGTCATCGA,17,4998817
yjbJ_predicted,0.2608695652173913,85,68,GACTGTGATCTCTCGAACGA,17,5024511
yjbJ_predicted,0.6376811594202898,111,68,ACTAGGTGTCAACTAACCTT,43,4994949
yjbJ_predicted,0.25,83,67,TCGCATCTGTTTGTTTATGT,16,5018151
yjbJ_predicted,0.2647058823529412,84,67,CTACTTATGAAGTGAGTTTG,17,4995068
yjbJ_predicted,0.08823529411764706,72,67,AGCTTCGGGAATGCTTGCGT,5,5019494
yjbJ_predicted,0.029850746268656716,67,66,TGTAGTGGTAAAAGGAGCCC,1,5002084
yjbJ_predicted,0.05970149253731343,69,66,GTGGACGAGACTTCCGAAAT,3,4994817
yjbJ_predicted,0.417910447761194,93,66,GTAATCAGGACGCTGCGAGC,27,5006379
yjbJ_predicted,0.34328358208955223,88,66,GCTATGTTTCAGAACGGAAT,22,4997691
yjbJ_predicted,0.029850746268656716,67,66,ATACCCATGATGGGAGAGAT,1,4998012
yjbJ_predicted,0.34328358208955223,88,66,ATAATGGAATGTAACGGCAA,22,5016485
yjbJ_predicted,0.7910447761194029,118,66,ACCAGGGCCTCTGTGGGCGT,52,5030973
yjbJ_predicted,0.13636363636363635,73,65,GTGTACTCTAAATATTGGCA,8,5004388
yjbJ_predicted,0.4696969696969697,95,65,GTAAAAGGCTCTTCACCAAT,30,5006164
yjbJ_predicted,0.2727272727272727,82,65,GAAGTGATCAGCCCGACCAG,17,5014285
yjbJ_predicted,0.42424242424242425,92,65,CGCTTCCGGTAAGGGATGTG,27,4996195
yjbJ_predicted,0.19696969696969696,77,65,AGTAGTTCCGTTCATACCGT,12,5012032
yjbJ_predicted,0.5692307692307692,100,64,TTTATAGAAGGCAAAATCCC,36,5000659
yjbJ_predicted,0.7230769230769231,110,64,TCGTAAACAGAAGCCGTTAG,46,4997695
yjbJ_predicted,0.12307692307692308,71,64,TAACCACGAATCTGTTCTTG,7,5003029
yjbJ_predicted,0.2153846153846154,77,64,CGACGTGATGTGGAGAATGA,13,5007495
yjbJ_predicted,0.6615384615384615,106,64,CCTAAAAACCAGGTAAGTGT,42,5009747
yjbJ_predicted,0.40625,88,63,TTTCCATGGCCGCTTTCCCT,25,5007370
yjbJ_predicted,0.28125,80,63,TTACTCTCACATAGGGACCA,17,5002171
yjbJ_predicted,0.03125,64,63,TCCTTGGAGCCCACCCGCTT,1,5010892
yjbJ_predicted,0.234375,77,63,GTCGTTACACCTCGTCGGAC,14,4995823
yjbJ_predicted,0.21875,76,63,GGACATGCGTTGTTTAGTCT,13,4998727
yjbJ_predicted,1.0625,130,63,ATCAATCCCGACAATACACC,67,4996582
yjbJ_predicted,0.40625,88,63,AATTGGTTCAAATGCTCACC,25,4995167
yjbJ_predicted,0.4126984126984127,87,62,TTCGGATTACTGCACTCGCT,25,5004904
yjbJ_predicted,0.9523809523809523,121,62,GGATCATCCGCATCTCTCTA,59,5000987
yjbJ_predicted,0.49206349206349204,92,62,GAACTCTGCTAATTAATCTC,30,5007036
yjbJ_predicted,0.5396825396825397,95,62,CGTGCATATGGCACGACCAC,33,4994695
yjbJ_predicted,0.38095238095238093,85,62,CCAGTTTAGCTGGATATTAA,23,5008040
yjbJ_predicted,0.8253968253968254,113,62,CATGACTCCTTCCATAGGCA,51,4997713
yjbJ_predicted,0.3333333333333333,82,62,ACGTTTTGTTTCGAGAGACA,20,5024707
yjbJ_predicted,0.15873015873015872,71,62,AACGGGCGGTAGCGAAGGTA,9,5023809
yjbJ_predicted,0.25806451612903225,76,61,TTCCATATAGCAACTGGTGA,15,5004191
yjbJ_predicted,0.4032258064516129,85,61,TGGGATATCACCCTTATTAA,24,5017310
yjbJ_predicted,0.3387096774193548,81,61,TGGAATGTCCCCGCTGCCCT,20,5008451
yjbJ_predicted,0.43548387096774194,87,61,TATGGCGCAATCGGATGGTT,26,5015147
yjbJ_predicted,0.7258064516129032,105,61,GTCACATCACACGTACAATG,44,5012009
yjbJ_predicted,0.2903225806451613,78,61,GGGACAGGCCCATGATCCTC,17,5011171
yjbJ_predicted,0.16129032258064516,70,61,GCTCAAAAATCAGTGGCCGA,9,4994708
yjbJ_predicted,0.29508196721311475,77,60,GTTCATTCGTATGAAACATT,17,5012001
yjbJ_predicted,0.11475409836065574,66,60,GAATCAATCAAGTTTTTTCA,6,5010433
yjbJ_predicted,0.6557377049180327,99,60,CGCTGGCGAATTCCCACCAT,39,5023665
yjbJ_predicted,0.47540983606557374,88,60,CGATCGATATATGAATGGAT,28,5009881
yjbJ_predicted,0.5245901639344263,91,60,CCGTGAGATCGTGGGGTACA,31,4999316
yjbJ_predicted,0.03278688524590164,61,60,CACCAGCGCATGGGCTTGGA,1,5007506
yjbJ_predicted,0.26229508196721313,75,60,ATCAACATGCAAGGCTTTAA,15,5007115
yjbJ_predicted,0.6229508196721312,97,60,AGATGCGTCACAGCTACGAG,37,5028196
yjbJ_predicted,0.9166666666666666,113,59,TGTTCTCGTGTCATCGGTAT,54,4999109
yjbJ_predicted,0.4666666666666667,86,59,TCAGGAATAGGCTGTGTGGT,27,5015723
yjbJ_predicted,0.03333333333333333,60,59,TACTTGTAGATTGGTTGTAT,1,4996953
yjbJ_predicted,0.31666666666666665,77,59,GGCGGCATCGAAGTCACTTC,18,4994929
yjbJ_predicted,0.03333333333333333,60,59,GGCGCCACCAGAGAAAGAAG,1,5031136
yjbJ_predicted,0.15,67,59,GCTGACCGAACTCTGCTGCT,8,5004463
yjbJ_predicted,0.13333333333333333,66,59,AGCCCGCGGCGTTATATCTA,7,4997223
yjbJ_predicted,0.22033898305084745,70,58,TAAACTTGTTCAAATGCTTA,12,5027016
yjbJ_predicted,0.6101694915254238,93,58,GTATGGAGCGTCCACGGTAA,35,5008199
yjbJ_predicted,0.288135593220339,74,58,GTAAGTAAAGCTTGCTACTC,16,4995670
yjbJ_predicted,0.1694915254237288,67,58,CCTTCGTCAATCTTTGAAAT,9,5002235
yjbJ_predicted,0.0847457627118644,62,58,CCGATCCTATCACTTGCCGC,4,5000776
yjbJ_predicted,0.7457627118644068,101,58,CCATGGGCTCTCGACTGAAT,43,4999923
yjbJ_predicted,0.3559322033898305,78,58,AGTCACGCGGGTTGACCGGT,20,5015341
yjbJ_predicted,0.4406779661016949,83,58,AAAGGCGGAAGGCTCCGACA,25,5028195
yjbJ_predicted,0.25862068965517243,71,57,TCCGTCAACGGGTACGACAT,14,4999110
yjbJ_predicted,0.20689655172413793,68,57,GTCCAGACAGATCAATGTCA,11,5018495
yjbJ_predicted,0.25862068965517243,71,57,CGGGCCGCAGGCGGTTCACG,14,5014870
yjbJ_predicted,0.46551724137931033,83,57,ATGTTAACACGCCGGTTGGT,26,5006574
yjbJ_predicted,0.20689655172413793,68,57,AGCGATGAACCGTGGCGGGA,11,5003234
yjbJ_predicted,0.7068965517241379,97,57,ACATTCTTCTTTCTAGGAGA,40,5023054
yjbJ_predicted,0.15517241379310345,65,57,AAGTGGTTAAATACTTTAAC,8,5002353
yjbJ_predicted,0.5614035087719298,87,56,TTAATAGTTCAGAAAGGAAA,31,4999581
yjbJ_predicted,0.7192982456140351,96,56,TGGATCACCAGGATAGACAG,40,4995745
yjbJ_predicted,0.43859649122807015,80,56,CTTCACACAGCAGCTGCCAG,24,5018522
yjbJ_predicted,0.03508771929824561,57,56,CTGAGAGCTTAGTAAGTGTA,1,4997777
yjbJ_predicted,0.03508771929824561,57,56,CTCGAGGATGCTTCCAAGCA,1,5000454
yjbJ_predicted,0.5263157894736842,85,56,CAGTCACTAGCAAGGCTCAG,29,5006492
yjbJ_predicted,0.17543859649122806,65,56,ATTGCTCGGTATTCCGACCA,9,5002533
yjbJ_predicted,0.21052631578947367,67,56,AGCGCCTGTGAGTCAGAAAC,11,5018202
yjbJ_predicted,0.2807017543859649,71,56,ACAAGCGTGGGTTTCTCATG,15,5001796
yjbJ_predicted,0.21428571428571427,66,55,TCTGTCCAAGTGACCCACTA,11,5008255
yjbJ_predicted,0.4107142857142857,77,55,GGCCTGGCGCAGCTTGTATC,22,5023756
yjbJ_predicted,0.42857142857142855,78,55,ACCACCGCGCAGGGCGACCT,23,4997244
yjbJ_predicted,0.45454545454545453,78,54,TGGCGGCTCACGAGAAACAA,24,5013675
yjbJ_predicted,0.18181818181818182,63,54,GCGCTATGGTTGGGCAAACT,9,5030513
yjbJ_predicted,0.03636363636363636,55,54,CTGGTATTCGGAGATAAGGA,1,5018459
yjbJ_predicted,0.509090909090909,81,54,CTAAAATGGGATTTGCGATT,27,4997980
yjbJ_predicted,0.03636363636363636,55,54,CGGTAATCGACGCGTTTGGA,1,5007243
yjbJ_predicted,0.18181818181818182,63,54,CGATTTCACTACAGGATATT,9,5019470
yjbJ_predicted,0.6,86,54,CCTACGAGTCGCGGCACGGT,32,4996650
yjbJ_predicted,0.09090909090909091,58,54,CAAGACGCTAATAATCAACA,4,5010531
yjbJ_predicted,0.2727272727272727,68,54,AATTGGCTTCAGGTTAGTAG,14,5006062
yjbJ_predicted,0.3090909090909091,70,54,AAACTAGCGAGGTGGGAGGT,16,5001058
yjbJ_predicted,0.18518518518518517,62,53,TTAGACACCATTTATCCGCG,9,5013344
yjbJ_predicted,0.9444444444444444,103,53,GTAGGCTCTGTTGAAGATAT,50,5010691
yjbJ_predicted,0.37037037037037035,72,53,CGCACTGTCTTTAAAGTGTT,19,5019666
yjbJ_predicted,0.48148148148148145,78,53,CCCTTCCCGATGGTTATGCA,25,5029086
yjbJ_predicted,0.7777777777777778,94,53,ATAACGACTGGCACTGCCGT,41,4999298
yjbJ_predicted,0.037037037037037035,54,53,ACACCCGGGACTGGCTTTAC,1,4995193
yjbJ_predicted,0.7777777777777778,94,53,ACAAGAGCAGCTTCTCTGGT,41,5025506
yjbJ_predicted,0.5849056603773585,82,52,TTTGGAAATTTGTTCCAGGA,30,5023019
yjbJ_predicted,0.5660377358490566,81,52,TCAGTTAGGTTAAATCGAGG,29,5016126
yjbJ_predicted,0.37735849056603776,71,52,TATACAAGAGACCGGCGATG,19,5007823
yjbJ_predicted,0.8301886792452831,95,52,TAGATTTGTGGTATGGGTAC,43,5031056
yjbJ_predicted,0.2830188679245283,66,52,TACACGGGGCCGGGTCATAC,14,5012460
yjbJ_predicted,0.4716981132075472,76,52,GTTGAACCGATTTCTGGTGA,24,4999139
yjbJ_predicted,0.1509433962264151,59,52,GTCACACTTGGGCTGGACCT,7,5001319
yjbJ_predicted,0.7169811320754716,89,52,CGTATCCCGATGTGCTGACA,37,5012843
yjbJ_predicted,0.11320754716981132,57,52,CCACTGGTGTCAAGCTGTGG,5,5015551
yjbJ_predicted,0.9622641509433962,102,52,CAAGATACGGCAATACTTAG,50,4995511
yjbJ_predicted,0.2641509433962264,65,52,ATGGGCTCGGATTGGTTGTA,13,5016690
yjbJ_predicted,0.24528301886792453,64,52,ATCAGGGTTGGCCTACCTCA,12,4997890
yjbJ_predicted,0.16981132075471697,60,52,AGTCATTGAAGGTTCATTAG,8,5030396
yjbJ_predicted,0.8490566037735849,96,52,AGTCAGGGGGGCTTGCATCT,44,5006099
yjbJ_predicted,0.6415094339622641,85,52,AATCAGAAACACAGGCCCAT,33,5019745
yjbJ_predicted,0.1346153846153846,57,51,TCGACCATACAAATATGTCG,6,5000067
yjbJ_predicted,0.057692307692307696,53,51,TCCCGCTTTAATGGATCCCG,2,5022139
yjbJ_predicted,0.7115384615384616,87,51,TAGGGGAGCCGGAGTTGCGT,36,5007072
yjbJ_predicted,0.2692307692307692,64,51,TAACGAATGATTTGCGTGCC,13,4999762
yjbJ_predicted,0.6730769230769231,85,51,GTAGTTTGTTGTAGGTAAAA,34,5001474
yjbJ_predicted,0.21153846153846154,61,51,GGGACGAGTCTGGCTTGGTT,10,5020836
yjbJ_predicted,0.038461538461538464,52,51,GAGTGCAACGAGAGCGGGAC,1,5027552
yjbJ_predicted,0.28846153846153844,65,51,CAGGCATAGGAGCCTTCCGT,14,5010475
yjbJ_predicted,0.21568627450980393,60,50,TGGGCGAGTGATTAGGCTAA,10,5022294
yjbJ_predicted,0.39215686274509803,69,50,TGCCAAATAGTCTCCTAAAC,19,5028667
yjbJ_predicted,0.39215686274509803,69,50,TCGAACGGCCTTAAGCAGCT,19,4999722
yjbJ_predicted,0.6274509803921569,81,50,TATCGGTCAAGGCTTATTCT,31,5016821
yjbJ_predicted,0.3137254901960784,65,50,GGGGACATGGAGCCCCTTAT,15,5003333
yjbJ_predicted,0.3137254901960784,65,50,GCGTCCTAGGTCAAATCGCT,15,5017354
yjbJ_predicted,0.47058823529411764,73,50,GCATTTTGGGTTGCTAATGA,23,5026111
yjbJ_predicted,0.49019607843137253,74,50,CTAGGGTTTGCTTCGATAGC,24,5016874
yjbJ_predicted,0.5098039215686274,75,50,CGTTTGCCGTTTCTTAACGG,25,4995741
yjbJ_predicted,0.058823529411764705,52,50,CCCACGGACATCTGTGATTC,2,4997822
yjbJ_predicted,0.27450980392156865,63,50,CCAAAATGGAGGACATTGGT,13,4997570
yjbJ_predicted,0.49019607843137253,74,50,ATGGACAATGGAAAAGGTTT,24,5030314
yjbJ_predicted,0.0784313725490196,53,50,ATGAATTCCGCCTGCCTCAA,3,5000004
yjbJ_predicted,0.21568627450980393,60,50,AATAGGGTTAGCTCAGGTTC,10,5027893
yjbJ_predicted,0.21568627450980393,60,50,AACAGCGATGTTCATCACAT,10,5009727
yjbJ_predicted,0.26,61,49,TTTTCTCTCAGTGTTTACGT,12,4995996
yjbJ_predicted,1.64,130,49,TTTTATCAGAATATTTTGCT,81,5017140
yjbJ_predicted,0.16,56,49,TTGGTTGGCTAGACTACGTA,7,5011793
yjbJ_predicted,0.12,54,49,TGGGAATTCCGGCGGAGCTT,5,4998808
yjbJ_predicted,0.16,56,49,TGGATATGCTTCGGTACCGA,7,5001162
yjbJ_predicted,0.1,53,49,TCCGACATGGCGGTATCTCG,4,5009935
yjbJ_predicted,0.32,64,49,TCAATACTTCATAAAGTCGT,15,5008953
yjbJ_predicted,0.56,76,49,TAACAGGATCAAATCATACA,27,5006816
yjbJ_predicted,0.26,61,49,GGATCGTATGATAGAACTCT,12,5023020
yjbJ_predicted,0.4,68,49,GGAGTTCGTGTGATCATCCT,19,5027148
yjbJ_predicted,0.58,77,49,GCGTATAATCCTGTCGAGAG,28,5006540
yjbJ_predicted,0.28,62,49,GCGCTTAGCACTGAGTTAAA,13,4996288
yjbJ_predicted,0.34,65,49,CGTCCAGTGAGTCAGCCTTG,16,5017677
yjbJ_predicted,0.14,55,49,CCCGCTACACCGTGCGTGGT,6,5012864
yjbJ_predicted,0.2,58,49,CATCCCCTGAGCTCAGAACA,9,5000968
yjbJ_predicted,0.52,74,49,AGTGGTCCCGGCCGCGTGGT,25,5026922
yjbJ_predicted,0.24,60,49,AGGGAATTCGTCAATGCCTT,11,4999696
yjbJ_predicted,0.18,57,49,AGGCATCGTGGTGGATTAAG,8,5000071
yjbJ_predicted,1.183673469387755,105,48,TTGGCATACCTATAATTCCT,57,5024836
yjbJ_predicted,0.40816326530612246,67,48,TGTTTCCATGCAGGCCCCCT,19,5015529
yjbJ_predicted,0.7959183673469388,86,48,TGTAATCGCATCAGTATACG,38,5002653
yjbJ_predicted,0.20408163265306123,57,48,TGAGTGATTAATCCTCGCGA,9,5010382
yjbJ_predicted,0.6122448979591837,77,48,GTCAGGGCGGCTTAAATTAT,29,5021042
yjbJ_predicted,0.16326530612244897,55,48,GGTAGGCGAACTTGGATGCA,7,4997115
yjbJ_predicted,0.7551020408163265,84,48,GGGGTTCAGGGATGCCGGTA,36,5005346
yjbJ_predicted,0.14285714285714285,54,48,GGCTATGTAAAGTGCCGCCA,6,5004321
yjbJ_predicted,0.2857142857142857,61,48,GCGTGTCTTCTCGTACAGGG,13,5000432
yjbJ_predicted,0.22448979591836735,58,48,GATTGCTGTGAGGATAGATA,10,5017556
yjbJ_predicted,0.2857142857142857,61,48,GATCATACTGCGAGTTTAGA,13,5000744
yjbJ_predicted,0.7551020408163265,84,48,GAGTTGTGGAACACTTCAAT,36,5001123
yjbJ_predicted,0.04081632653061224,49,48,CGGGACAAGACAACAATAGT,1,4999881
yjbJ_predicted,0.7551020408163265,84,48,CGCTCCATGCTAACAAGTAC,36,5012753
yjbJ_predicted,0.8979591836734694,91,48,CATCCGTTCCAACGGCCGAC,43,4999635
yjbJ_predicted,0.12244897959183673,53,48,AGGTTTTCTTTAACCCAGTT,5,5019429
yjbJ_predicted,0.6530612244897959,79,48,AGGGTACGGGCGAAGAAAAG,31,4996319
yjbJ_predicted,1.0,96,48,ACGGGTTCGTCCGGAACATT,48,5007651
yjbJ_predicted,0.6458333333333334,77,47,TCGGAACTACCCCGGTAGAC,30,4997692
yjbJ_predicted,0.5416666666666666,72,47,TCAGGTACAATTCACGTCAC,25,5029460
yjbJ_predicted,0.25,58,47,GGGTGCACTATGCATTCATT,11,5007425
yjbJ_predicted,0.3958333333333333,65,47,GGATAGCATAATGGGTTACG,18,5005540
yjbJ_predicted,0.6666666666666666,78,47,GCGGAAACGGACCCCGGATC,31,5009664
yjbJ_predicted,0.4791666666666667,69,47,GCAATACAGTAACGGCAATT,22,5004597
yjbJ_predicted,0.7083333333333334,80,47,CTTTATTGTCCGCGAGACCT,33,4999276
yjbJ_predicted,0.6041666666666666,75,47,CGTTGGAACCGTTACTACCA,28,5004366
yjbJ_predicted,0.2708333333333333,59,47,CATGATACTTTGCAGGCACT,12,5002757
yjbJ_predicted,0.25,58,47,CAGATAGGGATAGTCAGGGT,11,4997353
yjbJ_predicted,0.08333333333333333,50,47,CACGTACTCAGATCGTTTCC,3,5017044
yjbJ_predicted,0.5,70,47,ATGGCGGCCAGCTGCAGATG,23,5022725
yjbJ_predicted,0.375,64,47,ACACTCTTGCGTAACTCTCA,17,5000761
yjbJ_predicted,0.7708333333333334,83,47,AAACAATTTTAAATTCGCCA,36,4997738
yjbJ_predicted,0.6170212765957447,74,46,TACTTGCTTATTTCAAGGTT,28,5001447
yjbJ_predicted,1.297872340425532,106,46,GTGCGCTATCCTTAACGAGG,60,4996887
yjbJ_predicted,0.6382978723404256,75,46,GTCAGCGCAAACCACGTCAC,29,5009068
yjbJ_predicted,0.3191489361702128,60,46,GTATGTACCGCTTACCACGC,14,5010325
yjbJ_predicted,0.9574468085106383,90,46,GGCTCTTGACTAATCTACTC,44,5003260
yjbJ_predicted,0.14893617021276595,52,46,GGAGGCCTTAGCCTCCACTA,6,4999402
yjbJ_predicted,0.5531914893617021,71,46,GGACCTGGTGGGCATTTAAT,25,5001689
yjbJ_predicted,0.425531914893617,65,46,GCGCCCCCTAGTTTAACTGT,19,4994683
yjbJ_predicted,0.723404255319149,79,46,GATATATCGCCGATTTCCAA,33,5011496
yjbJ_predicted,0.8085106382978723,83,46,CTTGAATTTTTTGAAATAGT,37,4995893
yjbJ_predicted,0.3829787234042553,63,46,CTGTTGGAAAATCCCTCCAG,17,5027805
yjbJ_predicted,1.148936170212766,99,46,CCATTGAGGCGCCGAGATTA,53,5000433
yjbJ_predicted,0.0425531914893617,47,46,CACGTGGGGGGGGTAATTTC,1,5009332
yjbJ_predicted,0.2765957446808511,58,46,ATGCGTAGGCCTCTTAAAAG,12,5014883
yjbJ_predicted,0.425531914893617,65,46,ATCGTCTGCCTGCGAATCGA,19,5003146
yjbJ_predicted,0.2127659574468085,55,46,ACGGCAGTAGAGATTTAGAC,9,5004078
yjbJ_predicted,1.1063829787234043,97,46,AAGTGATAATAGCCCTCAGA,51,4998300
yjbJ_predicted,0.1956521739130435,53,45,TTCCTGCGGCAGGAGAGCAG,8,5025334
yjbJ_predicted,0.6956521739130435,76,45,TTAGGCCCGTGATTTGCCTG,31,5008761
yjbJ_predicted,0.043478260869565216,46,45,TCGGACAACCGCTCAGGCGC,1,4996986
yjbJ_predicted,0.391304347826087,62,45,TAGACTGTTTCAGTGACGCA,17,5020232
yjbJ_predicted,1.1521739130434783,97,45,GTGACTAGACCTCTACAGTT,52,5002053
yjbJ_predicted,0.41304347826086957,63,45,GGAGATGATAGCCAGTGTCA,18,5000930
yjbJ_predicted,0.2826086956521739,57,45,GGACAGCTTCCGAGTGTTAG,12,5003511
yjbJ_predicted,0.45652173913043476,65,45,GCTCTATTGCCCTCATTAGT,20,5014218
yjbJ_predicted,1.2173913043478262,100,45,GCGTGCATGTGCGGAAACTT,55,5013048
yjbJ_predicted,1.3695652173913044,107,45,GATCAGCGCATTGGTGTTCT,62,5000070
yjbJ_predicted,0.7608695652173914,79,45,CGTCCAAGACATATGCTGTA,34,5026231
yjbJ_predicted,0.45652173913043476,65,45,CCAATATTTTATGAGTAGTT,20,5008642
yjbJ_predicted,0.43478260869565216,64,45,CATGTTTGACCCCGTAACTT,19,5013539
yjbJ_predicted,0.08695652173913043,48,45,ATAAGGGGTGAGGTGAGACA,3,5026181
yjbJ_predicted,0.2608695652173913,56,45,ACGGCGAACCCCGGCTTGCC,11,5025679
yjbJ_predicted,0.2826086956521739,57,45,AACAACTGATCATAGCCCTT,12,5021608
yjbJ_predicted,0.1111111111111111,48,44,TGCGCTGATGTAGGTATAAT,4,4998399
yjbJ_predicted,0.28888888888888886,56,44,TGATTATAACGGAACAGTAT,12,5018838
yjbJ_predicted,0.13333333333333333,49,44,TCTTAACCCGGCTTGTTCAG,5,4997663
yjbJ_predicted,0.15555555555555556,50,44,TCGTTTTGGTCTAAACCCAA,6,5026385
yjbJ_predicted,0.4,61,44,TATGTTCGCGTTATGAATTG,17,5006139
yjbJ_predicted,0.8222222222222222,80,44,GGGATAAGAGTGGGCCGCAA,36,5007808
yjbJ_predicted,0.6444444444444445,72,44,GCGTAAGGAACTCCTCTCTA,28,5006797
yjbJ_predicted,0.6444444444444445,72,44,GCGGGAGACGTAGCCGGTGT,28,5021600
yjbJ_predicted,0.26666666666666666,55,44,GAGCAGGGCAGACCGAACTG,11,5008323
yjbJ_predicted,0.4222222222222222,62,44,CTGGGACCAGGACCTTCCTC,18,4995021
yjbJ_predicted,0.2222222222222222,53,44,CTAGGGTGTGTTCTCCGCCC,9,5027711
yjbJ_predicted,0.24444444444444444,54,44,CGCATCGATACATTTGGGCA,10,4997585
yjbJ_predicted,1.2222222222222223,98,44,CAGAGCGGACCACCTCGAGT,54,5015428
yjbJ_predicted,0.6,70,44,ATTACGGTATTCGGGTTAAC,26,5001692
yjbJ_predicted,0.24444444444444444,54,44,ATAATTAAGCCTATTCAGGT,10,5000277
yjbJ_predicted,1.288888888888889,101,44,AGGCTTAGGGTTGGGCCATT,57,5028182
yjbJ_predicted,0.7111111111111111,75,44,AATTTTGCTACCTTACGTGC,31,4999552
yjbJ_predicted,0.18181818181818182,50,43,TTGGTCTTAGGCATCTTGAA,7,5013984
yjbJ_predicted,0.11363636363636363,47,43,TTAACAGTCGGGGAGACCTA,4,5017163
yjbJ_predicted,0.5909090909090909,68,43,TTAAACTCTAGACAATAGCA,25,5015201
yjbJ_predicted,0.5454545454545454,66,43,TGTTGTGGCTTGGTTTAACT,23,5009520
yjbJ_predicted,0.11363636363636363,47,43,TGCGGGTTTGATACTCTTAG,4,5025644
yjbJ_predicted,0.8636363636363636,80,43,TGATTAGTCGTTCCTACTTG,37,4996819
yjbJ_predicted,0.29545454545454547,55,43,TCAGGGAGCGCTGTGCCTCA,12,5019084
yjbJ_predicted,0.2727272727272727,54,43,GGTTGTTACCCAGCCGTAGC,11,5013132
yjbJ_predicted,0.09090909090909091,46,43,GGACTTATTATCACTCACAA,3,5008118
yjbJ_predicted,0.6136363636363636,69,43,GCCAGACCACAGTGTCTTCA,26,5017932
yjbJ_predicted,0.3409090909090909,57,43,GCAGCTCAATCCTGATTCGT,14,5023530
yjbJ_predicted,0.36363636363636365,58,43,GAATCCCGCATATGCTCCAT,15,5010910
yjbJ_predicted,2.522727272727273,153,43,CTCAAGTAGCCGTATGGTGT,110,4997454
yjbJ_predicted,0.5681818181818182,67,43,CCAACAAGACGCAGGGATAT,24,5013674
yjbJ_predicted,0.09090909090909091,46,43,CAAACAAGTCTCTGAAAGGA,3,5010183
yjbJ_predicted,0.045454545454545456,44,43,ATAGGGTGATCATCGGGATG,1,5001308
yjbJ_predicted,0.20454545454545456,51,43,ACGATTATATTACCCTCGCT,8,4995948
yjbJ_predicted,0.75,75,43,AAATGCCTTATCAACCCCTC,32,4995665
yjbJ_predicted,0.06976744186046512,44,42,TTGAGACGAGGGGTCGCCGA,2,5012783
yjbJ_predicted,0.3023255813953488,54,42,TCAGGCATCATCTGTATACT,12,5006815
yjbJ_predicted,0.046511627906976744,43,42,TAACCAGAATAAGCGCTGGT,1,5000258
yjbJ_predicted,0.11627906976744186,46,42,GGGCGGGGATGGCGTTAGAA,4,5011893
yjbJ_predicted,0.09302325581395349,45,42,GCTTATTCAACTATGAACCC,3,5009882
yjbJ_predicted,0.3023255813953488,54,42,GCCGGTAAAGCCGCGTAGCG,12,5026750
yjbJ_predicted,1.0,84,42,GCCGGGTTTGCTGTTGCAGG,42,5001539
yjbJ_predicted,0.09302325581395349,45,42,GATAAGGACCCAATTCATAG,3,5012279
yjbJ_predicted,0.7441860465116279,73,42,CTTATAGCTAGTGACATGCT,31,5001565
yjbJ_predicted,0.3953488372093023,58,42,CGTCTTAGCCTCTCCAGTAG,16,5012267
yjbJ_predicted,0.5116279069767442,63,42,CGGGAGTGTCCGGGTCGAGG,21,5030019
yjbJ_predicted,0.4883720930232558,62,42,CGGATGAATCTGGTTACGTC,20,5002783
yjbJ_predicted,0.7209302325581395,72,42,CGAGGTGAATCAGTCAGTAA,30,5020407
yjbJ_predicted,0.7441860465116279,73,42,CCTGTACAATAGAACCGAAT,31,5008339
yjbJ_predicted,0.4186046511627907,59,42,CCTGGGTGGCACTATAGACG,17,4999197
yjbJ_predicted,0.7441860465116279,73,42,CCGTAACCAATGAGTCCCTG,31,4999350
yjbJ_predicted,0.16279069767441862,48,42,CCCGCCTACGATCGCTATTA,6,5007558
yjbJ_predicted,0.6744186046511628,70,42,CCAACGAACTGAGTGGCTCG,28,4999297
yjbJ_predicted,0.27906976744186046,53,42,CATTATGGGTGCGTTCCCTA,11,5001864
yjbJ_predicted,0.4186046511627907,59,42,ATGGGGAGTCGAACGTTAAC,17,5002779
yjbJ_predicted,0.6976744186046512,71,42,ATGATATACACAAATCGGGT,29,4997117
yjbJ_predicted,0.7209302325581395,72,42,AGGGCGTCCGGAACATTTGT,30,5010768
yjbJ_predicted,0.32558139534883723,55,42,AGATGCCGCTGCTAGCAGTG,13,5010481
yjbJ_predicted,0.5581395348837209,65,42,AGAGTATGAGATCGATTCAA,23,5002313
yjbJ_predicted,0.4186046511627907,59,42,AGAAACCCGGAGTCCGAACT,17,5020030
yjbJ_predicted,0.6904761904761905,69,41,TTGGCCTTAATAGCCAAGTC,28,5025777
yjbJ_predicted,0.21428571428571427,49,41,TTCGGATAAGATAGGGAATT,8,5004135
yjbJ_predicted,0.5,61,41,TTATCCATGCAATGCAAAGA,20,5013637
yjbJ_predicted,0.35714285714285715,55,41,TGTAGAGCTAAAGGGGGCTC,14,5024826
yjbJ_predicted,0.6666666666666666,68,41,TGCACGCCAAACTCACATAT,27,5016809
yjbJ_predicted,0.9285714285714286,79,41,TCGCATCAAGTAGCCAGACT,38,4995304
yjbJ_predicted,0.5238095238095238,62,41,TCCTGTTTGGACGGTCGACA,21,5006609
yjbJ_predicted,0.7142857142857143,70,41,TACTGTGCCCCGTTCAATTG,29,5018090
yjbJ_predicted,0.9047619047619048,78,41,TACGCACGGTAGTGAGTGAA,37,5014316
yjbJ_predicted,0.42857142857142855,58,41,GGCAGCCTTAGAATGTAGCT,17,4997992
yjbJ_predicted,0.047619047619047616,42,41,GGCACGATTGGACATACTTC,1,5013395
yjbJ_predicted,0.38095238095238093,56,41,GCTATACTGCATTTTGAAAT,15,5012729
yjbJ_predicted,0.16666666666666666,47,41,GCCCAGGTAGATCCTGGATA,6,4997620
yjbJ_predicted,0.23809523809523808,50,41,GAATCGATGCCTAGCCATTT,9,4999649
yjbJ_predicted,0.19047619047619047,48,41,CGCCGGGACCTGACGTTCGA,7,5012719
yjbJ_predicted,0.07142857142857142,43,41,CCGGTCGGTTAGGGGCGCGT,2,4996702
yjbJ_predicted,0.6666666666666666,68,41,CCCCGCGCTCTCCCGACAGG,27,5010041
yjbJ_predicted,0.7619047619047619,72,41,CATATGCGCAGGCCGATGCT,31,5000658
yjbJ_predicted,0.2619047619047619,51,41,CAGCGCGCGCTCTGGACGTA,10,5015953
yjbJ_predicted,0.5476190476190477,63,41,ATTGGCCAGCTTTCGCCAGT,22,4995639
yjbJ_predicted,0.30952380952380953,53,41,ATATAACCGAAATAGCGTGT,12,5024965
yjbJ_predicted,0.4523809523809524,59,41,AGGTAAGCGAGTCATTATAC,18,5008560
yjbJ_predicted,0.6904761904761905,69,41,ACCACCATAAGATCGTAAAT,28,5006018
yjbJ_predicted,0.47619047619047616,60,41,AAGGATTCCTTGGTTATATT,19,5010250
yjbJ_predicted,0.4523809523809524,59,41,AACTTTAATAAAAGCCCAAA,18,5005122
yjbJ_predicted,0.9285714285714286,79,41,AAATAGTATTTTACCCGTCA,38,4997521
yjbJ_predicted,0.36585365853658536,54,40,TATTCGATCCCGATGCCGGA,14,5006713
yjbJ_predicted,0.04878048780487805,41,40,TAGGTTGCCGTCGAACCGAA,1,4997484
yjbJ_predicted,0.34146341463414637,53,40,TAAATTCTTTCCATACACAA,13,5007725
yjbJ_predicted,0.5121951219512195,60,40,GTGCTTCCTTGACTGAATTT,20,5011654
yjbJ_predicted,0.04878048780487805,41,40,GTCGATAATGATACTTGAGT,1,5015625
yjbJ_predicted,0.3170731707317073,52,40,GGTCAGCCCTATCGATGTGC,12,5011677
yjbJ_predicted,0.1951219512195122,47,40,GAGGGCATTGTAGGACATTG,7,5004892
yjbJ_predicted,0.12195121951219512,44,40,GAGCGACCCGTAGCGCTAAG,4,5014249
yjbJ_predicted,0.7317073170731707,69,40,GAGACTTGTCTGTTGATCAT,29,5017086
yjbJ_predicted,0.3170731707317073,52,40,GAATCGAACATATACGAGCT,12,4998272
yjbJ_predicted,0.4634146341463415,58,40,GAAGAGTATCCGGTTAAGAC,18,5027708
yjbJ_predicted,0.9512195121951219,78,40,CGTACCTCAATAGATGGGTC,38,5004890
yjbJ_predicted,0.07317073170731707,42,40,CGCTAGGCTCATCGCAACGT,2,5006511
yjbJ_predicted,0.0975609756097561,43,40,CCACCCGAGGCACTCGTCTA,3,5027502
yjbJ_predicted,0.8780487804878049,75,40,CATTAGTGGGTTAATTATTC,35,5019628
yjbJ_predicted,0.5609756097560976,62,40,CACCGACTCTCGCATACCGA,22,5011023
yjbJ_predicted,0.07317073170731707,42,40,CACAGTGGAGAAAGGTTGTT,2,5000967
yjbJ_predicted,0.7073170731707317,68,40,ATTCGATCATAGAAGCTCTT,28,5022185
yjbJ_predicted,0.1951219512195122,47,40,ATAGTTGAATGGTGCCAAGG,7,5024611
yjbJ_predicted,0.14634146341463414,45,40,AGTACTGACTGCGCGTGTAT,5,4999555
yjbJ_predicted,0.4146341463414634,56,40,AGGTGCCGGCTATCCCTTAT,16,5019939
yjbJ_predicted,0.04878048780487805,41,40,AGCGTGCGTGGTTTACGAGA,1,5000717
yjbJ_predicted,0.5609756097560976,62,40,AGATGTTCTAAAGACAGGGT,22,5014254
yjbJ_predicted,0.36585365853658536,54,40,ACCTTGTGCTCAACCGACCT,14,5028798
yjbJ_predicted,0.4878048780487805,59,40,ACCTGTATTGGGAGTAATCG,19,5008937
yjbJ_predicted,0.17073170731707318,46,40,ACCCCATTAACTAACGGGTT,6,5018656
yjbJ_predicted,0.5609756097560976,62,40,ACATTCACAATATACCCTTG,22,5017558
yjbJ_predicted,0.34146341463414637,53,40,AAATTGTCCTAAGTAGGAGA,13,5015075
yjbJ_predicted,0.275,49,39,TGTTCTCCCGCATGAAAGGC,10,5001541
yjbJ_predicted,0.1,42,39,TCGTGTAGCAGCTGCGAAAT,3,5016415
yjbJ_predicted,0.2,46,39,TATTATGGTTTGTGGTTACG,7,5000410
yjbJ_predicted,0.4,54,39,TAGAACAGTATCTGACCCGG,15,4994768
yjbJ_predicted,0.325,51,39,TAAGTGAGCCGTCAATGGGA,12,5002851
yjbJ_predicted,0.55,60,39,GTTTGAAGACATCGCACTTT,21,5025353
yjbJ_predicted,0.475,57,39,GTCCAAGGTACGATTCTCGT,18,5023317
yjbJ_predicted,0.325,51,39,GTAACTTTTAGCGGTTAAAT,12,5027331
yjbJ_predicted,0.2,46,39,GGCAATGCCTTTCGGCTACA,7,5002509
yjbJ_predicted,0.275,49,39,GGAGGTTGTGCCAATACAGC,10,5014250
yjbJ_predicted,0.45,56,39,GCTAGCACATCCCACCACGA,17,5026048
yjbJ_predicted,1.975,117,39,CTCCTTCGGGGCCAGACATT,78,5000318
yjbJ_predicted,0.575,61,39,CTCATACGATGCGTTGCACA,22,5003704
yjbJ_predicted,0.25,48,39,CGATACTCTTAGGTAACTTA,9,5011488
yjbJ_predicted,0.65,64,39,CCTATCTTTACAGATAGCTT,25,4996285
yjbJ_predicted,0.975,77,39,CCCTAGTTACAGTTATTTTA,38,5000363
yjbJ_predicted,0.275,49,39,CATTAAACAATAGTTGGTAT,10,4996708
yjbJ_predicted,0.225,47,39,CATGGTTGTGTCCAATGTGA,8,5006764
yjbJ_predicted,0.425,55,39,CACAAGCGAGGGGCGGGACA,16,5024666
yjbJ_predicted,0.35,52,39,ATTTCGGTCTTACTGAGCTT,13,5009427
yjbJ_predicted,0.625,63,39,AGTTAAAAGATAGTGGACCA,24,5020254
yjbJ_predicted,0.8,70,39,AATTTACCGATAAGTGGAAT,31,5010525
yjbJ_predicted,0.525,59,39,AAGGCTACCACTAAGGACTT,20,5017214
yjbJ_predicted,0.175,45,39,AAGCCGCGTGTAATGGTTAT,6,5003567
yjbJ_predicted,0.125,43,39,AACTAAGTAGTTGTAGAAAT,4,5022407
yjbJ_predicted,0.07692307692307693,40,38,TGGTTAAAGCGTAGCTCCCT,2,4998655
yjbJ_predicted,0.3333333333333333,50,38,TGCCCCTCTCACATACTGCC,12,4997770
yjbJ_predicted,1.1538461538461537,82,38,TCTTCATCTCGCAGTTGCGA,44,5013941
yjbJ_predicted,0.8974358974358975,72,38,TCCTATGCGTAATCGTACGC,34,5002782
yjbJ_predicted,0.5641025641025641,59,38,TCCGGAACATGAAGCAAGTA,21,4996978
yjbJ_predicted,0.7435897435897436,66,38,TCACCTACTCGATCTACACT,28,5002200
yjbJ_predicted,1.3076923076923077,88,38,TAGTGTCAGATGGAACGTTT,50,5010338
yjbJ_predicted,0.23076923076923078,46,38,TACTTAATTCGCTAGTCATC,8,5006991
yjbJ_predicted,0.7692307692307693,67,38,GTGGATTGAGAAGCGAGATT,29,5008143
yjbJ_predicted,0.05128205128205128,39,38,GGTAGAGGGCGAAGCCGATA,1,5028820
yjbJ_predicted,0.07692307692307693,40,38,GGGATTTCGCTGAGAGAATT,2,5013982
yjbJ_predicted,0.2564102564102564,47,38,GGACTACACCGCAAGGTGCA,9,5004727
yjbJ_predicted,0.28205128205128205,48,38,GCTGGAACATATCTTAGCGC,10,5014946
yjbJ_predicted,0.3333333333333333,50,38,GCGCGTCGTGTACACACTCA,12,5011290
yjbJ_predicted,0.8205128205128205,69,38,GCATTATGTATACTCAACGT,31,5010527
yjbJ_predicted,0.7692307692307693,67,38,GCAATAGCTTATGTCCTAGA,29,5023508
yjbJ_predicted,0.6153846153846154,61,38,GACACGACTATGCGTGTACG,23,5002180
yjbJ_predicted,0.23076923076923078,46,38,GAACGCAAGTCTAAACCCAT,8,5022515
yjbJ_predicted,0.8974358974358975,72,38,CTTTGTTAATTGGGATGTCT,34,5000140
yjbJ_predicted,0.8717948717948718,71,38,CTTCCCTAAGGCTATCCGGG,33,5008578
yjbJ_predicted,0.5897435897435898,60,38,CTGTAAGAGATCTAGGTATA,22,5023409
yjbJ_predicted,0.9743589743589743,75,38,CTCGCCGGCACGGCTATAGC,37,5019107
yjbJ_predicted,1.3333333333333333,89,38,CTAGATCCAGTAAGATTTAT,51,5004216
yjbJ_predicted,0.05128205128205128,39,38,CGTGAAATGCCAATGATGAA,1,5006340
yjbJ_predicted,0.5641025641025641,59,38,CGCCCGCTGATCAATAGAAA,21,5005913
yjbJ_predicted,0.41025641025641024,53,38,CCACGTCCATATTCAAACAA,15,5009407
yjbJ_predicted,0.3076923076923077,49,38,CCACGGAATTACCTGTAGTC,11,4995175
yjbJ_predicted,0.6666666666666666,63,38,CATTTACACCCCAGACAGGG,25,4995240
yjbJ_predicted,0.05128205128205128,39,38,CATTGGAGGCTAACCGCAGC,1,5000365
yjbJ_predicted,0.6666666666666666,63,38,CACGAAATGTTATCGTGAAT,25,5026780
yjbJ_predicted,0.7435897435897436,66,38,ATCGTTCCTTGGGGAAATCG,28,5002170
yjbJ_predicted,0.9743589743589743,75,38,ACTATACCGAGAGCACCGCG,37,5007749
yjbJ_predicted,0.5641025641025641,59,38,ACGGCGCTAGATACCTGCAG,21,5013956
yjbJ_predicted,0.5128205128205128,57,38,AATTACCCTATTGGTCTTAC,19,5011977
yjbJ_predicted,0.3684210526315789,50,37,TTGTGGTCAGAGCAAATTTT,13,5023124
yjbJ_predicted,0.6052631578947368,59,37,TTCGAGCGGACACTCTATTA,22,4995115
yjbJ_predicted,0.6578947368421053,61,37,TTAGCATCTGGATATTCTGG,24,5001068
yjbJ_predicted,0.5,55,37,TTAATGGGAGATTCGCGCAG,18,5004762
yjbJ_predicted,0.6842105263157895,62,37,TGGATAAATCCAATCCGTTA,25,4997858
yjbJ_predicted,0.4473684210526316,53,37,TCCGCCAAGGGCCAGGTTTT,16,4996622
yjbJ_predicted,1.1842105263157894,81,37,TATGCGATCAGGCTTCCATT,44,5012163
yjbJ_predicted,0.07894736842105263,39,37,TATGAGGAAAGAACGGGTAT,2,5027131
yjbJ_predicted,0.4473684210526316,53,37,TACGTGCGCATGTTATTCGT,16,4995764
yjbJ_predicted,0.7105263157894737,63,37,TAATGCACCGACATGTGACT,26,5003497
yjbJ_predicted,0.4473684210526316,53,37,TAAGCTTAGAGCGTACTGAA,16,5015277
yjbJ_predicted,0.5,55,37,TAAGCACACATTCTGCTCCT,18,5004534
yjbJ_predicted,0.07894736842105263,39,37,GTGGAAAAGGGCTTTCGCTA,2,5003799
yjbJ_predicted,0.2894736842105263,47,37,GGGAATATCGTTTTAACTTA,10,5022015
yjbJ_predicted,0.47368421052631576,54,37,GGCCGAATCGGTCCTCTTAT,17,5014807
yjbJ_predicted,0.6842105263157895,62,37,GCCGCGGAGCGGGCTCGCGG,25,4995194
yjbJ_predicted,0.34210526315789475,49,37,GCCCCGATCAACTGCTGGGA,12,4999212
yjbJ_predicted,0.42105263157894735,52,37,GAGGGCGATTGTGGACCAGC,15,5027253
yjbJ_predicted,2.1578947368421053,118,37,GACACCTGGCTGAAGCCATG,81,4995701
yjbJ_predicted,1.3157894736842106,86,37,CTTGATCCCGGTATCCAAGA,49,5001923
yjbJ_predicted,1.263157894736842,84,37,CTTATGCGGTCCAATTATGC,47,5024670
yjbJ_predicted,1.4473684210526316,91,37,CTTAGCTAGGGGATTAGTAA,54,5005162
yjbJ_predicted,0.13157894736842105,41,37,CGTGCCGCCTTATGACGTGC,4,4996747
yjbJ_predicted,0.07894736842105263,39,37,CGGGGCGGGCCACCTCCGAA,2,5017235
yjbJ_predicted,0.47368421052631576,54,37,CGGCCTGCATGCGCAGGCAT,17,4996321
yjbJ_predicted,0.13157894736842105,41,37,CGCTCCGTGTACACGGCATC,4,5010899
yjbJ_predicted,0.5263157894736842,56,37,CGATAAGGAATCGTCGTTAA,19,5001774
yjbJ_predicted,0.8421052631578947,68,37,CCTTGAAGGAGGTACGCGTA,31,5011406
yjbJ_predicted,0.5526315789473685,57,37,CCCAGTGCGATTAAGGAATT,20,5005491
yjbJ_predicted,0.4473684210526316,53,37,ATGTCGCACCGCAGGAGGAC,16,5022796
yjbJ_predicted,0.18421052631578946,43,37,ATGCTTTGTCCGTCCAGACT,6,5017217
yjbJ_predicted,0.4473684210526316,53,37,AGGGAGTTCCCATCGGAGGC,16,5001454
yjbJ_predicted,0.42105263157894735,52,37,AGCATGGCTGGATGTTTTAG,15,5010182
yjbJ_predicted,0.2894736842105263,47,37,AGAAGGTGTGCGTAAACTTA,10,4996507
yjbJ_predicted,0.5526315789473685,57,37,ACGGACTTCGCGTTATCGAA,20,4996082
yjbJ_predicted,0.05263157894736842,38,37,ACCATGTACCGCTAAACATT,1,5000798
yjbJ_predicted,0.2631578947368421,46,37,AAGCAACAATGAAGTTTCGT,9,5010997
yjbJ_predicted,1.236842105263158,83,37,AACTTCCGAATCATCATGTT,46,5023121
yjbJ_predicted,0.3684210526315789,50,37,AACAGAAGGGGGGCCTAGCT,13,5016172
yjbJ_predicted,0.7567567567567568,63,36,TTGGCATCCTCCTTTCAGGA,27,5026630
yjbJ_predicted,0.05405405405405406,37,36,TGCGGACTCCAAAAGGCCTA,1,5013131
yjbJ_predicted,1.2162162162162162,80,36,TGACCCCTCACACCGTGAAT,44,5025966
yjbJ_predicted,0.05405405405405406,37,36,TATCTGTAAGGATGCTGAGC,1,5025486
yjbJ_predicted,0.8378378378378378,66,36,TAGATGCGGATTCCTTTACA,30,5026483
yjbJ_predicted,0.1891891891891892,42,36,GTGCTACAGATATTGACTGT,6,5025297
yjbJ_predicted,0.43243243243243246,51,36,GGTATAATGCACTGAGATGT,15,5020341
yjbJ_predicted,0.4864864864864865,53,36,GGGGCCATCCACGCGTCCGG,17,5017506
yjbJ_predicted,0.40540540540540543,50,36,GGGAACTTGGTCTGTTATCA,14,5024723
yjbJ_predicted,0.08108108108108109,38,36,GCTGCAAGAAACTCTACGAT,2,5019551
yjbJ_predicted,0.5945945945945946,57,36,GATCAACCCCCGATCGAGAA,21,5003544
yjbJ_predicted,0.4594594594594595,52,36,CTGCTTAGAGCGGCGTAGTC,16,5020060
yjbJ_predicted,0.5945945945945946,57,36,CTCGAGACAACGAACTTTTC,21,4997710
yjbJ_predicted,0.6486486486486487,59,36,CTACCCACGGAATTTCTGAA,23,5028889
yjbJ_predicted,0.13513513513513514,40,36,CGCTACCAGAAAATTCAAGA,4,4997786
yjbJ_predicted,0.6756756756756757,60,36,CGATGACGCATTAACCACGT,24,5030227
yjbJ_predicted,1.2972972972972974,83,36,CGAGTCATGCGGCTTCACAA,47,4998522
yjbJ_predicted,0.6216216216216216,58,36,CCTCTGTCTGGGGTAAAGCC,22,4995307
yjbJ_predicted,0.5945945945945946,57,36,CCTCGGACTTACCAGTATTT,21,5010949
yjbJ_predicted,0.3783783783783784,49,36,CAGTAATCTGTCGTACCCAC,13,5024554
yjbJ_predicted,0.40540540540540543,50,36,ATTCGATATTATCGTATTAG,14,5028916
yjbJ_predicted,0.35135135135135137,48,36,ATTACGCTGACGCTATATGC,12,4995229
yjbJ_predicted,0.35135135135135137,48,36,ATCGGTAATAATCAATCTAA,12,4999456
yjbJ_predicted,0.13513513513513514,40,36,ATCGATACATGAGGCCTCTG,4,5002227
yjbJ_predicted,0.24324324324324326,44,36,AGCGAGTATATTCAGTATCT,8,5018953
yjbJ_predicted,0.10810810810810811,39,36,AGACTCAGGCTGGCCTACTA,3,4994881
yjbJ_predicted,0.08108108108108109,38,36,ACTAGGGACATTTCGTTCCG,2,4998110
yjbJ_predicted,0.6756756756756757,60,36,ACGGCACGGTGATGACAAAG,24,5020695
yjbJ_predicted,1.162162162162162,78,36,ACCTTACAACAGGATGAGAA,42,5026723
yjbJ_predicted,0.4864864864864865,53,36,AATCCCTGGACAGCCGGTGA,17,5002355
yjbJ_predicted,0.32432432432432434,47,36,AATATGTAGGCGGCACAGGA,11,5011403
yjbJ_predicted,0.16216216216216217,41,36,AAGAGTGGTCTAGACCGCCT,5,5005309
yjbJ_predicted,0.3783783783783784,49,36,AAATGCCGGCAAAACCCCGG,13,4995605
yjbJ_predicted,0.8108108108108109,65,36,AAAAAAGTCACTAACTCTCC,29,4998439
yjbJ_predicted,0.1111111111111111,38,35,TTTGGTCCCGTATCGAAGGA,3,5000255
yjbJ_predicted,0.3333333333333333,46,35,TTTAACGGAGCGTTTTCGAT,11,5004963
yjbJ_predicted,0.5277777777777778,53,35,TTCCCTATAATGGAAAACGG,18,5008956
yjbJ_predicted,0.6388888888888888,57,35,TGTTCGCTCCTGGCAGAGTC,22,5000739
yjbJ_predicted,0.6666666666666666,58,35,TCTGAACTGCTTTGTCTCTG,23,5027055
yjbJ_predicted,0.08333333333333333,37,35,TCTCCTCGTACCTGTACGGT,2,5024409
yjbJ_predicted,1.1944444444444444,77,35,TCTAGATTTGTTAATGTACT,42,5007460
yjbJ_predicted,0.8611111111111112,65,35,TCAGTATCAAGGGTGTGTAC,30,5014261
yjbJ_predicted,0.3888888888888889,48,35,TCAGGTCAAAAGGAACGTAC,13,4995483
yjbJ_predicted,0.25,43,35,TCAACCCTAAAGGTAGGTCG,8,5013489
yjbJ_predicted,0.9722222222222222,69,35,TAAGGTGTGGTACAGCGAAC,34,4998126
yjbJ_predicted,0.4722222222222222,51,35,GGGTTCGCGCCGGGTGGTGA,16,4998179
yjbJ_predicted,0.9444444444444444,68,35,GGACTTTCTTTACATGGCGT,33,5010193
yjbJ_predicted,0.8333333333333334,64,35,GCGGACGTCTGTCGCTTCTA,29,5017294
yjbJ_predicted,1.8333333333333333,100,35,GACGGACGGTTTCTATTCCT,65,5019242
yjbJ_predicted,0.05555555555555555,36,35,CTCCCGGGGGTCACCTCGAT,1,4996290
yjbJ_predicted,0.6666666666666666,58,35,CTCATCTGTATTTTACGCAG,23,5014474
yjbJ_predicted,0.6388888888888888,57,35,CTAGTTCCCCCCAACTCGTG,22,5013145
yjbJ_predicted,0.6666666666666666,58,35,CTAGCATAGCACATCTGGGT,23,5020656
yjbJ_predicted,0.9722222222222222,69,35,CGTGGACCGTAAAGCCCTTG,34,4994765
yjbJ_predicted,0.16666666666666666,40,35,CGTATCGAGAGGCACCCGAT,5,5013710
yjbJ_predicted,0.05555555555555555,36,35,CGAAGAACGGAACGACGTTA,1,5028963
yjbJ_predicted,0.6944444444444444,59,35,CCTCTAGAGCCCTACATAAG,24,5013394
yjbJ_predicted,0.1388888888888889,39,35,CCGCTGCCTCGTGTACGTCA,4,4998482
yjbJ_predicted,0.6388888888888888,57,35,CCGCTCTAATGGAGCATGGA,22,5000815
yjbJ_predicted,0.05555555555555555,36,35,ATTTGTTAGAAACCTAACAT,1,5006844
yjbJ_predicted,0.1388888888888889,39,35,ATGAAACGTGATTTTTTGCA,4,5018086
yjbJ_predicted,0.3333333333333333,46,35,AGCTCGTAAGGCTAGCGGAT,11,5014098
yjbJ_predicted,0.1111111111111111,38,35,AGCGACGTTTGAGTGGGCGT,3,5014079
yjbJ_predicted,0.4722222222222222,51,35,ACACGTATCCGTTAATGGAT,16,5007070
yjbJ_predicted,0.16666666666666666,40,35,AATGGGAAAGTGCCTAAATT,5,4996020
yjbJ_predicted,0.05555555555555555,36,35,AAACAACGGAGGGTCAGAGC,1,4996681
yjbJ_predicted,0.42857142857142855,48,34,TTGGAAGGAGTAATTCTTAC,14,5024325
yjbJ_predicted,0.7714285714285715,60,34,TTCCGTTCGGGTTCCCAAAT,26,5002132
yjbJ_predicted,1.1142857142857143,72,34,TGGTGACTCATACCCCAGGT,38,5018457
yjbJ_predicted,0.8,61,34,TGATTCGTCAAAACGGAGCC,27,4995156
yjbJ_predicted,0.08571428571428572,36,34,TCGTCAGCACGGTGCGTAAC,2,5028359
yjbJ_predicted,0.7142857142857143,58,34,TATCAGCAGTTAGAAACCAT,24,5018916
yjbJ_predicted,0.5428571428571428,52,34,TAACCGTGGGCGTTCTCCAT,18,5011553
yjbJ_predicted,0.5142857142857142,51,34,GGTCTTAGCGGTTGGGAGTT,17,5022959
yjbJ_predicted,0.6,54,34,GGCTATATCCGCAAATCTAT,20,4994823
yjbJ_predicted,0.7428571428571429,59,34,GCGTTATCACGTTTTCGTGA,25,5021633
yjbJ_predicted,0.2571428571428571,42,34,GCAGAGTCCAGTAAATGAGT,8,5015579
yjbJ_predicted,0.7428571428571429,59,34,GATAGCACATGTAGGCTGTC,25,5006541
yjbJ_predicted,1.0857142857142856,71,34,CTGAGTAGACTATTGTCAAA,37,4996631
yjbJ_predicted,0.6,54,34,CTACCGTTATGTTGCGCGAG,20,5016792
yjbJ_predicted,0.7428571428571429,59,34,CGTTACAGAGGCTTGTGTAG,25,5024030
yjbJ_predicted,0.5428571428571428,52,34,CGCGCGCCGACAGTTGAACT,18,5024700
yjbJ_predicted,0.4,47,34,CGCGATGCATAAGAATGGGT,13,5007966
yjbJ_predicted,0.4857142857142857,50,34,CCTCGGCGACATACAGGTGT,16,5002147
yjbJ_predicted,0.05714285714285714,35,34,CAGTAGCGCCCTAATCTCGA,1,5008794
yjbJ_predicted,0.6857142857142857,57,34,CACTCACGCCGCTTATTTCT,23,5005084
yjbJ_predicted,0.3142857142857143,44,34,CAAGGCCGAGCCTTCGACGC,10,4998063
yjbJ_predicted,0.22857142857142856,41,34,ATGATTAAGGGTCGGCACAA,7,5010510
yjbJ_predicted,0.2,40,34,ATCTATTAGGCATGACCCTT,6,5001086
yjbJ_predicted,0.6,54,34,ATCGTTACCTAGGTCAGGTA,20,5030751
yjbJ_predicted,0.6857142857142857,57,34,ATCAAGACCCTCTGGTAAAG,23,4999831
yjbJ_predicted,0.3142857142857143,44,34,ATAGCCTCGTCCGTAAACTT,10,4996774
yjbJ_predicted,1.2,75,34,AGTGCCATGTCGGGCCAACT,41,5005488
yjbJ_predicted,1.8,96,34,AGAACCTCCTTTAAAGGGTT,62,5020173
yjbJ_predicted,0.45714285714285713,49,34,ACTTTATAATCACTTTAAAG,15,5017147
yjbJ_predicted,0.2857142857142857,43,34,ACGCGACAGCGAACTGCTCA,9,5025229
yjbJ_predicted,1.5714285714285714,88,34,ACCATGTCCCGGGCTCAACT,54,5024161
yjbJ_predicted,1.0571428571428572,70,34,ACAATGGTTTCTCAAGTTGT,36,5004272
yjbJ_predicted,0.8857142857142857,64,34,ACAAATCAGGTCAAGGATCA,30,5004563
yjbJ_predicted,0.5714285714285714,53,34,AACGAACGCCCTCAAACAAG,19,5016794
yjbJ_predicted,0.4117647058823529,46,33,TTCTAGAGCGACATCTCATC,13,5030972
yjbJ_predicted,0.6176470588235294,53,33,TGTACAACCGTCACGAGTAA,20,5000843
yjbJ_predicted,0.9705882352941176,65,33,TGTAACGATTGTTAGTCGCT,32,5018818
yjbJ_predicted,1.3529411764705883,78,33,TGGTAGACCATTTAACGTGT,45,5022811
yjbJ_predicted,0.4411764705882353,47,33,TGAGACCCATTTACACAATA,14,5010200
yjbJ_predicted,0.20588235294117646,39,33,TGAATAGCGACCTGAATATT,6,5024798
yjbJ_predicted,0.11764705882352941,36,33,TGAAGGTAGCCAGGTCCTCT,3,5016680
yjbJ_predicted,0.29411764705882354,42,33,TCCTGTAAGGTGGGCTAAGA,9,5021942
yjbJ_predicted,0.058823529411764705,34,33,TCATGACTGCGGTAGTGACA,1,5000316
yjbJ_predicted,0.17647058823529413,38,33,TCAGCCCGTTTGATGAATAG,5,5014358
yjbJ_predicted,0.38235294117647056,45,33,TATGATGTCGTTGCCTGTAT,12,5019749
yjbJ_predicted,0.9411764705882353,64,33,GTGATGTTTACTCACGGGCA,31,5010482
yjbJ_predicted,0.5,49,33,GTCTCTTTAGGTACAGGCTC,16,5001729
yjbJ_predicted,0.8823529411764706,62,33,GTCCTGATATATAAACCATT,29,5019998
yjbJ_predicted,0.6176470588235294,53,33,GGTGCGCGGGCACGTTTAGA,20,5026506
yjbJ_predicted,0.38235294117647056,45,33,GCGCATTCGAACAATCAAAA,12,5005866
yjbJ_predicted,0.14705882352941177,37,33,GCGAGCCATTACCGCCTCGG,4,4999368
yjbJ_predicted,0.6470588235294118,54,33,GCATGACGTCCATTCCAGTC,21,5011640
yjbJ_predicted,0.17647058823529413,38,33,GCAGCACTCGATACATAACA,5,5014053
yjbJ_predicted,0.058823529411764705,34,33,GAGTATCACGGCTCTAACAG,1,5026591
yjbJ_predicted,0.8235294117647058,60,33,GAGGTGTAGAGTCCCGTTTC,27,5008228
yjbJ_predicted,0.058823529411764705,34,33,GACTGTCGTTCGTAACTCAT,1,5005357
yjbJ_predicted,2.3823529411764706,113,33,GACGTCATTTCATTGAATCT,80,5017698
yjbJ_predicted,0.08823529411764706,35,33,CTGCAGAACGACTGTTAGGT,2,5020896
yjbJ_predicted,0.058823529411764705,34,33,CTAACAGCCCGCAGTCGTTT,1,5007807
yjbJ_predicted,0.5294117647058824,50,33,CGGCAATTACGTAGTCGAGA,17,4997778
yjbJ_predicted,1.8235294117647058,94,33,CCGTGGGCACGTGCACCGGC,61,4998690
yjbJ_predicted,0.23529411764705882,40,33,CCGATGTGGACTGCATGGAG,7,5021752
yjbJ_predicted,0.2647058823529412,41,33,CCAGTGTTGTGCGTTGGTAA,8,5012491
yjbJ_predicted,0.11764705882352941,36,33,CAGTAACTCACGATAGGTGA,3,5004784
yjbJ_predicted,0.20588235294117646,39,33,CACTATTAATGGCCGTCTGT,6,5000340
yjbJ_predicted,0.6764705882352942,55,33,CACCGTTGATCCAACACATC,22,5013101
yjbJ_predicted,0.35294117647058826,44,33,CACCGTCCTGTGTCAAGTAG,11,5006698
yjbJ_predicted,0.5588235294117647,51,33,CAATCTTTTTTTCCTGTCAC,18,5001564
yjbJ_predicted,0.8823529411764706,62,33,ATGGACAGTGCGGCTGGGTA,29,5025932
yjbJ_predicted,1.1176470588235294,70,33,ATAGGATAATTAATTGCGTA,37,5007331
yjbJ_predicted,0.23529411764705882,40,33,ATACGCATATAAAGTATTGC,7,5009831
yjbJ_predicted,0.058823529411764705,34,33,AGTAGTTTTTGGAACAGCAG,1,5011252
yjbJ_predicted,0.29411764705882354,42,33,AGGGTGTTTAGTGGATTTAA,9,5004538
yjbJ_predicted,0.5588235294117647,51,33,AGCATTGTAGAGGGACTCCA,18,5015777
yjbJ_predicted,0.058823529411764705,34,33,AGATTTACGGAACGACTACA,1,5021349
yjbJ_predicted,0.4117647058823529,46,33,ACGGGTTATGCTCTGGGCAG,13,5020455
yjbJ_predicted,0.8235294117647058,60,33,ACGCTGATTCTGCATATTCA,27,5004592
yjbJ_predicted,0.5,49,33,ACATACGATAAGAGCCTGTA,16,5004799
yjbJ_predicted,0.5151515151515151,48,32,TTTCGGGCGGCGTTCAGCCT,16,4998107
yjbJ_predicted,0.42424242424242425,45,32,TGTGGATCAACAGCGTGTTT,13,5016127
yjbJ_predicted,0.2727272727272727,40,32,TGTCCTTTTAACTGGGTTAG,8,5024877
yjbJ_predicted,0.2727272727272727,40,32,TGTCCTGACTCAAATACTGT,8,5001586
yjbJ_predicted,0.5151515151515151,48,32,TGTCCGGCGAGGCTATCCAT,16,5019847
yjbJ_predicted,0.24242424242424243,39,32,TGTAGACGTGCCTTGTTTCA,7,4998250
yjbJ_predicted,0.30303030303030304,41,32,TCGAGCGGGTTTGTACCTTC,9,5004543
yjbJ_predicted,0.12121212121212122,35,32,TCAGTAGTAAATACGTGCTA,3,5023342
yjbJ_predicted,0.45454545454545453,46,32,TAGGGGCTGGAAGACGGCTA,14,5003693
yjbJ_predicted,1.121212121212121,68,32,GTGGTAAAATGGGCTTCCTC,36,5024051
yjbJ_predicted,1.0909090909090908,67,32,GTGCCGAGGTCGAATCCACA,35,5016791
yjbJ_predicted,1.0303030303030303,65,32,GTCTCCATGCTTCGCATCTT,33,5021801
yjbJ_predicted,0.3333333333333333,42,32,GTCCTATAACGCTACGTAAT,10,5014430
yjbJ_predicted,0.696969696969697,54,32,GTATACAGTTCGACAGACCC,22,5008917
yjbJ_predicted,0.24242424242424243,39,32,GGTGGCATATAGCGAAAACG,7,5009268
yjbJ_predicted,0.48484848484848486,47,32,GGGTATGGAGTGTCTACGTA,15,4996084
yjbJ_predicted,0.15151515151515152,36,32,GGGGGGTGTATATACGATGA,4,4999957
yjbJ_predicted,0.36363636363636365,43,32,GGATAATGCATAAAAATCCC,11,5022597
yjbJ_predicted,0.12121212121212122,35,32,GGACATTCGTAAGCTTCGTT,3,5030413
yjbJ_predicted,0.8484848484848485,59,32,GCGGAGAAAACCGGACGGAA,27,5025913
yjbJ_predicted,0.18181818181818182,37,32,GCGAGGTTAGTTGTGGTTGT,5,5003336
yjbJ_predicted,0.21212121212121213,38,32,GCCTGGGATCCTCAGTAGGT,6,5014075
yjbJ_predicted,0.45454545454545453,46,32,GAGGCAAATGTTTTTCATAG,14,5028825
yjbJ_predicted,1.5454545454545454,82,32,CTCCCCCAAAGGTCCTGCGT,50,5007147
yjbJ_predicted,0.8484848484848485,59,32,CTACAATGTTTCATCGCCTC,27,5021842
yjbJ_predicted,0.42424242424242425,45,32,CGCCGGTTCCTACTTAGCAT,13,5010322
yjbJ_predicted,0.5151515151515151,48,32,CCCGAACGGCTCACAACCTC,16,4998555
yjbJ_predicted,0.8484848484848485,59,32,CCAAAAGTTTGCATTACGTT,27,4994878
yjbJ_predicted,1.2424242424242424,72,32,CATACCCGAGGTATTTCTTT,40,5003882
yjbJ_predicted,0.7575757575757576,56,32,CAACTACAGCGTCGCGATAC,24,5025974
yjbJ_predicted,1.303030303030303,74,32,ATCAAGATGGCCCAGGGTCT,42,5000201
yjbJ_predicted,0.2727272727272727,40,32,AGGCCATTGCTACGGGCAGC,8,5010187
yjbJ_predicted,0.45454545454545453,46,32,AGGACTACCCCCACTTAAAG,14,5008910
yjbJ_predicted,0.09090909090909091,34,32,AGGAAAGGGCGTCGGTACCT,2,5005072
yjbJ_predicted,0.45454545454545453,46,32,AGCTCGGTTGAGAACAGACA,14,5021753
yjbJ_predicted,0.18181818181818182,37,32,ACTCGAATAGACTCGTTAAT,5,5003198
yjbJ_predicted,1.121212121212121,68,32,ACCCCCAGTGCGCAGGCCGT,36,5013458
yjbJ_predicted,0.9090909090909091,61,32,ACAACTGGCGCATTGCTTTG,29,5000163
yjbJ_predicted,0.18181818181818182,37,32,AATCGTAGCCTTATAGGAAT,5,5015337
yjbJ_predicted,0.4375,44,31,TATAGGGAACTGTTGAGAGA,13,5004889
yjbJ_predicted,0.53125,47,31,TAGGGCGCTTGTGTCTCCAA,16,5006442
yjbJ_predicted,0.34375,41,31,TAGGATAGCCCTTCGCCGAA,10,5017407
yjbJ_predicted,0.875,58,31,TACTGTTCTGGGTTGGTTTT,27,5009765
yjbJ_predicted,1.15625,67,31,TACATTCGTCGGGGGGTTAA,36,4997546
yjbJ_predicted,0.5625,48,31,GTGAGGCCGAAGGTCGTGAT,17,5013821
yjbJ_predicted,0.3125,40,31,GGTCATATCTAAGTGGTCTT,9,5018157
yjbJ_predicted,0.59375,49,31,GGGACCCCTGTCCCCCGTGT,18,4999841
yjbJ_predicted,0.46875,45,31,GGATGGCCTGTCGGTCTTGC,14,5008751
yjbJ_predicted,1.5,78,31,GCGTCTGGCGTTACCATGAT,47,5019170
yjbJ_predicted,0.71875,53,31,GCGTACATAGGAGCTTGCTG,22,5000168
yjbJ_predicted,0.1875,36,31,GCGAGATAACCCGTAGGAGT,5,5019061
yjbJ_predicted,0.53125,47,31,GATTCATTGCGGCGTTACGC,16,5022324
yjbJ_predicted,0.3125,40,31,GAGTTGCGCATTTTTGCACT,9,5004387
yjbJ_predicted,0.40625,43,31,GAGTAGCGCCGGAACAAGGT,12,5007121
yjbJ_predicted,0.40625,43,31,GAGATGCGTAGAGGGCCTAT,12,5001918
yjbJ_predicted,0.1875,36,31,CTTAAAATGGTACTCTAAAC,5,5024416
yjbJ_predicted,0.0625,32,31,CTGGAACTATATGGATTTTA,1,5009861
yjbJ_predicted,0.53125,47,31,CTAACCTCCACTAAGGTCGT,16,4998489
yjbJ_predicted,0.5,46,31,CGTATTGTGCATGTGTCGCC,15,4996943
yjbJ_predicted,0.1875,36,31,CGGTTGCGTGCTGTCCCTTG,5,5001627
yjbJ_predicted,0.53125,47,31,CGCGTAGGCTTAAACAGACA,16,5021657
yjbJ_predicted,0.375,42,31,CGAGAAATGGCACCGACCCT,11,5005183
yjbJ_predicted,0.46875,45,31,CGACTCGATAGATCATCGCT,14,5002316
yjbJ_predicted,0.3125,40,31,CGACTCCACGAAGGTCAAAA,9,4998278
yjbJ_predicted,1.28125,71,31,CAGTAGCGTTCACATGGTGC,40,4996562
yjbJ_predicted,0.4375,44,31,CACAGGCCCCTTTCAAATCA,13,4998460
yjbJ_predicted,0.40625,43,31,CAAACAAACAGCTTCTTGCA,12,5013635
yjbJ_predicted,0.46875,45,31,ATTAATACAGGGGCAACCTG,14,5013146
yjbJ_predicted,1.375,74,31,AGCTCTACACTGGTACCACA,43,5012434
yjbJ_predicted,0.40625,43,31,AGCGGAATGGCGCGGATGAT,12,5015081
yjbJ_predicted,0.28125,39,31,AGAGGGAATTATATCGAAGC,8,5018203
yjbJ_predicted,0.5625,48,31,ACTCGAGTAATGGGGAGAGA,17,4998590
yjbJ_predicted,0.0625,32,31,ACACGTAACATACATGGTTG,1,4997094
yjbJ_predicted,0.0625,32,31,ACAATTACGTACTGTATAGG,1,4995872
yjbJ_predicted,0.6875,52,31,AAATCAAGGCCATTCGCCAC,21,5021157
yjbJ_predicted,0.6129032258064516,48,30,TTTGCTTTCACCACATGAAT,18,4997272
yjbJ_predicted,0.4838709677419355,44,30,TTACCTTGGATTATAAGGGG,14,5028598
yjbJ_predicted,0.7096774193548387,51,30,TTACATAAGCGGTGATCATT,21,5001062
yjbJ_predicted,0.967741935483871,59,30,TGGGATTGTAAGATTGTCAC,29,5030370
yjbJ_predicted,0.45161290322580644,43,30,TGACACGATCGGTACTAAGA,13,5000604
yjbJ_predicted,0.8709677419354839,56,30,TACAATTCGAACGTGCGCTA,26,5017590
yjbJ_predicted,0.3225806451612903,39,30,TAAGAACGTTTCGATTCGCC,9,5017772
yjbJ_predicted,0.7419354838709677,52,30,GTTCGTAGTCAGCGTCCTGA,22,5000851
yjbJ_predicted,0.8387096774193549,55,30,GTCTGCAGCAGACGATCTTG,25,5014299
yjbJ_predicted,0.7096774193548387,51,30,GTCGGCGACCTCGTAGAAGA,21,4996417
yjbJ_predicted,2.903225806451613,119,30,GTCCGTTATTTCCGTCAGGT,89,5002400
yjbJ_predicted,1.4193548387096775,73,30,GGCATACTCCACGATTGCGT,43,5003609
yjbJ_predicted,0.6774193548387096,50,30,GGAGCCCGCAAGACGCGAAA,20,5011890
yjbJ_predicted,0.6774193548387096,50,30,GCATGGTAATCGCGGCCCAA,20,5024013
yjbJ_predicted,0.6774193548387096,50,30,GCAAAGTGGGATCAGAGACG,20,5010463
yjbJ_predicted,0.1935483870967742,35,30,GAGTGCAGTTGGAGTTAGTT,5,5021796
yjbJ_predicted,0.6774193548387096,50,30,GAGCAACACGAGCCAGTCCG,20,5005222
yjbJ_predicted,0.45161290322580644,43,30,CTCGGATACTAACTAGGGAT,13,5002947
yjbJ_predicted,0.5483870967741935,46,30,CGTAAGTGCACAGTCTGACT,16,5013167
yjbJ_predicted,0.5483870967741935,46,30,CGGTCACTTCAACGTCGGAA,16,5024166
yjbJ_predicted,0.0967741935483871,32,30,CGCGCTTTCGTGGAACATGA,2,4998349
yjbJ_predicted,0.45161290322580644,43,30,CGATTACACCACTGTGTTGG,13,5010346
yjbJ_predicted,0.45161290322580644,43,30,CCTTTATCTTCCGTAGTCTT,13,4999724
yjbJ_predicted,0.16129032258064516,34,30,CCACCTAGAGGTAACTCGAA,4,5009386
yjbJ_predicted,0.16129032258064516,34,30,CATACTATATCGCATCAAAT,4,5018227
yjbJ_predicted,1.4516129032258065,74,30,CAAGCAGGGTGCGTTCGTGA,44,5018246
yjbJ_predicted,0.4838709677419355,44,30,ATTCGTAGCTAGTCGCGGTT,14,4995200
yjbJ_predicted,0.25806451612903225,37,30,ATCAGAATTCACGAACTGGA,7,5002988
yjbJ_predicted,0.3548387096774194,40,30,ATACACTAGCTCATCAATAT,10,5019553
yjbJ_predicted,0.6129032258064516,48,30,AGGGGCATGTTAACATTGGT,18,4997718
yjbJ_predicted,0.5483870967741935,46,30,AGGCAATCGGGGCTTTACTA,16,4999839
yjbJ_predicted,0.8709677419354839,56,30,AGAGACCTAGCGCGACTTGA,26,4997515
yjbJ_predicted,0.6774193548387096,50,30,AGAAGTAAGACAATGTTATT,20,5003363
yjbJ_predicted,0.5483870967741935,46,30,ACTTCCGGTATGAAGGCTCC,16,5028489
yjbJ_predicted,0.06451612903225806,31,30,ACTGTTGCGATTCATTTTGT,1,5002009
yjbJ_predicted,0.45161290322580644,43,30,ACGTTCATTCATGGGCTCTT,13,5024107
yjbJ_predicted,0.967741935483871,59,30,ACGTACTGGGAGGGGATCAT,29,5013261
yjbJ_predicted,0.5806451612903226,47,30,ACGGTGAGGAGAACTGTGGC,17,4997479
yjbJ_predicted,1.032258064516129,61,30,AATGACCAACAAGCCTGAAT,31,5022495
yjbJ_predicted,0.45161290322580644,43,30,AAGGCGAAATCGGCCCTACG,13,5025018
yjbJ_predicted,0.8064516129032258,54,30,AACCACGGCAGGGAGGGGCA,24,5000684
yjbJ_predicted,0.06451612903225806,31,30,AAAACCGCCAAGCGCCAGAT,1,5021387
yjbJ_predicted,1.5333333333333334,74,29,TTCACCATAAACAGCCTAAG,45,5023078
yjbJ_predicted,0.3,37,29,TGTCGGAGCATCTGCGGCAG,8,5018032
yjbJ_predicted,0.2,34,29,TGCTACACCGCTGAGTTACT,5,5001867
yjbJ_predicted,0.8333333333333334,53,29,TGCATCGACTGATACTAGAC,24,5029876
yjbJ_predicted,0.7,49,29,TCGGAACCGGTGCAATCGGT,20,5008359
yjbJ_predicted,0.06666666666666667,30,29,TCGCATTACGCGAAGTCTTA,1,5004011
yjbJ_predicted,0.8,52,29,TCAGGCTCAAGAGAATCGGC,23,5008837
yjbJ_predicted,0.43333333333333335,41,29,TATTGAACCTCCATGGAGTA,12,5028622
yjbJ_predicted,0.23333333333333334,35,29,TAGGTCCCTTCGCAACTACT,6,5007491
yjbJ_predicted,0.06666666666666667,30,29,TAGACTAGAGAGATTTGATG,1,5003276
yjbJ_predicted,0.36666666666666664,39,29,TACTATATCCCATTAATAGT,10,4998574
yjbJ_predicted,0.7,49,29,TAAAAAGACCTATGGGGAAT,20,5008455
yjbJ_predicted,0.4666666666666667,42,29,GTTATACCGGTCTTGGATAG,13,5006314
yjbJ_predicted,1.2,64,29,GTCAATTTGCCATCGGGGAT,35,5008338
yjbJ_predicted,0.6,46,29,GTATCATGAGGGCCAGATTT,17,5023879
yjbJ_predicted,1.5333333333333334,74,29,GTAGGGCTAAGGTGCTAGGT,45,5001585
yjbJ_predicted,0.7666666666666667,51,29,GGCCCTCGCTCAGACCTAGG,22,4999634
yjbJ_predicted,0.3333333333333333,38,29,GCTCTCAATCCGACTCCAGA,9,5025632
yjbJ_predicted,1.3666666666666667,69,29,GCAGAAATCCGTTTCACCTG,40,4999637
yjbJ_predicted,0.5,43,29,CTCAGATTGAATATATTGCC,14,5019474
yjbJ_predicted,0.6333333333333333,47,29,CTATAGAATCTGTGGAGCGT,18,5008361
yjbJ_predicted,0.23333333333333334,35,29,CGTTGTAGACTACGGATGTT,6,5023353
yjbJ_predicted,0.16666666666666666,33,29,CGGTTGAAAGTCTCAGACGA,4,5008987
yjbJ_predicted,0.7,49,29,CGCATCCCTCGCGACACCCC,20,4999721
yjbJ_predicted,0.7666666666666667,51,29,CGATTCGGGACCACCCTCCA,22,5022915
yjbJ_predicted,0.5,43,29,CCGGGTATTCTTCGGCTGTC,14,5000840
yjbJ_predicted,0.3,37,29,CCGGCTTACAGCCGTCATGT,8,5013453
yjbJ_predicted,1.2,64,29,CATGTACGTCGTGTGACTTA,35,5007307
yjbJ_predicted,0.8666666666666667,54,29,CACGGTAGACCTGAACAGCA,25,5004360
yjbJ_predicted,0.6666666666666666,48,29,CACATTTGTAATACTTCATA,19,5025315
yjbJ_predicted,1.0666666666666667,60,29,CAAATAAAGAGTCATCCAAC,31,5006244
yjbJ_predicted,0.3,37,29,ATTTCTGCCGTGACGCAGAA,8,5013487
yjbJ_predicted,0.43333333333333335,41,29,ATTTACACGCGATGTCCGGG,12,5011645
yjbJ_predicted,0.5333333333333333,44,29,ATTGCAACCTTCGCAACCTA,15,5001624
yjbJ_predicted,0.4666666666666667,42,29,ATGTTATGTAATTTAGAGTA,13,5004961
yjbJ_predicted,0.16666666666666666,33,29,ATAGCGGGTGGTCAACCAAA,4,5023128
yjbJ_predicted,0.26666666666666666,36,29,AGGGAAGATACAGCCCCGTA,7,5019902
yjbJ_predicted,0.2,34,29,AGACCATTTCGTTTCTTACG,5,5025279
yjbJ_predicted,0.13333333333333333,32,29,ACTTAGCAGGACTCGTGACA,3,5017398
yjbJ_predicted,1.5,73,29,ACGGGTAGGTTACTATGCTG,44,5026633
yjbJ_predicted,0.5,43,29,ACCGGTCCCAACGTGCTGAC,14,5027908
yjbJ_predicted,1.3333333333333333,68,29,ACCGAGATATGCGCCCTAGC,39,5000481
yjbJ_predicted,0.5666666666666667,45,29,AACCTCTTAGACCTGACCAT,16,5011722
yjbJ_predicted,0.7666666666666667,51,29,AACCAGACGGTCCCCCAGCA,22,5002601
yjbJ_predicted,0.3448275862068966,37,28,TTGTTGCGCAACAATAGATC,9,5020066
yjbJ_predicted,0.2413793103448276,34,28,TTACACTCGTGGATCGTTGA,6,4996584
yjbJ_predicted,0.4482758620689655,40,28,TGTGCCATTATTCCTCATTC,12,5025737
yjbJ_predicted,0.5172413793103449,42,28,TGTGCCATCGTCATAGTACA,14,5015697
yjbJ_predicted,0.7931034482758621,50,28,TGGTTTCCCCAATTTGACAT,22,5017931
yjbJ_predicted,0.5862068965517241,44,28,TGGTAACCCTTCTTAATAGG,16,5019820
yjbJ_predicted,0.41379310344827586,39,28,TGGACACACGATATCGACGT,11,5021718
yjbJ_predicted,1.0344827586206897,57,28,TGCCTTGCGGCTTCATCTAA,29,5011497
yjbJ_predicted,0.1724137931034483,32,28,TGCACCTCTGGGCACCACCT,4,5003801
yjbJ_predicted,0.6551724137931034,46,28,TGACATCCACCGTTGGATCC,18,5008461
yjbJ_predicted,0.3103448275862069,36,28,TGAATGGACCTTGTATTTAT,8,5005986
yjbJ_predicted,0.06896551724137931,29,28,TGAAATCAGTTCTCCACTGT,1,5001092
yjbJ_predicted,0.3103448275862069,36,28,TCGATCTGATTCGGCCCGAT,8,4996486
yjbJ_predicted,0.1724137931034483,32,28,TCCAGCCGTCAAGTGAGGTG,4,5028720
yjbJ_predicted,0.6206896551724138,45,28,TATGTGTTGGTATCGCGTTA,17,5011273
yjbJ_predicted,1.1379310344827587,60,28,TATGAGTTATCTTTCACCAA,32,5000841
yjbJ_predicted,0.27586206896551724,35,28,TAGCATTTTACCAAGGGTAG,7,4995609
yjbJ_predicted,0.8275862068965517,51,28,TAGAGTTTTGAGTTAGTTTA,23,5000108
yjbJ_predicted,0.06896551724137931,29,28,TAACGCATCTGACACCTTGG,1,5010534
yjbJ_predicted,0.20689655172413793,33,28,TAACATATCACAAGCGCTCT,5,5008358
yjbJ_predicted,0.8620689655172413,52,28,GTCTTAGTTGTCGCTTCGTA,24,5019759
yjbJ_predicted,0.5862068965517241,44,28,GTCTTAGGGAGTTCCGCAGT,16,5014581
yjbJ_predicted,1.1379310344827587,60,28,GGTCATAGAAGATTCTCTTC,32,5027265
yjbJ_predicted,0.3103448275862069,36,28,GGTCAGGAGGCTAATTTTCG,8,4997078
yjbJ_predicted,0.3103448275862069,36,28,GGGGGGCACGGCCTGGCGCA,8,5014283
yjbJ_predicted,0.5517241379310345,43,28,GGGAAGAAAGGTGGAGTTGT,15,5015983
yjbJ_predicted,1.4482758620689655,69,28,GCTGGCCCTGGTTGAGCGGT,41,5019387
yjbJ_predicted,1.896551724137931,82,28,GCCCGGTAGCCAACCTACTA,54,5014016
yjbJ_predicted,0.7586206896551724,49,28,GCAAGGCTTTGTCTGTAGGT,21,4996481
yjbJ_predicted,0.13793103448275862,31,28,GAGTTGGATCACCATCATCA,3,5016810
yjbJ_predicted,0.4482758620689655,40,28,GAGAATTGGATCTTGTCCTA,12,5008504
yjbJ_predicted,0.3793103448275862,38,28,GACTCCTCCGGTAATCGGAA,10,5015471
yjbJ_predicted,0.6206896551724138,45,28,CTTCACCAATGGTACCAATC,17,5009633
yjbJ_predicted,0.7241379310344828,48,28,CTTAGGTAAGGCCAGAGACT,20,5028800
yjbJ_predicted,0.5862068965517241,44,28,CGTTGTAGCTGGGCGCCACC,16,4995719
yjbJ_predicted,0.5172413793103449,42,28,CGGTGCCTGGCAGTTGTCAA,14,5013659
yjbJ_predicted,0.7241379310344828,48,28,CGGTCGTCATTATCCGATAT,20,5006027
yjbJ_predicted,0.3448275862068966,37,28,CGGGCGAGAGCCCGATAGCA,9,5003320
yjbJ_predicted,0.41379310344827586,39,28,CGGAAAATATTCTTACCCAA,11,5026879
yjbJ_predicted,0.896551724137931,53,28,CGCGACCTCGGAGCTCTAAA,25,5023043
yjbJ_predicted,0.8620689655172413,52,28,CGACGCAATAGCTGCAGAAG,24,5027633
yjbJ_predicted,0.4482758620689655,40,28,CCGATACCCACAGGCGTAGG,12,5011855
yjbJ_predicted,0.3103448275862069,36,28,CCCTCTTCAGCACGGAATTC,8,5010479
yjbJ_predicted,0.10344827586206896,30,28,CCCATGCCTGACAATCATAT,2,5009469
yjbJ_predicted,0.3103448275862069,36,28,CCACAACAGTCCGGAGCACA,8,5016031
yjbJ_predicted,0.6551724137931034,46,28,CACACAGAAGACAAGGGCAT,18,5028673
yjbJ_predicted,0.06896551724137931,29,28,ATTATAGATGTATCTCTAAT,1,5019712
yjbJ_predicted,1.1724137931034482,61,28,ATAGGAGGAGTTAGATAATA,33,5029564
yjbJ_predicted,0.06896551724137931,29,28,ATACGAGGAGGCCTTGCAAC,1,5021541
yjbJ_predicted,1.3793103448275863,67,28,AGTATATTGAGATACCGGGA,39,5013916
yjbJ_predicted,1.6896551724137931,76,28,AGGTAGTTGACAACCGTCGT,48,4999082
yjbJ_predicted,0.5517241379310345,43,28,AGCACGCGAACAATCAGTCT,15,5014286
yjbJ_predicted,0.6206896551724138,45,28,AGACCTGCGCCATTGGGAAA,17,5022219
yjbJ_predicted,0.6206896551724138,45,28,ACATGCAATATGCGGTTGCA,17,4998348
yjbJ_predicted,1.0689655172413792,58,28,AATTGTTCGACTGTCCTTGC,30,5003452
yjbJ_predicted,0.8275862068965517,51,28,AAGCTCAAAGGCAACCCTTT,23,5007941
yjbJ_predicted,0.06896551724137931,29,28,AAGCACGGACTTGTAACAAA,1,5027855
yjbJ_predicted,0.2857142857142857,34,27,TTTTGATAGTGGCCGGTGGC,7,5012702
yjbJ_predicted,0.5,40,27,TTTCGACGCCTATGAGTGAA,13,5027782
yjbJ_predicted,0.32142857142857145,35,27,TTGTTTGCTTAGCATTCTAC,8,5002048
yjbJ_predicted,0.17857142857142858,31,27,TTCTTGGGATGGAACTCCGA,4,5005083
yjbJ_predicted,1.3928571428571428,65,27,TGTGACTACGTAAAATCGGT,38,4998572
yjbJ_predicted,0.42857142857142855,38,27,TCTTCTGCAGACTTTTGTAT,11,5012906
yjbJ_predicted,0.5,40,27,TCGAACATGATGGATTTCGT,13,5003615
yjbJ_predicted,0.07142857142857142,28,27,TCCCTACGCGCCGCAGAGCT,1,4996652
yjbJ_predicted,0.8214285714285714,49,27,TCCAGCGCAGGTTTTCCCCG,22,4998551
yjbJ_predicted,0.7857142857142857,48,27,TATTTTCAGCACCTATTCTA,21,5008725
yjbJ_predicted,0.8214285714285714,49,27,TATTTCGCTTAGGAAGTTTC,22,5027103
yjbJ_predicted,0.25,33,27,TAGCGTCTTCCAAAGATGCT,6,5013111
yjbJ_predicted,0.8214285714285714,49,27,TACGTTAACGTTGCATAAGA,22,5020214
yjbJ_predicted,0.35714285714285715,36,27,GTCTTAGCACGGTCTTAGAA,9,5019582
yjbJ_predicted,0.6785714285714286,45,27,GTCGGACGTACGTAGAGGAG,18,5019288
yjbJ_predicted,0.8214285714285714,49,27,GTCGAGAGGTTGGACCCTAA,22,5000696
yjbJ_predicted,0.32142857142857145,35,27,GTCCAGGGCACCCCTTATAT,8,5020282
yjbJ_predicted,1.25,61,27,GTATCTAGGCCCCCTAAAAT,34,5023845
yjbJ_predicted,0.7142857142857143,46,27,GTAAGAAAGAGCACCAGATG,19,4998086
yjbJ_predicted,0.14285714285714285,30,27,GGTTGACGTCAAATGCCTAT,3,5025770
yjbJ_predicted,0.5714285714285714,42,27,GGTATGTACGAGGTCCATAC,15,5019313
yjbJ_predicted,0.17857142857142858,31,27,GGGTTTCTGTCTTCCAGTCC,4,4995510
yjbJ_predicted,0.4642857142857143,39,27,GGCATTATAACTATTCACAA,12,5003718
yjbJ_predicted,1.6428571428571428,72,27,GCTGATCTGAGCTTCTTTCC,45,5005959
yjbJ_predicted,0.6428571428571429,44,27,GCCAAGTGGTGATATCTCCA,17,5026370
yjbJ_predicted,0.35714285714285715,36,27,GCAAATGTGGTTACTGTGGT,9,5006906
yjbJ_predicted,1.6428571428571428,72,27,GACTTGTGATGAGCACCTGC,45,5000319
yjbJ_predicted,0.8214285714285714,49,27,GACGCGGCCACGGTATGATG,22,5007967
yjbJ_predicted,0.35714285714285715,36,27,GAATGGGACGAGCGACGGAT,9,5009708
yjbJ_predicted,0.6428571428571429,44,27,GAAGTCACATGGTCCTGATG,17,4997742
yjbJ_predicted,0.10714285714285714,29,27,GAACATGGGCGCTCTGATTC,2,5012850
yjbJ_predicted,0.4642857142857143,39,27,CTTCTCAATGAGTGTGCTTG,12,5004596
yjbJ_predicted,0.9285714285714286,52,27,CTCGATCACACGGGGGAACA,25,5001830
yjbJ_predicted,0.7857142857142857,48,27,CTCATCCAACAACTGAATCA,21,5021604
yjbJ_predicted,0.6428571428571429,44,27,CTCACTATGCCGGCTAATGC,17,5000869
yjbJ_predicted,0.07142857142857142,28,27,CTCAAAGCGGTACTGTCAAG,1,5004868
yjbJ_predicted,0.5,40,27,CTACCGAAAGCCGCCGCTAA,13,5007264
yjbJ_predicted,0.7142857142857143,46,27,CGGGTAAGTAGAGTTGTCGT,19,5029464
yjbJ_predicted,0.32142857142857145,35,27,CGAACACCAGAGGTGTTCGT,8,5024258
yjbJ_predicted,0.35714285714285715,36,27,CCGCCGTAAGCCCATACTAA,9,5013997
yjbJ_predicted,1.2857142857142858,62,27,CCGAGTTGTTGGATCACGAA,35,5001836
yjbJ_predicted,0.21428571428571427,32,27,CCCGCTAGATTGGGAACCAA,5,4996663
yjbJ_predicted,0.6071428571428571,43,27,CAGAGGGCAAAAGAATGGTA,16,5012730
yjbJ_predicted,0.6428571428571429,44,27,CAGAATCAATAGTCCCTTAA,17,5029568
yjbJ_predicted,0.7142857142857143,46,27,ATTAGCCCACCACCTAATCG,19,4998235
yjbJ_predicted,0.7142857142857143,46,27,ATCCTCGACAATATCTGGGG,19,5030184
yjbJ_predicted,0.10714285714285714,29,27,ATATCCTCGGGTTAAGACCA,2,5026730
yjbJ_predicted,0.7142857142857143,46,27,AGGCGCAAAGCGGCAGAAGG,19,5024279
yjbJ_predicted,0.6785714285714286,45,27,AGGATTAACAGAAGAGAGAG,18,5028821
yjbJ_predicted,0.5357142857142857,41,27,AGCATACCGCCTAGACCATA,14,5010381
yjbJ_predicted,1.8928571428571428,79,27,AGACTTAGCACTCTCGTTTG,52,5019885
yjbJ_predicted,1.5,68,27,AGACCCGAGATCCTTGTAAT,41,4998873
yjbJ_predicted,1.7857142857142858,76,27,ACTCCATCGACGATTAATTG,49,5015626
yjbJ_predicted,0.17857142857142858,31,27,ACGCGTGGCCGCCTGGGATG,4,5029188
yjbJ_predicted,0.42857142857142855,38,27,ACGCGCAGCACGAGCTCAAG,11,5026993
yjbJ_predicted,0.8571428571428571,50,27,ACGCGACACGTTGTGCGTTA,23,5027941
yjbJ_predicted,0.75,47,27,ACATACGCTCACAGACTTGT,20,4995575
yjbJ_predicted,0.07142857142857142,28,27,AATTAAGTCACATTGCGTAC,1,4996723
yjbJ_predicted,0.7857142857142857,48,27,AATGTGGCAAAAGTTCGTTA,21,5015402
yjbJ_predicted,0.7857142857142857,48,27,AATGCGTAAAAAACGCTGGT,21,5013983
yjbJ_predicted,1.3571428571428572,64,27,AATGAGGTGCTTATCGCTCA,37,5018623
yjbJ_predicted,0.6071428571428571,43,27,AATAAGGCAGCATCCATTTG,16,5023478
yjbJ_predicted,1.5357142857142858,69,27,AACCGGTCTTCATGTCGATT,42,5028401
yjbJ_predicted,1.25,61,27,AAAGTTGCTATGTCCGGCTT,34,4997054
yjbJ_predicted,0.39285714285714285,37,27,AAACCATTACAGTCCCAAAA,10,5000202
yjbJ_predicted,0.3333333333333333,34,26,TTTTGGACCGGAAACTGTAA,8,5019184
yjbJ_predicted,0.6666666666666666,43,26,TTGCTGTAACCGCTGATTGA,17,5003734
yjbJ_predicted,0.5555555555555556,40,26,TTCTAACTCCTCCACTTAAT,14,5015386
yjbJ_predicted,0.5185185185185185,39,26,TTCAAAAGCGGGACTTCGAG,13,5004251
yjbJ_predicted,0.7407407407407407,45,26,TTATAGGTGTAAATGACCTG,19,5005495
yjbJ_predicted,0.8518518518518519,48,26,TTAAAGATTTGTCGCCCTAA,22,4997182
yjbJ_predicted,0.14814814814814814,29,26,TGTAAAGAACTGTCGTTACA,3,5001430
yjbJ_predicted,0.2222222222222222,31,26,TGGGTGTATCTGGATGTCTG,5,5023240
yjbJ_predicted,0.07407407407407407,27,26,TGGGGCACTCGCACACACTA,1,5018989
yjbJ_predicted,0.2222222222222222,31,26,TGGCCGCCGGAGAGCGGCAA,5,5017533
yjbJ_predicted,0.6666666666666666,43,26,TGCAGGAATGGATTAGCGTT,17,5006845
yjbJ_predicted,0.48148148148148145,38,26,TCTTAGCACCGCGACTGGGT,12,5015099
yjbJ_predicted,0.5185185185185185,39,26,TCGGACACAGCCCTCCGGTA,13,5012769
yjbJ_predicted,0.1111111111111111,28,26,TCCTACAATCTGCGAAATGA,2,5025198
yjbJ_predicted,0.5925925925925926,41,26,TCACATACGGAGGTCAGTCG,15,5012680
yjbJ_predicted,0.18518518518518517,30,26,TATGGGACTTTCGCTCCCTT,4,5002723
yjbJ_predicted,0.18518518518518517,30,26,TAGGATTACACTATAAGCAA,4,5017870
yjbJ_predicted,0.9259259259259259,50,26,TAGCAAAGTAGCATGCTGCA,24,5005172
yjbJ_predicted,0.4074074074074074,36,26,TACTGTTCCATTACAATACG,10,5011315
yjbJ_predicted,0.07407407407407407,27,26,TACTAAAGGACATGTGTAGT,1,5009117
yjbJ_predicted,0.9629629629629629,51,26,GTCCGACCGGCACACAGCCC,25,5022888
yjbJ_predicted,0.48148148148148145,38,26,GTACTGCCTACGGAATTGCA,12,5017236
yjbJ_predicted,0.1111111111111111,28,26,GGTCTACATGAGTCCCGAGA,2,5004677
yjbJ_predicted,0.48148148148148145,38,26,GGGAGCATCCTCAAATCGAC,12,4994965
yjbJ_predicted,0.8148148148148148,47,26,GCCTGTGTCAACTTCCTAGG,21,5011137
yjbJ_predicted,0.5185185185185185,39,26,GCCATATCCGAAACGAGTAC,13,5026090
yjbJ_predicted,0.4074074074074074,36,26,GCATTTGCATTAGGTGCCAT,10,5028975
yjbJ_predicted,1.5925925925925926,68,26,GAGTATGTTACGTACCTCTG,42,5030638
yjbJ_predicted,0.37037037037037035,35,26,GACTGTGAGTAGCCAGTCCA,9,5003735
yjbJ_predicted,0.4074074074074074,36,26,GACTATGACAACAAGGGCAA,10,5014085
yjbJ_predicted,0.07407407407407407,27,26,CTTAGCAAGCCAGGATTCCT,1,5004364
yjbJ_predicted,0.4444444444444444,37,26,CTACGGATCCCCGTGAGGGT,11,4996170
yjbJ_predicted,0.8518518518518519,48,26,CGTCTGGAGTCCCCTAACAT,22,5022412
yjbJ_predicted,0.9259259259259259,50,26,CGGGCTGACTGGGCGCTCAT,24,5020353
yjbJ_predicted,0.25925925925925924,32,26,CGCCTTCTATTCTATGTTGG,6,5017279
yjbJ_predicted,0.37037037037037035,35,26,CGCCCCGCATATAGGATCGC,9,5006178
yjbJ_predicted,0.5555555555555556,40,26,CGACCGGTCGGTTAATAATC,14,4996172
yjbJ_predicted,0.8888888888888888,49,26,CCGGTACGAGTCTAGGATAG,23,5000516
yjbJ_predicted,1.5555555555555556,67,26,CCACTCTATGATGCTGCATC,41,5013660
yjbJ_predicted,1.6296296296296295,69,26,CATTGGCCTTGTCCCTCAAG,43,5011889
yjbJ_predicted,0.14814814814814814,29,26,CATTCCGGTGTCCAGATAGA,3,5017242
yjbJ_predicted,0.7037037037037037,44,26,CATAAGTATGGTATCTTTCT,18,5019665
yjbJ_predicted,0.8148148148148148,47,26,CACTGTATTGGCTGTACCCG,21,5008027
yjbJ_predicted,1.4444444444444444,64,26,ATTCGTGGCTCGAGGCGTCG,38,5017465
yjbJ_predicted,1.8888888888888888,76,26,ATGAGACGTGGAGTATTCGA,50,5025625
yjbJ_predicted,1.2222222222222223,58,26,ATCCGCGCTCCTTCTCGCCC,32,5017094
yjbJ_predicted,0.07407407407407407,27,26,ATCACAGTTAACACTTGGTA,1,4999086
yjbJ_predicted,0.5185185185185185,39,26,ATAATCCTGCATTCGTCATG,13,5007625
yjbJ_predicted,0.25925925925925924,32,26,AGTCGCCGCCGAGCTTAGCT,6,5018328
yjbJ_predicted,0.07407407407407407,27,26,AGCTTAACCCGACTATCTAT,1,5028648
yjbJ_predicted,0.18518518518518517,30,26,ACTGTTCTTGTCGGGACTTC,4,5007692
yjbJ_predicted,0.5925925925925926,41,26,ACGACCTAGCAGCCAGGGAA,15,5012944
yjbJ_predicted,0.8518518518518519,48,26,ACAGCGCAGCCAAACGAGAT,22,5011609
yjbJ_predicted,0.25925925925925924,32,26,AATGATGAGCTTTAAAAGCT,6,4996970
yjbJ_predicted,0.48148148148148145,38,26,AATGAGAGCGACAAATAATA,12,5015434
yjbJ_predicted,0.14814814814814814,29,26,AACAGGATGCAAAGGGACTA,3,5012235
yjbJ_predicted,0.6296296296296297,42,26,AAAGGCGAGAGAGTCACAGA,16,5021112
yjbJ_predicted,0.3076923076923077,32,25,TTTGTGTAGTGTGCAAGACA,7,5004007
yjbJ_predicted,0.5,37,25,TTTGGAGGGGTCTCTGCCCC,12,5030118
yjbJ_predicted,1.1923076923076923,55,25,TTTGATAGAACGATCATCTC,30,5028481
yjbJ_predicted,0.8846153846153846,47,25,TTTCACCATGGCGGGCAAAA,22,4997206
yjbJ_predicted,0.46153846153846156,36,25,TTATTTGACCTACGACGGTT,11,5019083
yjbJ_predicted,0.6538461538461539,41,25,TTAGGGGTTGCTTGCCGAAA,16,5024457
yjbJ_predicted,0.3076923076923077,32,25,TGTGAGACGTTAATTGAGGA,7,5001250
yjbJ_predicted,0.2692307692307692,31,25,TGGCGGGATCTACTAATACA,6,4996173
yjbJ_predicted,0.5769230769230769,39,25,TGATTTGAGCGCTTCGGTAA,14,5002553
yjbJ_predicted,0.5769230769230769,39,25,TGATAGGCCGAATCGTACAG,14,5020118
yjbJ_predicted,0.8846153846153846,47,25,TCTTACTATGTCCGGCCCAA,22,4997303
yjbJ_predicted,0.23076923076923078,30,25,TCTCAAACGAGGGGTTGGAG,5,5025467
yjbJ_predicted,0.11538461538461539,27,25,TCTACTGCGTAATAGGGACA,2,5024394
yjbJ_predicted,0.46153846153846156,36,25,TCTACCCGCAGGATGAATTC,11,5023223
yjbJ_predicted,1.2692307692307692,57,25,TCGCTGACGTAGTTCGCTCC,32,5024281
yjbJ_predicted,0.5,37,25,TCACACGCTGAATCCTCCAG,12,4998443
yjbJ_predicted,0.6538461538461539,41,25,TATACTGGTAGCATGTTCGA,16,5011743
yjbJ_predicted,1.1153846153846154,53,25,TAGAACAAGGTGCGCTCGCA,28,5020002
yjbJ_predicted,0.8461538461538461,46,25,GTGTAGAGCACTTCGAAGAT,21,5003606
yjbJ_predicted,0.11538461538461539,27,25,GGTTGGGTTGCGATTCTTAC,2,5000532
yjbJ_predicted,0.46153846153846156,36,25,GGTAGGTTAGCGCGACCACA,11,5022621
yjbJ_predicted,0.5384615384615384,38,25,GGCTATCCGGAACGTCGTTA,13,5020806
yjbJ_predicted,1.0,50,25,GGCGACGGCCGGTACTAACT,25,5010009
yjbJ_predicted,0.34615384615384615,33,25,GGCCGAGTGGGCGAAAGATG,8,5015077
yjbJ_predicted,0.46153846153846156,36,25,GCTGTCCTTTCATGTAGAGT,11,5007330
yjbJ_predicted,1.1538461538461537,54,25,GCGCTGAGGAATCACGCAGC,29,5002793
yjbJ_predicted,0.11538461538461539,27,25,GATTCGTAATCATAATTGAT,2,5009543
yjbJ_predicted,0.7307692307692307,43,25,GAGGCCTAACCCCGATGACC,18,4997006
yjbJ_predicted,0.5,37,25,GAGGAACAGCGAATACGGCC,12,5028405
yjbJ_predicted,0.46153846153846156,36,25,GAGCAGAGCGGTGTTGCTAT,11,5027189
yjbJ_predicted,0.2692307692307692,31,25,GAATAACGGGAATACAGTAA,6,5000764
yjbJ_predicted,0.7692307692307693,44,25,CTTCCCTCAGACGCTAAGAC,19,5024865
yjbJ_predicted,0.4230769230769231,35,25,CTATCACTATGGATGTCAGG,10,5012939
yjbJ_predicted,0.07692307692307693,26,25,CTAGAGCCGCTGGATGATTT,1,5009832
yjbJ_predicted,0.6538461538461539,41,25,CGTAGAAGAGCAGGATGGAT,16,5003768
yjbJ_predicted,0.5769230769230769,39,25,CGTAAAAGAGTTGGTAAAGA,14,5022604
yjbJ_predicted,0.23076923076923078,30,25,CGGACTGAGTTTATCTTAAT,5,4995177
yjbJ_predicted,2.3846153846153846,86,25,CGCTACCGACGTGAATTAGG,61,5005397
yjbJ_predicted,0.3076923076923077,32,25,CGCGGGTCTGCAGGAGTGTA,7,5025697
yjbJ_predicted,1.9615384615384615,75,25,CGAGGGGTATTAAGAGGCAG,50,5026027
yjbJ_predicted,1.1923076923076923,55,25,CGACCTATCTCCAACACTTT,30,5020941
yjbJ_predicted,0.19230769230769232,29,25,CCTTTTGGGCAGGCATCAAA,4,5023346
yjbJ_predicted,1.7307692307692308,69,25,CCTGGGTAAAGGTTGTAATC,44,5003031
yjbJ_predicted,0.9615384615384616,49,25,CCCCTTTCAAGTTGGGTTAA,24,5008586
yjbJ_predicted,0.5384615384615384,38,25,CCCATCTCAATCGGTATTCT,13,5010781
yjbJ_predicted,0.07692307692307693,26,25,CAGGAAGACCGCAGGCTTGT,1,5023883
yjbJ_predicted,0.5,37,25,CAGCTGTTTGTGTGAGCGCT,12,5016986
yjbJ_predicted,0.8846153846153846,47,25,CACACAGTATCTCTCCTGCA,22,5002325
yjbJ_predicted,0.7692307692307693,44,25,ATTTGCGCGGCAGTAGAACT,19,5018991
yjbJ_predicted,0.7307692307692307,43,25,ATCACGGGGGTACGGTGTGG,18,5004759
yjbJ_predicted,0.9615384615384616,49,25,ATCACCATTTGAACGTTGAT,24,5019021
yjbJ_predicted,0.23076923076923078,30,25,ATACAAAATCAATTGGAATG,5,5024924
yjbJ_predicted,1.0,50,25,AGTCTGAGTGTCATTGTTTC,25,5004564
yjbJ_predicted,0.4230769230769231,35,25,AGAATCACAAGGTAGGCCAA,10,4999604
yjbJ_predicted,0.38461538461538464,34,25,ACGTATCAGGCCTTCGTTTC,9,5024380
yjbJ_predicted,0.6923076923076923,42,25,ACAGTTGCACTAGAGCTCAA,17,5015247
yjbJ_predicted,0.9230769230769231,48,25,ACACAACAGAGAATTCATAT,23,5014785
yjbJ_predicted,1.3076923076923077,58,25,AATCTCCTCTACAATAAGAT,33,5010079
yjbJ_predicted,0.7692307692307693,44,25,AATCCACTGCGGGGTTGTGA,19,5010808
yjbJ_predicted,0.2692307692307692,31,25,AACCAGTTAAGTACCACAGG,6,5020938
yjbJ_predicted,0.64,39,24,TTGTATAATAGATCTTTCGC,15,5006799
yjbJ_predicted,0.32,31,24,TTAGAAATTTAGTAAGTACT,7,4997825
yjbJ_predicted,0.2,28,24,TGTGCGGTTCATCAACACGC,4,5001799
yjbJ_predicted,0.08,25,24,TGTCGCGAAGTTTTGGCGGT,1,5004003
yjbJ_predicted,0.52,36,24,TGTCCGTCGGTCTGGAAACG,12,5029556
yjbJ_predicted,1.84,69,24,TGGCAATTATCCCGCTCTAT,45,4998950
yjbJ_predicted,0.24,29,24,TCTGGGTCTTTGTGCCCAAT,5,5015998
yjbJ_predicted,0.4,33,24,TCTATCTGTGGTCCAGCCAG,9,5004992
yjbJ_predicted,0.08,25,24,TCGCTATGACATAGCGCTGT,1,5006203
yjbJ_predicted,0.88,45,24,TCCTGTACTGGGTTTGTCAC,21,4996216
yjbJ_predicted,0.08,25,24,TCCCGGCCAGTGTGACACGC,1,5004002
yjbJ_predicted,0.96,47,24,TCAAGGACCTGGTGCCCGAC,23,5024608
yjbJ_predicted,0.44,34,24,GGGGGATAGTCCTTCAAATA,10,5007627
yjbJ_predicted,0.36,32,24,GGGAGTGGCGAAAAAGAATT,8,5016045
yjbJ_predicted,0.68,40,24,GGCGACTGATAAACGACTAC,16,5000624
yjbJ_predicted,1.04,49,24,GGCACAATTCTACAAACTAG,25,5006181
yjbJ_predicted,0.32,31,24,GGAGCGACCAGGGAATAGGT,7,5025399
yjbJ_predicted,1.36,57,24,GCCTGTTATCAACTACCGCT,33,5029682
yjbJ_predicted,0.4,33,24,GCATCCCTTCTCTGCTACGA,9,4997037
yjbJ_predicted,0.16,27,24,GCAGGTTCATGTTAGGGGAA,3,5003940
yjbJ_predicted,0.08,25,24,GCAGCCCAGTACCAGTGATT,1,4998790
yjbJ_predicted,0.96,47,24,GATTGGACCGATACATACAG,23,5010163
yjbJ_predicted,0.6,38,24,GAGGTGTTCTGCACATAAGT,14,5012470
yjbJ_predicted,0.8,43,24,GAGGGTCACATCAGCCCCTC,19,5020782
yjbJ_predicted,0.12,26,24,GAAACGCCCCGTTCCCCTTC,2,4995276
yjbJ_predicted,0.08,25,24,CTTGTAAAGGGGCTTCAACG,1,5018576
yjbJ_predicted,0.44,34,24,CTGGTGCCGAAAAAGCTGAA,10,5030551
yjbJ_predicted,0.44,34,24,CTGGGGACGGCACCGGTAAA,10,5014275
yjbJ_predicted,0.64,39,24,CGTGGTCTGGGCATTATTGA,15,4994950
yjbJ_predicted,0.76,42,24,CGGGTCGCGATCGATGCTAA,18,5009353
yjbJ_predicted,0.28,30,24,CGCGTCGGTTGCTAGCTATA,6,4995967
yjbJ_predicted,0.56,37,24,CGCCCAGAACTTCACAGATA,13,4998014
yjbJ_predicted,0.84,44,24,CCGTTCGACACCGGTCTCCT,20,5030433
yjbJ_predicted,0.88,45,24,CCCGTGAGGGCGCAGCAGGG,21,5016391
yjbJ_predicted,0.56,37,24,CCCGTAGAAGGTTTTCTGTT,13,5007585
yjbJ_predicted,1.0,48,24,CCCATCGAAGGGATACCTCT,24,5013370
yjbJ_predicted,0.36,32,24,CCAAGTTTATCGGCTAAAAA,8,5005978
yjbJ_predicted,0.56,37,24,CATTTGTGTATCAGGACGTG,13,5022275
yjbJ_predicted,0.2,28,24,CATTGCTCACTAGCATCAGG,4,5023836
yjbJ_predicted,0.64,39,24,CATGCCTGAAACTATAGCTC,15,5019757
yjbJ_predicted,0.4,33,24,CATCCTTGCAAAGAGAACAC,9,5021264
yjbJ_predicted,0.08,25,24,CATATTCCGGTTGATAACGG,1,5020338
yjbJ_predicted,0.96,47,24,CATACGGTCAGCGATAGTTG,23,5015472
yjbJ_predicted,0.56,37,24,CAAGCCTTTACGCTCAGGTA,13,4998980
yjbJ_predicted,0.08,25,24,CAAAGAGTGTAGGCAATATT,1,5018087
yjbJ_predicted,0.96,47,24,ATTATTCCATGGCATGCGGC,23,5010731
yjbJ_predicted,0.24,29,24,ATGATACCAGACTCAAGCCA,5,5000263
yjbJ_predicted,1.2,53,24,ATCCCGCTCCCAGTTACTCC,29,5002285
yjbJ_predicted,0.6,38,24,ATATGTCCTGTTATAATGTG,14,5021178
yjbJ_predicted,0.44,34,24,ATAGCTACAGTCCACCCTCT,10,5026758
yjbJ_predicted,0.16,27,24,ATACTTTAAGTGGCCTAGGG,3,5008432
yjbJ_predicted,0.88,45,24,AGGAGTACGAAGCGGGAAGT,21,5014884
yjbJ_predicted,0.56,37,24,AGCCGATCATATTACACAGT,13,4996135
yjbJ_predicted,0.8,43,24,AGATCGAGGCAGCGTCACGT,19,5003492
yjbJ_predicted,0.64,39,24,ACTCCCCCATAATACGGTAT,15,4998756
yjbJ_predicted,0.32,31,24,ACGGGCGGTGCCAGGAAGTT,7,5005396
yjbJ_predicted,1.16,52,24,ACGGCTTAGGCGCCGGACCG,28,5010809
yjbJ_predicted,0.28,30,24,ACCTTTATTGTTCGCATTGA,6,5019925
yjbJ_predicted,0.16,27,24,ACCGGTAACTGGACGGGACA,3,5030111
yjbJ_predicted,0.08,25,24,AATCTAGAGACGCGGTAGTT,1,5014611
yjbJ_predicted,0.4,33,24,AATCCTGTGCGCATGGTTCC,9,5019742
yjbJ_predicted,1.48,60,24,AAGCTGCGAGATCTTAGGCA,36,5018540
yjbJ_predicted,1.6,63,24,AAGACACAGTTGATGCACCA,39,5000037
yjbJ_predicted,0.92,46,24,AACGACTAGCCGTACCGTTG,22,4995852
yjbJ_predicted,0.8,43,24,AACCTGCTTTCCATGGACAT,19,5013840
yjbJ_predicted,0.76,42,24,AACCTACTCTCGGGATCGCG,18,4998462
yjbJ_predicted,2.04,74,24,AAATCTTTGTAGTGGCATCA,50,4999159
yjbJ_predicted,0.88,45,24,AAAAGATTGCCGTCGTTATT,21,4995497
yjbJ_predicted,0.25,28,23,TTTGCAGCCGCGGCACCAAA,5,5019508
yjbJ_predicted,0.08333333333333333,24,23,TTCTGGTAGAGTATCAAACA,1,5011230
yjbJ_predicted,0.2916666666666667,29,23,TTCGTCGTGCGCGGGGACTG,6,4997737
yjbJ_predicted,1.4166666666666667,56,23,TGTATGTTACTACTTCACAT,33,5004919
yjbJ_predicted,2.5,82,23,TGGCTTTGTCATTGTCTCCT,59,5006984
yjbJ_predicted,0.5416666666666666,35,23,TGAGGGATGATAAATTGAGT,12,5019410
yjbJ_predicted,0.5416666666666666,35,23,TCTGGTCTTATCAGATCTGT,12,5019692
yjbJ_predicted,0.7916666666666666,41,23,TCTAAAGACTCTCGAGGTCA,18,5019684
yjbJ_predicted,0.4583333333333333,33,23,TCGGGTCCCTTGTATTGGTT,10,4999915
yjbJ_predicted,0.9166666666666666,44,23,TCATGACTATGTCGAACTGG,21,4998350
yjbJ_predicted,0.2916666666666667,29,23,TCATACGTCCGTGTAACAGC,6,5027019
yjbJ_predicted,0.5,34,23,TATGCTTGTTGCTGTCAAAG,11,5015371
yjbJ_predicted,0.3333333333333333,30,23,TAGGATTAACCCCTGCAAAG,7,5018599
yjbJ_predicted,0.6666666666666666,38,23,TACAATTCTGCCGGGTAAAG,15,5026557
yjbJ_predicted,0.4583333333333333,33,23,TAAGGGGCAAACGCGAACGG,10,5025365
yjbJ_predicted,0.4583333333333333,33,23,TAAGACTGTGCGGTCCTGTC,10,5030343
yjbJ_predicted,0.16666666666666666,26,23,TAAAGCCAATAGCCTCAATA,3,5017383
yjbJ_predicted,0.875,43,23,GTTGCAGATGTCTTCGCGCC,20,5007794
yjbJ_predicted,0.9166666666666666,44,23,GTCCGTCGCCCTAAGGGCCA,21,4995539
yjbJ_predicted,1.2083333333333333,51,23,GTCATGACCCGATTCCAACT,28,5021533
yjbJ_predicted,0.08333333333333333,24,23,GGTTAGGCCTGGATGATAAG,1,5021076
yjbJ_predicted,1.625,61,23,GGTATCGCAAGGTAGTTGGA,38,5006734
yjbJ_predicted,0.375,31,23,GGTAAAAGCGCATCTAAGTG,8,4996713
yjbJ_predicted,0.7916666666666666,41,23,GGGGCCTCCATTTGCGTGTA,18,5006481
yjbJ_predicted,0.8333333333333334,42,23,GGCGCATGGAACGGCAGTTT,19,5029448
yjbJ_predicted,0.08333333333333333,24,23,GGAGAGAATTGCGGGGATGA,1,5023546
yjbJ_predicted,0.25,28,23,GGAAGGCGCCGCGGGCCAGA,5,5013488
yjbJ_predicted,0.5416666666666666,35,23,GGAAAGGCTGATTTTACAGC,12,4997362
yjbJ_predicted,0.7083333333333334,39,23,GCCGTTGGTCTGAACTTTCA,16,5023095
yjbJ_predicted,0.9166666666666666,44,23,GCCAGCGAACGGAATCTCTA,21,5005487
yjbJ_predicted,0.4166666666666667,32,23,GCAGCGTCTGTATGCACCAG,9,5009275
yjbJ_predicted,0.4166666666666667,32,23,GATTTAAGCCGCGTACAGAA,9,5015232
yjbJ_predicted,0.20833333333333334,27,23,GATTCGCCGTGTTGGACAGG,4,4995637
yjbJ_predicted,0.5,34,23,GATGAATCAATGGCTCCCCC,11,4995172
yjbJ_predicted,0.3333333333333333,30,23,GAGGCCAGGCAGATCTGCAA,7,5008590
yjbJ_predicted,0.7083333333333334,39,23,GAAGTTTATCTGGTGTCGGT,16,5024027
yjbJ_predicted,0.625,37,23,GAAACCGGAATTAGCCTCAC,14,5001394
yjbJ_predicted,0.4583333333333333,33,23,CTTTCGTACTCGAAAAGTAA,10,5018231
yjbJ_predicted,0.5,34,23,CTGTTTACTCTTACGTAACA,11,5012241
yjbJ_predicted,0.20833333333333334,27,23,CTCTCAAGGTGCTGCCAGCA,4,5009213
yjbJ_predicted,0.20833333333333334,27,23,CTATCTATAAGGCCTGCTTT,4,5025146
yjbJ_predicted,0.625,37,23,CTAGACGTTGGGAATTAGCA,14,5026623
yjbJ_predicted,1.375,55,23,CTAATCTATTCTCTCCAATG,32,5009905
yjbJ_predicted,0.20833333333333334,27,23,CGGTCACGGGACACCTATCT,4,5015237
yjbJ_predicted,0.5416666666666666,35,23,CGGCCTACGTCTTACTAGAG,12,5027039
yjbJ_predicted,0.8333333333333334,42,23,CGCGCTCATCAGGGGACGTG,19,4999054
yjbJ_predicted,0.875,43,23,CCGTTATGAGAGACGACAGT,20,5002128
yjbJ_predicted,1.6666666666666667,62,23,CCGGTCTTATTCCGCCCTCT,39,5029347
yjbJ_predicted,0.875,43,23,CCGGCTTCGTTGATTGGCAT,20,5007573
yjbJ_predicted,0.25,28,23,CCGGAGCTTTTGTTTGGTTT,5,5002360
yjbJ_predicted,0.375,31,23,CCCGCGGCATTGGAATCTGT,8,5022919
yjbJ_predicted,0.7916666666666666,41,23,CCATGGGGTGGACTAAGCCA,18,5010693
yjbJ_predicted,0.2916666666666667,29,23,CATCAGAAACTGCAACTCAA,6,5027467
yjbJ_predicted,0.5416666666666666,35,23,CAGGAAGCATAAGTGGATTT,12,5017302
yjbJ_predicted,0.7083333333333334,39,23,CAATACACCTAGGGAACGAG,16,4999919
yjbJ_predicted,0.375,31,23,ATTTGGGACACAAAGGGTCG,8,5018542
yjbJ_predicted,1.5833333333333333,60,23,ATGGCGCCCAGTAGCATTTT,37,5004570
yjbJ_predicted,0.25,28,23,ATCCATGTATGTATGATGGG,5,5020467
yjbJ_predicted,0.5,34,23,AGTGACGAATGGTCACTTTT,11,5026464
yjbJ_predicted,0.7083333333333334,39,23,AGGTGTATTTTGTTCCATAC,16,5014339
yjbJ_predicted,0.08333333333333333,24,23,AGGTCTCGGGTATTGCGACT,1,5013937
yjbJ_predicted,0.375,31,23,AGGACAATCCCTTTTGATGT,8,5007337
yjbJ_predicted,1.1666666666666667,50,23,AGATGTATCGGGTATGAACT,27,5002079
yjbJ_predicted,0.625,37,23,AGACGGTTATTGCGGACAAC,14,4997209
yjbJ_predicted,11.208333333333334,291,23,ACGGGAGGTCTGTGAATTCT,268,4997523
yjbJ_predicted,0.8333333333333334,42,23,ACAAGGAAAGGCTAATAAAG,19,5018574
yjbJ_predicted,1.1666666666666667,50,23,AATTTCGGGGTAAGCTTCGT,27,5003489
yjbJ_predicted,0.4166666666666667,32,23,AATCGGACCAGGGTTCCCCA,9,5008943
yjbJ_predicted,0.25,28,23,AAATTTTTGCCGAGGACACT,5,5028383
yjbJ_predicted,0.625,37,23,AAATGTCTAGAGGTATGTAA,14,5029098
yjbJ_predicted,0.5416666666666666,35,23,AAAAACCATAGAAGATGATG,12,5020728
yjbJ_predicted,0.6086956521739131,35,22,TTCTATCGGCGGGCGAGAGT,13,5002415
yjbJ_predicted,0.7391304347826086,38,22,TTCGTGTCGCCGGCCTTTTG,16,4997085
yjbJ_predicted,1.6521739130434783,59,22,TGGTATGTGGTCCGGAAACA,37,5007026
yjbJ_predicted,0.6956521739130435,37,22,TGCCAAACAATGTTAAAATT,15,5011682
yjbJ_predicted,0.391304347826087,30,22,TGCATACTAACGCGGCATGT,8,5028734
yjbJ_predicted,0.5217391304347826,33,22,TGCAACCACTGCAGGCTCGA,11,5011161
yjbJ_predicted,1.2173913043478262,49,22,TGATGCGCTACCGTGCGAGC,27,5014751
yjbJ_predicted,0.6086956521739131,35,22,TGAGGCAGCCTCAAAATTTG,13,5028214
yjbJ_predicted,0.5217391304347826,33,22,TGAGATCTGAGCCGACGGGA,11,5023719
yjbJ_predicted,0.43478260869565216,31,22,TGACCAGAAGGCGCCGATGG,9,5014223
yjbJ_predicted,0.7391304347826086,38,22,TATGCAACCACCTTGGACTG,16,5016155
yjbJ_predicted,0.5217391304347826,33,22,TAGATCCCACCCTAAGGATG,11,5013961
yjbJ_predicted,0.4782608695652174,32,22,TAATACCCTGCGGAGATTAA,10,5028637
yjbJ_predicted,0.391304347826087,30,22,GTGCCCCAGCAATAGTAAGC,8,5007534
yjbJ_predicted,0.43478260869565216,31,22,GTCGTAGGGCCGTTTGATGC,9,4996508
yjbJ_predicted,0.17391304347826086,25,22,GTCAAACCCGCTCGATGATT,3,5012959
yjbJ_predicted,0.2608695652173913,27,22,GTAGCTCTGGACCTTACAGC,5,5026374
yjbJ_predicted,0.43478260869565216,31,22,GGGTCCGGCGGGGTTCGTAT,9,5014784
yjbJ_predicted,0.34782608695652173,29,22,GGGAACTTTGCTCAAGTACA,7,5028807
yjbJ_predicted,3.0,90,22,GGCGTCACTTAAGGAGATAT,68,5024776
yjbJ_predicted,0.2608695652173913,27,22,GGCGCGATGTGATTTGTTCT,5,5008688
yjbJ_predicted,0.30434782608695654,28,22,GGATGGGGTCCGTACAATAG,6,5019837
yjbJ_predicted,0.9130434782608695,42,22,GGAATCAAAGAAGCGGGGTA,20,5026144
yjbJ_predicted,1.8695652173913044,64,22,GCTGTTTCCCGCGACGCGGA,42,5000109
yjbJ_predicted,1.0869565217391304,46,22,GCTAACTCATCGCAAAGAGC,24,4996762
yjbJ_predicted,0.30434782608695654,28,22,GCGCGCGCTATCTGATGCCC,6,5030801
yjbJ_predicted,0.7391304347826086,38,22,GCAGGTAGCGATGGACTTTC,16,4995058
yjbJ_predicted,0.6086956521739131,35,22,GATGCTAGGTGATTTCTCCT,13,5010732
yjbJ_predicted,0.30434782608695654,28,22,GACTAGAGCTACTAACTGCT,6,5016222
yjbJ_predicted,0.17391304347826086,25,22,GACGAGGAAGTCCTAGGGAT,3,5022963
yjbJ_predicted,0.08695652173913043,23,22,GAAAACACTCGTTTTACCCA,1,5014022
yjbJ_predicted,0.7391304347826086,38,22,CTTTATCTTCCACCCTAGAC,16,4996386
yjbJ_predicted,1.173913043478261,48,22,CTTCTTCGCATGCCGCTGGA,26,4996342
yjbJ_predicted,1.3043478260869565,51,22,CTGGAACTCCGTTCATCGGA,29,5016151
yjbJ_predicted,1.0869565217391304,46,22,CTGATTAGGGGGTTTTCACA,24,5008720
yjbJ_predicted,1.173913043478261,48,22,CTCTCTCCATGGCATACTGT,26,5003967
yjbJ_predicted,0.8260869565217391,40,22,CTCATAGTCCGCATACCGAT,18,5024395
yjbJ_predicted,0.8695652173913043,41,22,CTAGTGTGTAGTTCAGGTAA,19,5017049
yjbJ_predicted,0.5217391304347826,33,22,CTACTAGGCTAAGCGCCATT,11,5021389
yjbJ_predicted,2.0434782608695654,68,22,CGTGCGATCGCCATCTCCTC,46,5000763
yjbJ_predicted,0.9565217391304348,43,22,CGGGGACCTGGGTCCCGGTT,21,5023087
yjbJ_predicted,0.2608695652173913,27,22,CGGCATAGGGTCACGGAATT,5,5002872
yjbJ_predicted,0.7391304347826086,38,22,CGCTGGTCGTTTCCAGATAC,16,5007598
yjbJ_predicted,0.30434782608695654,28,22,CGCGCCAGCGGATAACGCTT,6,5002102
yjbJ_predicted,1.0434782608695652,45,22,CGCCCACTATTTCGCAGGTG,23,5007557
yjbJ_predicted,1.2608695652173914,50,22,CCTTCACGTAGCCCATGCTT,28,4999924
yjbJ_predicted,0.4782608695652174,32,22,CCACGGCCGGCTACTACCAA,10,5028530
yjbJ_predicted,0.8260869565217391,40,22,CATAGGCTGGCTCAACCATT,18,5003449
yjbJ_predicted,0.2608695652173913,27,22,CAGACGGTACATCTCGACCC,5,5008892
yjbJ_predicted,1.3478260869565217,52,22,CACGTTAACTCGGCACATAG,30,5022176
yjbJ_predicted,1.1304347826086956,47,22,CACCCGTCACTCATATGGTA,25,5009387
yjbJ_predicted,0.6521739130434783,36,22,CAATGCGGGTCGTTCGTTGT,14,5026752
yjbJ_predicted,0.6956521739130435,37,22,CAAGTTATTGTACGAGCCCT,15,5007984
yjbJ_predicted,0.6956521739130435,37,22,ATGGTCTGGTTACACATACT,15,5013687
yjbJ_predicted,2.391304347826087,76,22,ATCGGGACCTATAAGCACCT,54,5000644
yjbJ_predicted,1.9565217391304348,66,22,ATCATATGCTTAAATAAGAA,44,5011083
yjbJ_predicted,0.5652173913043478,34,22,AGTATTGCTCTCCGCTCGCG,12,5024847
yjbJ_predicted,0.6521739130434783,36,22,AGTATAGGGGCGCATCGATG,14,5006140
yjbJ_predicted,0.6956521739130435,37,22,AGGTAAGACATCACGACGGT,15,4998826
yjbJ_predicted,1.3478260869565217,52,22,AGGGGGGGCCGTAAGGCGAT,30,5016851
yjbJ_predicted,1.391304347826087,53,22,AGCTACCTAGTGATGCTCTA,31,4999199
yjbJ_predicted,0.5217391304347826,33,22,AGCATAATTAGGGTAGAGAG,11,5010866
yjbJ_predicted,0.08695652173913043,23,22,AGAGTGTGTGACAGGCTTAC,1,5029364
yjbJ_predicted,0.391304347826087,30,22,ACCTTCTATTGGACCTGGAG,8,5005373
yjbJ_predicted,0.34782608695652173,29,22,ACCTGATTGGCATGTTGGGG,7,4997414
yjbJ_predicted,0.2608695652173913,27,22,ACCGTGTCCGAAGGGATAGG,5,5026818
yjbJ_predicted,0.5217391304347826,33,22,ACCGAGATTGAGACACTTAA,11,5001986
yjbJ_predicted,0.2608695652173913,27,22,ACCCGGGCGGCAACAATTTG,5,5009998
yjbJ_predicted,0.6521739130434783,36,22,ACATCCGCTGTGTTGCGCTC,14,5013351
yjbJ_predicted,0.6086956521739131,35,22,ACAGTTCCTCACGTTGGGGA,13,5005681
yjbJ_predicted,0.391304347826087,30,22,ACAGGTCCCGGGAGGAACAA,8,5015974
yjbJ_predicted,1.1304347826086956,47,22,ACAAGTGATGTATCGTCGTG,25,5030469
yjbJ_predicted,0.2608695652173913,27,22,AATCGCCTATTGTTGTTCTA,5,5019209
yjbJ_predicted,0.7391304347826086,38,22,AAGCCGCAGAGGGTTTCGTG,16,5030302
yjbJ_predicted,0.08695652173913043,23,22,AACGGTAAATCAAATATCGG,1,4997187
yjbJ_predicted,0.09090909090909091,22,21,TTTCGGAACGAACGACCATT,1,5016596
yjbJ_predicted,0.7272727272727273,36,21,TTGGCAGTTATCCGGATTAA,15,5018429
yjbJ_predicted,0.5454545454545454,32,21,TTAATGTTTGTTGGTCATTG,11,5026589
yjbJ_predicted,0.6363636363636364,34,21,TTAATATTTGTGTGTTCCCG,13,5025993
yjbJ_predicted,0.22727272727272727,25,21,TGGTGTCACCGACATGGGTC,4,5023068
yjbJ_predicted,0.18181818181818182,24,21,TGGTCTTTAGTCGAACAGGG,3,5029733
yjbJ_predicted,0.5454545454545454,32,21,TGCGGCCATCTAGGACCTCA,11,4997850
yjbJ_predicted,0.36363636363636365,28,21,TGATGTCCTTATAGACATTT,7,4999160
yjbJ_predicted,1.2272727272727273,47,21,TGAATACCTCCTTACTGTCT,26,5027817
yjbJ_predicted,0.36363636363636365,28,21,TCTCGGGGACAGTCTTCGAA,7,5010459
yjbJ_predicted,0.5,31,21,TCTATATTCCTATACACGTT,10,5017501
yjbJ_predicted,1.2272727272727273,47,21,TCGATACAGGCGTAGCCCAT,26,5006279
yjbJ_predicted,0.18181818181818182,24,21,TCCTAAATATTAAACGCTAA,3,5018449
yjbJ_predicted,0.6818181818181818,35,21,TCCAAGCGAACAGTTGGCAA,14,5016906
yjbJ_predicted,0.36363636363636365,28,21,TATGGCACGTTCGCCGTAGA,7,5025515
yjbJ_predicted,0.5,31,21,TAGGTCAGGGATAGCCTCAC,10,4996950
yjbJ_predicted,1.9545454545454546,63,21,TAGAAGGTGGACCTCTAGCA,42,5029166
yjbJ_predicted,0.22727272727272727,25,21,TACCACTTTATGATCTTATG,4,4998279
yjbJ_predicted,0.5909090909090909,33,21,GTTCTGATAACGTTAACTAA,12,5022606
yjbJ_predicted,0.18181818181818182,24,21,GTTATACGCAATAACCCTTA,3,5013688
yjbJ_predicted,0.4090909090909091,29,21,GTCCTAAATCGACTAATCGA,8,5014344
yjbJ_predicted,0.13636363636363635,23,21,GTCAGCCGGGCAGATCACCT,2,5007039
yjbJ_predicted,0.8636363636363636,39,21,GTCAAAGTATGTGCTCATGG,18,5023027
yjbJ_predicted,0.8636363636363636,39,21,GGTCTAAAGTGAGCGGTCTG,18,5001478
yjbJ_predicted,0.8636363636363636,39,21,GGTATAGGTGAGGATCGCGT,18,5004226
yjbJ_predicted,0.6818181818181818,35,21,GGGTTCACCGCCTACTAACG,14,4996148
yjbJ_predicted,0.8181818181818182,38,21,GGGGAGTACACCTATTAAAT,17,5018052
yjbJ_predicted,0.5,31,21,GGGAAAGCAATGGACTCCGA,10,5008209
yjbJ_predicted,0.6363636363636364,34,21,GGCAAAATCAGCAAGTCATT,13,5017056
yjbJ_predicted,1.1363636363636365,45,21,GGATTCCCAGCGCTGTCTTT,24,5002555
yjbJ_predicted,0.6818181818181818,35,21,GCTTGGGATTCGACAGGGCG,14,5028495
yjbJ_predicted,1.9545454545454546,63,21,GCGGGGCACAGGAGCCGTGG,42,5014568
yjbJ_predicted,0.09090909090909091,22,21,GCAGGGAATACTGAAGGCAT,1,5019161
yjbJ_predicted,0.5454545454545454,32,21,GCAATCCCCACGCTCGTAAT,11,5014078
yjbJ_predicted,0.2727272727272727,26,21,GATGGAATACTGGCATTAAT,5,4995526
yjbJ_predicted,1.0454545454545454,43,21,GACGATAGTCCCTGAGTGGA,22,5014728
yjbJ_predicted,1.5454545454545454,54,21,GAATTCCCCGCTGTACCGGA,33,4996506
yjbJ_predicted,0.9545454545454546,41,21,GAAGCTGTATCGGACTTGGT,20,5006940
yjbJ_predicted,0.09090909090909091,22,21,GAACTGTGTGAAGCATGATT,1,5015774
yjbJ_predicted,0.6818181818181818,35,21,GAAATCAGACAGAGCCAAAC,14,5029621
yjbJ_predicted,0.5909090909090909,33,21,GAAACGGATGACGGTGAGCG,12,5003167
yjbJ_predicted,0.8636363636363636,39,21,CTGTCATGAGCAGAGCACCA,18,5003066
yjbJ_predicted,1.3636363636363635,50,21,CTACCCCTAGTTTCAAAGGG,29,5007183
yjbJ_predicted,0.3181818181818182,27,21,CTAAACAACTATTCGATGTA,6,5014311
yjbJ_predicted,0.22727272727272727,25,21,CGTCCGCCTCGTAAAACCTA,4,5010594
yjbJ_predicted,0.5,31,21,CGGTCTCAGTCGCTTGAAGG,10,5003116
yjbJ_predicted,0.36363636363636365,28,21,CGGTAAAAGTTTAAGGTAAT,7,5030656
yjbJ_predicted,0.7727272727272727,37,21,CGGCCTAGGATCTTAGGCAT,16,5021730
yjbJ_predicted,0.7727272727272727,37,21,CGCATTGCAAGGCCTCGTTG,16,5004604
yjbJ_predicted,0.09090909090909091,22,21,CGATACTCTGTCAACAGTGA,1,5021772
yjbJ_predicted,0.4090909090909091,29,21,CGACTCACATCGAACGGCGC,8,5005261
yjbJ_predicted,0.8181818181818182,38,21,CGAAGCAGGCCTAATTCAAG,17,5008497
yjbJ_predicted,0.5454545454545454,32,21,CCCTTCTCTTTTGCAAGAAG,11,4998709
yjbJ_predicted,0.22727272727272727,25,21,CCCTCCGTTATAGGACTCGG,4,5006741
yjbJ_predicted,1.2727272727272727,48,21,CCCAACCGGGCACTAAACAT,27,5019108
yjbJ_predicted,1.0,42,21,CCATTTTTTATTTGCCGCTA,21,4996488
yjbJ_predicted,0.5454545454545454,32,21,CAGAGTCACCCCACTGTCGC,11,5029514
yjbJ_predicted,0.22727272727272727,25,21,CACGGCCAGTGACCCGCAAA,4,5026847
yjbJ_predicted,0.7272727272727273,36,21,CACCGGGCACCTCGGTTAGG,15,5013958
yjbJ_predicted,0.5909090909090909,33,21,CAATAGGCAGTACCAAGGGT,12,4997837
yjbJ_predicted,0.7727272727272727,37,21,ATTGTAGAACTAATGGAGCC,16,5014633
yjbJ_predicted,0.36363636363636365,28,21,ATTGCGTGACCGCAGAAACA,7,5004134
yjbJ_predicted,1.0,42,21,ATGGCCTCTGCTCGGGATGA,21,5022724
yjbJ_predicted,0.9545454545454546,41,21,ATGACTACATACCGCAATAC,20,5025262
yjbJ_predicted,0.5,31,21,ATCGTTGTTGCCTTTTAGAT,10,5015624
yjbJ_predicted,0.2727272727272727,26,21,ATAAAGCGATCCAAAAATCA,5,4996920
yjbJ_predicted,1.1818181818181819,46,21,AGTATCAGGTGTTCGACACC,25,5024240
yjbJ_predicted,0.7272727272727273,36,21,AGTACTCCTATATCAAGGGT,15,4995051
yjbJ_predicted,0.36363636363636365,28,21,AGGTGACTCGGGTTGTCTTG,7,5013308
yjbJ_predicted,0.9090909090909091,40,21,AGGCTGAACGACTATATTGC,19,5023433
yjbJ_predicted,0.09090909090909091,22,21,AGGCAACCCCGGTTTTTTTT,1,5023302
yjbJ_predicted,0.18181818181818182,24,21,AGCACCACGTTTTACTTTAC,3,5030198
yjbJ_predicted,0.6818181818181818,35,21,ACAGGGATCACGCCGATTGC,14,5016651
yjbJ_predicted,0.2727272727272727,26,21,AATTACCTACATGATGTGAT,5,5007468
yjbJ_predicted,0.09090909090909091,22,21,AATATCTAGCGCTGTAGCTG,1,5018951
yjbJ_predicted,0.6818181818181818,35,21,AAAGGTCCCCTCGAAGATAC,14,5005371
yjbJ_predicted,0.8571428571428571,37,20,TTGCCCCTCGGCGGGATAAC,17,5016918
yjbJ_predicted,0.8571428571428571,37,20,TTGAAAGCGAGTATTTAAAA,17,5004801
yjbJ_predicted,2.4761904761904763,71,20,TTCATCTAAGCAGCTCGATT,51,5002508
yjbJ_predicted,0.5238095238095238,30,20,TTAAATGGATCAGTGACGTT,10,5019606
yjbJ_predicted,1.4285714285714286,49,20,TGTCATCTGCGTTTTACGCA,29,5016989
yjbJ_predicted,0.2857142857142857,25,20,TGGTTGAGATGGTGTTCCTC,5,5010551
yjbJ_predicted,0.6190476190476191,32,20,TGCACTCGATTCGGTCAATG,12,5018071
yjbJ_predicted,0.14285714285714285,22,20,TGACCACGCCTAATCGGGTT,2,5026757
yjbJ_predicted,0.5714285714285714,31,20,TGACACAGAGTATACGCGAT,11,5009862
yjbJ_predicted,0.8571428571428571,37,20,TGAATGGACCTTACATGAAA,17,5022911
yjbJ_predicted,0.09523809523809523,21,20,TGAAACAACTGACGCGTCGG,1,5009247
yjbJ_predicted,0.7142857142857143,34,20,TCTCTTTGACAGTTTTGGCA,14,5020472
yjbJ_predicted,1.4285714285714286,49,20,TCGCCCGTGTTCGAAACGCA,29,5004624
yjbJ_predicted,0.2857142857142857,25,20,TCGATATAAAATCAGCGGCT,5,5001033
yjbJ_predicted,0.7619047619047619,35,20,TATGTACCGAACACCTCGAC,15,5009057
yjbJ_predicted,0.09523809523809523,21,20,TATAGATTGGGGTTCAACCA,1,5019967
yjbJ_predicted,1.0952380952380953,42,20,TATAGATGGCTTGTCCTCGG,22,5013820
yjbJ_predicted,2.1904761904761907,65,20,TAGAGGTCACGGTCTTGCTA,45,5018552
yjbJ_predicted,0.5238095238095238,30,20,TACAAGTATATAGCACCGGT,10,5004418
yjbJ_predicted,2.1904761904761907,65,20,TAACCGGACCCCCTGGGTAG,45,5023884
yjbJ_predicted,0.8095238095238095,36,20,GTTAATACGCAAGTTTAATG,16,5029757
yjbJ_predicted,0.6666666666666666,33,20,GTGCCATGGTCATTTTGATC,13,5006766
yjbJ_predicted,0.7619047619047619,35,20,GTGCAAGGGAATATCCCGTC,15,5027866
yjbJ_predicted,0.19047619047619047,23,20,GTCCCAACAGGTGTGCGTTT,3,5006143
yjbJ_predicted,0.09523809523809523,21,20,GTACCACTATCTTTCTCTTC,1,5027718
yjbJ_predicted,0.3333333333333333,26,20,GGGCGCATCTGCGAATTCCT,6,5021769
yjbJ_predicted,0.8095238095238095,36,20,GGGCCAAGATATTGATCTAC,16,5016399
yjbJ_predicted,0.8571428571428571,37,20,GGGCAACCGATCCACTGCGC,17,5014074
yjbJ_predicted,0.14285714285714285,22,20,GGCTGACCCTCTTATATCAA,2,5011940
yjbJ_predicted,0.6190476190476191,32,20,GGCGGCAATGCTGGAGGCAG,12,5019389
yjbJ_predicted,0.47619047619047616,29,20,GGCCCGGCTCTGACGTATGC,9,5007687
yjbJ_predicted,0.38095238095238093,27,20,GGCATATGGTTCGAACAAGT,7,5013517
yjbJ_predicted,1.380952380952381,48,20,GGCACAATATATCCGTCGCT,28,5028424
yjbJ_predicted,2.0952380952380953,63,20,GGAGGGTATCCCTCACCAGG,43,5020377
yjbJ_predicted,0.5238095238095238,30,20,GCTTGGGGACTTCGTGCGTG,10,5000029
yjbJ_predicted,0.38095238095238093,27,20,GCGGCGCATTGTAATCGGTA,7,5010342
yjbJ_predicted,0.14285714285714285,22,20,GCGACTTTGGTTTGGCATGT,2,5004289
yjbJ_predicted,0.38095238095238093,27,20,GCCTATAAAGGACATGACCC,7,5027605
yjbJ_predicted,0.7619047619047619,35,20,GCCAGGTGCGGTCCTGTTCT,15,4998556
yjbJ_predicted,1.4761904761904763,50,20,GCAGGCCGCCTTATCGTTGA,30,5016254
yjbJ_predicted,0.09523809523809523,21,20,GATTCGCATTTGTGCATTGC,1,5009696
yjbJ_predicted,0.7142857142857143,34,20,GATGCACATCGGCCGTCTTA,14,5006366
yjbJ_predicted,1.619047619047619,53,20,GAGGTTGAGGGAGTAAGTGC,33,5004082
yjbJ_predicted,1.1428571428571428,43,20,GAGCGCCACTTCCTTAGTAT,23,5026878
yjbJ_predicted,0.38095238095238093,27,20,GAGAGGGCGGCAAGGAAGCC,7,4995522
yjbJ_predicted,0.14285714285714285,22,20,GACCTAGAACTTCCATACGC,2,5025449
yjbJ_predicted,2.0952380952380953,63,20,GACCGCTCGAAATAATCAGA,43,5006769
yjbJ_predicted,0.5238095238095238,30,20,GACAAGTGTTAGGTTAGCTG,10,5009232
yjbJ_predicted,9.047619047619047,209,20,GAATGCCAAACACCACCTAT,189,4998958
yjbJ_predicted,0.09523809523809523,21,20,CTCGCAGCTCATATAACGAT,1,5026161
yjbJ_predicted,1.0,40,20,CTCACAGCGCAATCAGCATT,20,5023513
yjbJ_predicted,0.7619047619047619,35,20,CGTTGTTGGTAACAGGGACC,15,5018065
yjbJ_predicted,0.38095238095238093,27,20,CGTAACACACTATCCGCTGT,7,5023280
yjbJ_predicted,1.8571428571428572,58,20,CGGTAGACATGTACAAGACA,38,5005310
yjbJ_predicted,0.6190476190476191,32,20,CGGAACGGTATTGAATTGGG,12,5005855
yjbJ_predicted,1.3333333333333333,47,20,CCGTTCGCTGCATTTGCTGA,27,5001655
yjbJ_predicted,0.7142857142857143,34,20,CCGCCTCACGCGATGGCGCG,14,5016633
yjbJ_predicted,0.47619047619047616,29,20,CCCATTTTGGTGATTTTCAT,9,5010791
yjbJ_predicted,0.09523809523809523,21,20,CCCAGGACAGCTAGTGGATG,1,5029975
yjbJ_predicted,1.9523809523809523,60,20,CCACATTAAGCGCTCGCGTT,40,5007938
yjbJ_predicted,0.6666666666666666,33,20,CCAATTATGGGCTTGTCCGC,13,5027854
yjbJ_predicted,0.6666666666666666,33,20,CAACAGAGTCGAAATGCATG,13,5000043
yjbJ_predicted,0.19047619047619047,23,20,ATGTTGCGTTTTGCGGTTAA,3,5012128
yjbJ_predicted,0.23809523809523808,24,20,ATCCCTTTCCTCTCGCAGAC,4,5012516
yjbJ_predicted,0.09523809523809523,21,20,ATACAGTTGCTGATTCTGTC,1,5012597
yjbJ_predicted,0.14285714285714285,22,20,AGTTCCGTGCTCGCTCGTTG,2,5001902
yjbJ_predicted,0.6666666666666666,33,20,AGTCTTTGGGCTTCAACGTT,13,5009596
yjbJ_predicted,0.5714285714285714,31,20,AGGTTAGTGCACCGCTAAGA,11,4995158
yjbJ_predicted,0.7619047619047619,35,20,AGGCAAAGGGGTAGTTTAAG,15,5021631
yjbJ_predicted,0.23809523809523808,24,20,AGCGCTAAGGCGATTTGTGT,4,4999927
yjbJ_predicted,1.0476190476190477,41,20,AGCAAGGTAACTGCATAGTC,21,5015996
yjbJ_predicted,1.4761904761904763,50,20,ACTCAACTTTTACTCGTATC,30,4997358
yjbJ_predicted,0.47619047619047616,29,20,ACCCCCCGTGTCCGGGATAA,9,4995119
yjbJ_predicted,0.47619047619047616,29,20,ACCAAGTCAAGACGTCCAGA,9,5003168
yjbJ_predicted,0.19047619047619047,23,20,ACATGGTTCTAGAAAAGAAG,3,5030635
yjbJ_predicted,0.6190476190476191,32,20,AACTGAACGTATAGCAGCCT,12,5006456
yjbJ_predicted,0.1,20,19,TTTGCCAATTGGGACACAGG,1,5009100
yjbJ_predicted,0.15,21,19,TTTAAGGTGGCTGGGGAGTG,2,5026541
yjbJ_predicted,1.35,45,19,TTGTGCGAGGTGAAACAGTG,26,5030940
yjbJ_predicted,1.05,39,19,TTGTAGTTTAATGTCCCGCG,20,4996874
yjbJ_predicted,0.45,27,19,TTGCTTCCCCAAGTCTCTAG,8,5021253
yjbJ_predicted,0.85,35,19,TTCCATGAAGCGATCATTCA,16,5005840
yjbJ_predicted,0.55,29,19,TTACATGATGGAGCCAGGTC,10,5005393
yjbJ_predicted,1.35,45,19,TGTGGCGGTTCGCCAGTCAA,26,5020877
yjbJ_predicted,0.6,30,19,TGGTGAGCTACGCAATTCTA,11,4995636
yjbJ_predicted,0.65,31,19,TGCGATACCGTGCAGGAACT,12,4999889
yjbJ_predicted,0.45,27,19,TGATTTTGTATCTTTAGAGG,8,5015014
yjbJ_predicted,0.45,27,19,TGAGGGTAGAGAATCTCCCA,8,5005890
yjbJ_predicted,1.05,39,19,TCTTGGTAGGTCGATGCCGT,20,5019688
yjbJ_predicted,0.7,32,19,TCTGCCGGGAAACCGACCAG,13,4995826
yjbJ_predicted,1.1,40,19,TCTCTGTGAAAATGTGTTTA,21,5010524
yjbJ_predicted,0.35,25,19,TCGCGTGGTCCTTAAACATT,6,5003421
yjbJ_predicted,0.8,34,19,TCGCGGCGTACATTAGAACC,15,5002013
yjbJ_predicted,0.8,34,19,TCGATGGAATCTGTAGAATA,15,5023590
yjbJ_predicted,0.3,24,19,TCCCGTGCGACGTCGAGGAT,5,5001339
yjbJ_predicted,1.15,41,19,TCCATCGGGGAAACATATGA,22,5021272
yjbJ_predicted,0.3,24,19,TCAAGGAGGGTGCTGCAGAT,5,5025280
yjbJ_predicted,1.05,39,19,TATAAGGCACCATATGATAA,20,5003673
yjbJ_predicted,0.7,32,19,TACTGACACATAAGCGTATC,13,4996771
yjbJ_predicted,0.45,27,19,GTTTTAGAACTCCTTTCCCG,8,5001321
yjbJ_predicted,0.2,22,19,GTTTAGCATCACGTCGTAAA,3,5018490
yjbJ_predicted,0.2,22,19,GTTATTAAACATGGAGCAAG,3,5006246
yjbJ_predicted,1.25,43,19,GTATAGACTGCCTCGACGAT,24,4998821
yjbJ_predicted,0.95,37,19,GTAGCTGGTGATTCCAGTGA,18,5028487
yjbJ_predicted,0.6,30,19,GTAGACCGTGGTTCTCAGAA,11,5014782
yjbJ_predicted,0.65,31,19,GGTACGGTATCATTGCAACC,12,5002610
yjbJ_predicted,0.9,36,19,GGAATCAGTTATACCTGGCC,17,5008913
yjbJ_predicted,0.15,21,19,GCTCACCACGCCCAAGCGGA,2,5004362
yjbJ_predicted,0.1,20,19,GCGTGGGTTTATGGGCACTA,1,5017957
yjbJ_predicted,0.2,22,19,GCGGACACGAACATTGGTCT,3,5031092
yjbJ_predicted,0.7,32,19,GCCTTTGGGAGATGAACGGA,13,5017010
yjbJ_predicted,1.0,38,19,GCCGTTCGTGTCCACGCTAG,19,5010739
yjbJ_predicted,0.8,34,19,GCAAGTTTTCTAGTTGTGGC,15,5012106
yjbJ_predicted,0.1,20,19,GATGGCCAACGCGGGACCAT,1,5012987
yjbJ_predicted,0.25,23,19,GATAAAAATCTATGTACCTA,4,5009280
yjbJ_predicted,1.15,41,19,GAGGGGACCACATCAGGCAT,22,4995460
yjbJ_predicted,1.0,38,19,GACGCACTGGCGTAAGAGGC,19,5026050
yjbJ_predicted,0.9,36,19,GACACTATGACCGCCCTATC,17,5006817
yjbJ_predicted,1.3,44,19,CTGACACTAAGACAAGCTGA,25,5019750
yjbJ_predicted,0.45,27,19,CTAATGCTGAGTTGCGCCAC,8,5003547
yjbJ_predicted,0.75,33,19,CGGGCCGCACGGGATAGCGC,14,5014540
yjbJ_predicted,0.1,20,19,CGGATCTGATGCGCATAAGA,1,4997002
yjbJ_predicted,0.25,23,19,CGCTCATAGCTGTCATACAT,4,5016018
yjbJ_predicted,0.1,20,19,CGATGCCACCGTATGATCTG,1,5018565
yjbJ_predicted,1.2,42,19,CCGTACCCTCTTAACATGCA,23,5006305
yjbJ_predicted,0.65,31,19,CCCTTAAACGGTCTTGCACC,12,4996649
yjbJ_predicted,0.75,33,19,CCCCAATGGGATGTTCTTTG,14,5008514
yjbJ_predicted,0.45,27,19,CCCACCCGACCTAGAATGCT,8,5002602
yjbJ_predicted,0.45,27,19,CATGGGATTACATAAATCCG,8,5010604
yjbJ_predicted,0.9,36,19,CATGCGAGTCACCCGGAGTC,17,4999553
yjbJ_predicted,1.0,38,19,CAGGAGATTATACTTTTGTT,19,5023748
yjbJ_predicted,1.0,38,19,CAATCTCATGTAGGTGCCTT,19,5024509
yjbJ_predicted,1.0,38,19,CAAACGCCCATGTAGGTCGC,19,5015469
yjbJ_predicted,1.55,49,19,ATTAATGGAATATTCGTGCT,30,5005576
yjbJ_predicted,0.35,25,19,ATCCTATAACCGGCATTACA,6,5002651
yjbJ_predicted,0.45,27,19,ATCCCGACGTGTGTTGCTAG,8,5015251
yjbJ_predicted,0.45,27,19,ATACGCAAACGGAAGGTCAG,8,5028600
yjbJ_predicted,1.15,41,19,AGGTGTTGCGAGCCCGTCGT,22,4997317
yjbJ_predicted,0.35,25,19,AGGTCACGCAACCGAGAGTA,6,5028064
yjbJ_predicted,1.0,38,19,AGGGGAATGGGGCCGATCTG,19,5020323
yjbJ_predicted,0.6,30,19,AGGCAATCAGTTGCCAAAAA,11,5009330
yjbJ_predicted,1.05,39,19,AGCGTGAACACTAAGGGCCA,20,5031032
yjbJ_predicted,0.4,26,19,AGCCACTACCTCTTTTGTCA,7,5019146
yjbJ_predicted,1.1,40,19,AGCATTGGGCTGCCACCTAG,21,5009748
yjbJ_predicted,0.2,22,19,AGACGCAGACCTATAAGCCG,3,5009670
yjbJ_predicted,0.75,33,19,AGAAAACATGCTGCGCGTGT,14,5025330
yjbJ_predicted,0.9,36,19,ACTCATCGAACTACAGTAGG,17,5007284
yjbJ_predicted,1.3,44,19,ACGATGCGGTAATGTTACAA,25,5024323
yjbJ_predicted,2.35,65,19,ACGACCTCATATTAGAGATG,46,5016985
yjbJ_predicted,1.5,48,19,ACCGGCCAACCGATAATTAT,29,4995849
yjbJ_predicted,0.65,31,19,ACCGGCAGGCCTTAAAGCGA,12,5010567
yjbJ_predicted,0.4,26,19,ACAGCGGTCCGATTTAATGT,7,5025142
yjbJ_predicted,1.3,44,19,AATCGGTAGATTCGTTACCC,25,4994733
yjbJ_predicted,0.75,33,19,AAGCGAGTGTTCGTGTCGGT,14,5010858
yjbJ_predicted,0.85,35,19,AAAGTTATAGTACGTCACCA,16,5024524
yjbJ_predicted,1.7,52,19,AAAGAGCGTGCTGGGGGTGA,33,4994930
yjbJ_predicted,1.1,40,19,AAAAGTCCAGAGGTTCCGTT,21,5023076
yjbJ_predicted,1.9473684210526316,54,18,TTTTTATTCCCCCCCATATA,36,5012703
yjbJ_predicted,0.5789473684210527,28,18,TTGCGCTGAGTTTACGCCGA,10,5019283
yjbJ_predicted,0.3684210526315789,24,18,TTGCAACCCTCTTGGACCTA,6,5010700
yjbJ_predicted,0.7894736842105263,32,18,TTATAGTACGGAGAGTTCAT,14,5024278
yjbJ_predicted,0.21052631578947367,21,18,TTAGCCGGTCGTTTAAGTTG,3,4997475
yjbJ_predicted,0.8947368421052632,34,18,TGTGACTTGGGAACTAAAAT,16,5026503
yjbJ_predicted,0.6842105263157895,30,18,TGGCCATGTAAACGAAATGG,12,4999053
yjbJ_predicted,0.10526315789473684,19,18,TGGACAGACTTATCCTCATC,1,5010788
yjbJ_predicted,0.5263157894736842,27,18,TGGAACCAGGTTCGTGAAAT,9,5012734
yjbJ_predicted,1.0,36,18,TGCATGGGAGTCACCAGACT,18,5013002
yjbJ_predicted,0.3157894736842105,23,18,TGACAGATATACAGACTGAA,5,5003172
yjbJ_predicted,0.631578947368421,29,18,TCGGGCTGAATAGTTTGGTG,11,5018755
yjbJ_predicted,0.9473684210526315,35,18,TCGCCGTTAGATTTCCTGGG,17,5019343
yjbJ_predicted,0.5263157894736842,27,18,TCATCCATCCATACCGTAGC,9,5009021
yjbJ_predicted,0.7894736842105263,32,18,TCAGTCATCAAGTTATGACT,14,5003793
yjbJ_predicted,0.47368421052631576,26,18,TATTGTCCCTACAGCATTAA,8,5023387
yjbJ_predicted,0.47368421052631576,26,18,TATGTGGTAATACTAACTAC,8,5018885
yjbJ_predicted,0.631578947368421,29,18,TAAGGGATCGCGACACACGT,11,5030458
yjbJ_predicted,0.7894736842105263,32,18,TAAGGGACTGACCGACGTAT,14,5014156
yjbJ_predicted,0.47368421052631576,26,18,GTGGAAGTCCCTTGTATGGC,8,5009623
yjbJ_predicted,1.6842105263157894,49,18,GTGAAGCACGTAGAGAGAGG,31,4999434
yjbJ_predicted,0.9473684210526315,35,18,GTGAACACGTCTCTCATACG,17,5008756
yjbJ_predicted,0.3684210526315789,24,18,GTCGTATTCGAGTTCACTCG,6,4999808
yjbJ_predicted,0.21052631578947367,21,18,GTCGGGTCGCGTTATTTGTA,3,5016532
yjbJ_predicted,0.3684210526315789,24,18,GTCCCAGTATCACTTACAGT,6,5021899
yjbJ_predicted,0.5263157894736842,27,18,GTAGATTTTGACTGTTTAGA,9,5001777
yjbJ_predicted,1.5263157894736843,46,18,GGGCGACTCACAAGCTTTGT,28,4996922
yjbJ_predicted,0.7368421052631579,31,18,GGGCCGACACAGTTGAAGGG,13,5015899
yjbJ_predicted,0.10526315789473684,19,18,GGGCACTGCTTAATGTCATC,1,4996080
yjbJ_predicted,1.0526315789473684,37,18,GGCGTATACAGGTTCATTAA,19,5016291
yjbJ_predicted,0.3684210526315789,24,18,GGCCTTTGTATAAAAATTTA,6,5013120
yjbJ_predicted,0.9473684210526315,35,18,GGCACCGGACGCCAAACTTT,17,4998553
yjbJ_predicted,1.2105263157894737,40,18,GGACTTCGAGTCATGCCAGC,22,5008197
yjbJ_predicted,0.9473684210526315,35,18,GGACGCCTTTCCTCGGCGGC,17,5021829
yjbJ_predicted,0.21052631578947367,21,18,GCGGTCATTGGGCAGACGCA,3,5016852
yjbJ_predicted,1.0,36,18,GCGCCTATTAAGCTGGGGCA,18,4995274
yjbJ_predicted,0.9473684210526315,35,18,GATTCTAGGCAACACGTCCA,17,5020794
yjbJ_predicted,0.3684210526315789,24,18,GATTCGGCGGAGGGTCTGCC,6,5019051
yjbJ_predicted,1.0,36,18,GATGGGCGTAAGCCTCCTCA,18,5024837
yjbJ_predicted,0.8947368421052632,34,18,GATCTTCGTTAGGCCAGAAC,16,5016637
yjbJ_predicted,0.7894736842105263,32,18,GAGTCGCAGGGGTGGCTAGA,14,5000038
yjbJ_predicted,0.3684210526315789,24,18,GAGGGAGGCCGCGTGCGGTA,6,5023241
yjbJ_predicted,1.0526315789473684,37,18,GAGCCGGATGGTAGATGACT,19,4995855
yjbJ_predicted,1.105263157894737,38,18,GAGAGCCCTTAAGATAAGAT,20,5013330
yjbJ_predicted,0.15789473684210525,20,18,GACGATGTAGAGACTGATAT,2,5017728
yjbJ_predicted,5.0,112,18,GACGAGTTTAGATAGTTCCT,94,5000482
yjbJ_predicted,0.2631578947368421,22,18,GACCGCCAATCGACACGCTT,4,5001784
yjbJ_predicted,0.8947368421052632,34,18,GAATTAAGAACAGAGGTCGT,16,5008788
yjbJ_predicted,0.8421052631578947,33,18,CTGGTTATGGGACGTCGGCA,15,4996987
yjbJ_predicted,0.7368421052631579,31,18,CTGGGCCCTTCAATACGCCA,13,5012325
yjbJ_predicted,0.9473684210526315,35,18,CTATATGTGCGCGACAGCCC,17,5020729
yjbJ_predicted,0.7368421052631579,31,18,CTATATAGCATATGCCGGAG,13,5017895
yjbJ_predicted,0.5263157894736842,27,18,CTACGGTCCTGGGACACTAT,9,4996240
yjbJ_predicted,1.0,36,18,CGTTTGAGAAGTTGCAGCGT,18,5020530
yjbJ_predicted,1.105263157894737,38,18,CGTGATATTAGGCAGCGCTG,20,5025549
yjbJ_predicted,0.10526315789473684,19,18,CGTCAATGCGATGTCCGTCC,1,5011107
yjbJ_predicted,1.5789473684210527,47,18,CGTAGAATACGGATCAAGGG,29,5028221
yjbJ_predicted,0.631578947368421,29,18,CGGAAGATGATGTGCAGTGG,11,5005012
yjbJ_predicted,1.4736842105263157,45,18,CGCATACGAGCTAAATGAAC,27,5020180
yjbJ_predicted,0.3684210526315789,24,18,CGATAGCAGAATCCCTTGTT,6,5007797
yjbJ_predicted,0.9473684210526315,35,18,CGAGACAAAACCGTACGGTT,17,5013826
yjbJ_predicted,0.42105263157894735,25,18,CGAAGGTGTTGCCCCAATTG,7,5024231
yjbJ_predicted,0.5789473684210527,28,18,CCTGGGAGGTCGAAAGCCGC,10,5018795
yjbJ_predicted,1.0,36,18,CCGGCCAATGGTGGCGAGCA,18,5004169
yjbJ_predicted,1.5263157894736843,46,18,CCCACTCCGCTCAGAATGGC,28,5008827
yjbJ_predicted,0.5263157894736842,27,18,CCACCGAGGGCCATGATAAG,9,5019383
yjbJ_predicted,1.0,36,18,CCACAGTGAGCTAACGAATG,18,5011685
yjbJ_predicted,0.7894736842105263,32,18,CCAAAGTGGATATGAACGTG,14,5001477
yjbJ_predicted,0.5789473684210527,28,18,CATTGCCTATACCTGCAAGG,10,5018070
yjbJ_predicted,0.6842105263157895,30,18,CATTCTTACTCCAGAAACGA,12,5003034
yjbJ_predicted,0.8947368421052632,34,18,CATATTGTCTACCTTAACTC,16,5017517
yjbJ_predicted,0.3684210526315789,24,18,CACGGTGGAAATGTGTACGG,6,5026705
yjbJ_predicted,1.105263157894737,38,18,CAATGCTTGGGCTTAAGCTA,20,5002047
yjbJ_predicted,0.21052631578947367,21,18,CAAGGTAGCGTGGACATCAA,3,5008041
yjbJ_predicted,0.10526315789473684,19,18,CAAGAGGGACCAGCTTAGGG,1,4996385
yjbJ_predicted,0.5263157894736842,27,18,ATTTTTGCGTAGCGATGTAA,9,5021435
yjbJ_predicted,0.3684210526315789,24,18,ATGACAAGCCCATTTATATG,6,5012841
yjbJ_predicted,0.3684210526315789,24,18,ATACTGCTGCTATGGTACGT,6,5024283
yjbJ_predicted,1.0526315789473684,37,18,ATACGGACTCAACCGCACTA,19,5013383
yjbJ_predicted,0.3684210526315789,24,18,ATAAACGACCCGAACACTGG,6,5012639
yjbJ_predicted,1.0526315789473684,37,18,AGGACAAGTTAGCGCGACGT,19,5015273
yjbJ_predicted,0.3684210526315789,24,18,AGCGTAGCTTCTCCATGTGG,6,5025775
yjbJ_predicted,0.5263157894736842,27,18,AGCCGGTTATATATGCCAAT,9,5004107
yjbJ_predicted,0.15789473684210525,20,18,AGATACGCGTGAGGGGTTTC,2,4998011
yjbJ_predicted,1.1578947368421053,39,18,AGAAGCGAGTGTAGACAACG,21,5018215
yjbJ_predicted,0.631578947368421,29,18,ACTACCCTGCGCTACGGTTT,11,5011998
yjbJ_predicted,0.8947368421052632,34,18,ACAGAGTCGGTGGCCATTCT,16,5020384
yjbJ_predicted,0.3684210526315789,24,18,AATGTTGTTTAGTGGCAAGA,6,5024849
yjbJ_predicted,1.105263157894737,38,18,AATGTCATAACAAGTGCGAC,20,5025978
yjbJ_predicted,0.8421052631578947,33,18,AATCGTGAAGCTTCTAGCTG,15,5028153
yjbJ_predicted,0.3157894736842105,23,18,AATCGCATAAGCTGGGTACT,5,5005582
yjbJ_predicted,2.1578947368421053,58,18,AAGCGGGGCCAGTGGGGCCG,40,5015722
yjbJ_predicted,0.7894736842105263,32,18,AAAGTGGCGCTTGGGGCCGT,14,5012732
yjbJ_predicted,0.3888888888888889,23,17,TTTGTTCGCCGACACGCCCG,6,5030868
yjbJ_predicted,0.7777777777777778,30,17,TTGGTTATATCTGTTCGGTG,13,5019630
yjbJ_predicted,0.1111111111111111,18,17,TTGGCTTCCGTACTTCCTCA,1,5015324
yjbJ_predicted,0.3888888888888889,23,17,TTGCTGGCCTCTCACGACGT,6,5008595
yjbJ_predicted,1.3888888888888888,41,17,TTGCGGACTAGACGCTTAGG,24,5018915
yjbJ_predicted,0.2777777777777778,21,17,TTGCCTTTCAAACCTTGTCA,4,5017973
yjbJ_predicted,3.0555555555555554,71,17,TTCAGTTGCCCCCGCATCTT,54,4994822
yjbJ_predicted,0.8888888888888888,32,17,TTATCTTGCTACGGGGCACA,15,5026733
yjbJ_predicted,1.5,43,17,TTAATCCATCTAGTCTAAGA,26,5000369
yjbJ_predicted,0.6111111111111112,27,17,TTAACTATTGTGTCAACGTA,10,4995981
yjbJ_predicted,1.2222222222222223,38,17,TGTCTTGAGTGGCATGGTTA,21,5016914
yjbJ_predicted,1.1666666666666667,37,17,TGTCGGGGGCAATCTGCCAA,20,4996543
yjbJ_predicted,0.8333333333333334,31,17,TGGTTCCCGGTTCGGGTGAG,14,5026406
yjbJ_predicted,0.16666666666666666,19,17,TGGTGTGCTTAGGAAAAAGC,2,4994740
yjbJ_predicted,0.3333333333333333,22,17,TGGAACTACCGAGACTTGGT,5,5026417
yjbJ_predicted,1.8333333333333333,49,17,TGCTCGGATATTGGGTTCCA,32,5006278
yjbJ_predicted,0.6666666666666666,28,17,TGCAAAGTCATACCAGGCCC,11,5028930
yjbJ_predicted,0.1111111111111111,18,17,TGAGGGTTCTCCCGCGATTG,1,5011605
yjbJ_predicted,0.7777777777777778,30,17,TCTTTGGTAGCCTCGCCCCG,13,5023679
yjbJ_predicted,1.2777777777777777,39,17,TCTGGTTGTACGTTCAAAAT,22,5008117
yjbJ_predicted,1.1111111111111112,36,17,TCGGCAACTAAGGCATGAGT,19,5018160
yjbJ_predicted,0.4444444444444444,24,17,TCGGACCGAGACTATCCGAC,7,5017447
yjbJ_predicted,0.2777777777777778,21,17,TCGCGCTGGACAGACCCTCT,4,5024553
yjbJ_predicted,0.5,25,17,TCGCACCACTGTCCTAATAT,8,5026268
yjbJ_predicted,2.5,61,17,TCGCAATAATGGTTCATATC,44,5006304
yjbJ_predicted,1.6111111111111112,45,17,TCAGCGCGGCCACTTCTTAG,28,4996197
yjbJ_predicted,0.7222222222222222,29,17,TCACGTGACTTATTACCGCT,12,5028492
yjbJ_predicted,1.7777777777777777,48,17,TATTGCACTTTGCTAAGATG,31,5009487
yjbJ_predicted,1.0,34,17,TATCAGGTACGTTTTGGTTC,17,5014013
yjbJ_predicted,0.16666666666666666,19,17,TATAGGGTAGCACGACTTGT,2,5007600
yjbJ_predicted,0.16666666666666666,19,17,TATAATTCCCAATCATCATC,2,5002403
yjbJ_predicted,0.3888888888888889,23,17,TAGGCCCAACGATAATGTAT,6,5008011
yjbJ_predicted,0.7222222222222222,29,17,TACGCCACTGGACCGGAAGA,12,5001124
yjbJ_predicted,0.16666666666666666,19,17,TACCCAAGTACTCAACTATC,2,5007399
yjbJ_predicted,1.8333333333333333,49,17,TAATCGGCGAGTGCCGGGCG,32,4999348
yjbJ_predicted,1.1666666666666667,37,17,GTTTTGAGAACGTACTCACC,20,5019404
yjbJ_predicted,0.5555555555555556,26,17,GTTTGTCTGCATTGGATGCG,9,5005652
yjbJ_predicted,0.3333333333333333,22,17,GTCGTTCGGCACCGTACAAG,5,5024969
yjbJ_predicted,0.5555555555555556,26,17,GTCCGTTGCAAAAACACTTA,9,5016390
yjbJ_predicted,0.9444444444444444,33,17,GTAGGTATCGTGCTGAACGA,16,4999355
yjbJ_predicted,1.2777777777777777,39,17,GTACAGACTGAATCCGACGG,22,5029063
yjbJ_predicted,0.4444444444444444,24,17,GTAAAAACCGCTTCGGAAAG,7,5008393
yjbJ_predicted,0.1111111111111111,18,17,GGTTTCTCAGTTTGGGACGA,1,5017788
yjbJ_predicted,2.2222222222222223,56,17,GGTGCGTGGGTTTTCTTCAT,39,5016849
yjbJ_predicted,1.4444444444444444,42,17,GGTCTTCAGCAATTGTTCGT,25,5010573
yjbJ_predicted,0.6666666666666666,28,17,GGTCCAATACGGCCACCTGC,11,5020181
yjbJ_predicted,0.16666666666666666,19,17,GGTCATCGTTGCCCTTCAGT,2,5018079
yjbJ_predicted,1.3333333333333333,40,17,GGTATCTGACGGTGGACCAT,23,5007447
yjbJ_predicted,1.1111111111111112,36,17,GGGGCATAGCACTCACAACA,19,5031187
yjbJ_predicted,1.8888888888888888,50,17,GGGCGTTGATTAGAATTCCT,33,5004229
yjbJ_predicted,1.6111111111111112,45,17,GGCGCACAAACACTTTTGTA,28,4998926
yjbJ_predicted,0.1111111111111111,18,17,GGCCACTATTACATCTTCGA,1,5026954
yjbJ_predicted,0.2222222222222222,20,17,GGAGCTACCTAGCGTGCTCT,3,4994684
yjbJ_predicted,1.0,34,17,GGAGAGGTGCCACGAGCCCT,17,5020420
yjbJ_predicted,0.5,25,17,GGAACTGGGGTGCCACGATA,8,5021495
yjbJ_predicted,0.6666666666666666,28,17,GCTTGTGTATTCCCAACCGA,11,5007893
yjbJ_predicted,1.1111111111111112,36,17,GCTTGGCTTGCCCGCTTAAG,19,5024282
yjbJ_predicted,1.0555555555555556,35,17,GCTCGTAGCCTGAAATGATC,18,5012062
yjbJ_predicted,0.6111111111111112,27,17,GCTACCCTGTTACTTCGGAA,10,5015164
yjbJ_predicted,1.1666666666666667,37,17,GCGCTCTGCGCCAGCAGATA,20,4995102
yjbJ_predicted,0.5,25,17,GCGCCACGAAGTGTTGATGG,8,5017216
yjbJ_predicted,1.3333333333333333,40,17,GCCAGGACTTGTGCGCTGTA,23,5016105
yjbJ_predicted,0.9444444444444444,33,17,GCATAAGCGAACATCCAGGA,16,5006283
yjbJ_predicted,0.6111111111111112,27,17,GCAAGATATTGTGTCAGGGT,10,5001925
yjbJ_predicted,0.7777777777777778,30,17,GAGCCGCGGCTAGTGTGCAA,13,5005252
yjbJ_predicted,0.1111111111111111,18,17,GAGAACATTGGAGTAAGTTT,1,5010535
yjbJ_predicted,1.0,34,17,GACATACCTGGCAAGCTAGT,17,5027537
yjbJ_predicted,1.1666666666666667,37,17,GAAGTGCCCGTCCCTTAACT,20,5006472
yjbJ_predicted,0.1111111111111111,18,17,CTTAGTCACCAAGGTGTAAG,1,5011333
yjbJ_predicted,1.2222222222222223,38,17,CTCGGAAGCGAGGTCCTCCA,21,5009030
yjbJ_predicted,1.1666666666666667,37,17,CTCATAAGGCACATACTAAT,20,5012319
yjbJ_predicted,0.3333333333333333,22,17,CTATATAGAAGGCTTTGTTA,5,5007800
yjbJ_predicted,0.16666666666666666,19,17,CTAATATCAGTGAAACATCA,2,5013998
yjbJ_predicted,0.6111111111111112,27,17,CGTGAGCGCAAAGTAGTCAG,10,5016616
yjbJ_predicted,0.6666666666666666,28,17,CGTAGTGTAACTCCCGGCTT,11,5003610
yjbJ_predicted,0.6111111111111112,27,17,CGGGTGAATTTGGCTAAGTG,10,5023749
yjbJ_predicted,1.1111111111111112,36,17,CGGGGGAAACGTTTGGGAGA,19,5016693
yjbJ_predicted,0.6111111111111112,27,17,CGGGAGAGAGACTAGATTAA,10,5010832
yjbJ_predicted,0.5,25,17,CGGACTATTTGGGTCGTTGC,8,5005353
yjbJ_predicted,0.2777777777777778,21,17,CGCTCTTAGGAACCCTCGGA,4,5007069
yjbJ_predicted,0.2222222222222222,20,17,CGACGACCACTCTAATAAGG,3,5019584
yjbJ_predicted,1.1111111111111112,36,17,CGAAGGCCGGAGTGAGGTTG,19,4997796
yjbJ_predicted,1.2777777777777777,39,17,CCCTAAGGGTAGTGCTTCGC,22,5001943
yjbJ_predicted,0.5,25,17,CCCCACCCCATATTCACCCT,8,5018487
yjbJ_predicted,0.2222222222222222,20,17,CCATTTGCCTCTCCAATATA,3,5013108
yjbJ_predicted,0.2777777777777778,21,17,CATGATGCCGTGCAAGTTAA,4,5006251
yjbJ_predicted,0.1111111111111111,18,17,CATCGGTTTACACCCAAGAT,1,5009183
yjbJ_predicted,2.3333333333333335,58,17,CAGGGACAGCGGCTGCCCGG,41,5026028
yjbJ_predicted,0.5555555555555556,26,17,CAGGCCCTGGTAGAACAACG,9,5025519
yjbJ_predicted,1.9444444444444444,51,17,CAGGACCCATGTGATGCTAT,34,5017377
yjbJ_predicted,0.5555555555555556,26,17,CAGCGTGGGGTTTCGTACAT,9,5018489
yjbJ_predicted,0.8333333333333334,31,17,CACTTGCCCGTGGCATTGCG,14,5010957
yjbJ_predicted,0.7777777777777778,30,17,CACGGTCTGCGGCAGTAATC,13,5017760
yjbJ_predicted,0.3888888888888889,23,17,CAACACTTGTGTCTACTAAG,6,4995249
yjbJ_predicted,1.0,34,17,ATTGCGTGGCGAACAGATAC,17,5012206
yjbJ_predicted,0.9444444444444444,33,17,ATTGAGGTCGGCCTTCCCAG,16,5028323
yjbJ_predicted,1.0,34,17,ATTCGACTCTCATCTGCGAG,17,5013859
yjbJ_predicted,0.1111111111111111,18,17,ATTATAAGAAGCGCTTATAG,1,5026467
yjbJ_predicted,0.8333333333333334,31,17,ATCGCACATGACTACACTTC,14,5003204
yjbJ_predicted,0.1111111111111111,18,17,ATCCAACAAGCTCCCATTAG,1,5007499
yjbJ_predicted,0.2222222222222222,20,17,ATATAAATCCCTATTAGCCA,3,5002667
yjbJ_predicted,1.4444444444444444,42,17,ATACGAGTCAAGGCCGTACT,25,5020024
yjbJ_predicted,0.2777777777777778,21,17,AGGTAATCGCAGTGAGCCAT,4,5012556
yjbJ_predicted,0.5,25,17,AGCCCCTCTCCATTCCGGTA,8,5009915
yjbJ_predicted,1.0555555555555556,35,17,AGAAATGTTGAAGGAGGCTC,18,5002879
yjbJ_predicted,0.6666666666666666,28,17,ACTGGCCAAGTATCCAACGG,11,5024983
yjbJ_predicted,2.0,52,17,ACTCACATACCATTGGGTGT,35,5009982
yjbJ_predicted,0.1111111111111111,18,17,ACTAAGTCATGTTCTCGTGA,1,5005648
yjbJ_predicted,0.8888888888888888,32,17,ACGTGTTTCTATGTTGCCGT,15,5019163
yjbJ_predicted,0.5,25,17,ACGTCATGACTGACGTATTA,8,5017664
yjbJ_predicted,0.3333333333333333,22,17,ACGGTGGAGATGTAAACAGT,5,5030013
yjbJ_predicted,0.4444444444444444,24,17,ACGGCACCGAAGTTCTTCGG,7,5006282
yjbJ_predicted,0.8888888888888888,32,17,ACCGCGGCCCTGTGCGCGCC,15,5013985
yjbJ_predicted,0.7222222222222222,29,17,ACCCGAGGGCGTCTACTGCT,12,5008224
yjbJ_predicted,1.2777777777777777,39,17,ACCCCCCTCAGAACCGACTC,22,5002215
yjbJ_predicted,0.16666666666666666,19,17,ACATGAGTTGTGCTGATGCA,2,5003087
yjbJ_predicted,1.2777777777777777,39,17,ACAAGATGTATTACTAGATA,22,5021938
yjbJ_predicted,1.1111111111111112,36,17,AATTTACTCGGTACCACAGT,19,4999275
yjbJ_predicted,0.1111111111111111,18,17,AATAGGATATCTGTCTTCAA,1,5009401
yjbJ_predicted,0.9444444444444444,33,17,AAGTGATGTGCGGATGGGTC,16,5006332
yjbJ_predicted,1.5555555555555556,44,17,AAGGTTCTCTCACAAGGCAT,27,5029337
yjbJ_predicted,0.6666666666666666,28,17,AAGATGGACCTCGTTATAAC,11,5012318
yjbJ_predicted,1.4444444444444444,42,17,AACCCTTGATCTTCTCAGCT,25,4996169
yjbJ_predicted,1.4444444444444444,42,17,AAATTAGACGGCTTCCATCA,25,5004649
yjbJ_predicted,0.4444444444444444,24,17,AAACCCCAGGTATGCGTATT,7,5005688
yjbJ_predicted,0.11764705882352941,17,16,TTTTTGTGGGTGAGGATTTG,1,5023449
yjbJ_predicted,0.47058823529411764,23,16,TTAGGATCCGCAGGCATATA,7,4996081
yjbJ_predicted,0.7058823529411765,27,16,TTAAACGTGGTGACTGAGGG,11,5025062
yjbJ_predicted,0.8235294117647058,29,16,TGTTATGGCGATCTGGATTA,13,5017756
yjbJ_predicted,1.411764705882353,39,16,TGGGTCAATATAATCGGAAC,23,5002853
yjbJ_predicted,1.1764705882352942,35,16,TGGCACTTCACCATTTTCTC,19,5014819
yjbJ_predicted,0.7647058823529411,28,16,TGCTGCTGCCCGTTCTCGAA,12,5014547
yjbJ_predicted,4.294117647058823,88,16,TGCGGAATGAGTAAGTGGGT,72,5010947
yjbJ_predicted,0.11764705882352941,17,16,TGCGCTACGGAAGCTGCACA,1,4996795
yjbJ_predicted,1.0,32,16,TGAGCAAAAAGGAAGGCCTA,16,5019392
yjbJ_predicted,2.176470588235294,52,16,TGAATTGTGAGAAGTAATGA,36,5002781
yjbJ_predicted,0.35294117647058826,21,16,TGAATCGACTTGTTCGTGCT,5,5005647
yjbJ_predicted,0.29411764705882354,20,16,TCTTCGGGGAAAAATATGGA,4,4996899
yjbJ_predicted,0.35294117647058826,21,16,TCTAGTCCGTGATCATCCTT,5,5010259
yjbJ_predicted,0.11764705882352941,17,16,TCGACGGTACGCAGGACAGG,1,5007196
yjbJ_predicted,0.11764705882352941,17,16,TCCCGATCTCATAATATAAG,1,4997275
yjbJ_predicted,1.2352941176470589,36,16,TCAATGGACTCTTGGTGCTT,20,5007143
yjbJ_predicted,0.8235294117647058,29,16,TAGCTCCATTCACCTGCCGT,13,5026509
yjbJ_predicted,0.5882352941176471,25,16,TAGCCTTCTCTGTGGGTTCA,9,5024286
yjbJ_predicted,1.1764705882352942,35,16,TAGAGAGACCCTCATGGCGA,19,5003852
yjbJ_predicted,1.4705882352941178,40,16,TACAGTTGTTTGTTTCTAGC,24,5020671
yjbJ_predicted,0.47058823529411764,23,16,GTTTAACTTAGGCAGAGATG,7,5024802
yjbJ_predicted,1.2352941176470589,36,16,GTTGCAGAGTCATTAGCGGT,20,5019226
yjbJ_predicted,1.3529411764705883,38,16,GTTGAACTCCTTACACCATG,22,5027304
yjbJ_predicted,1.0,32,16,GTGATAGCGCCGGCTCGGTC,16,5022131
yjbJ_predicted,0.9411764705882353,31,16,GTGAGGAGATACGGTCGATA,15,5015231
yjbJ_predicted,1.2941176470588236,37,16,GTCCCTTACTAGGTACATCA,21,5001419
yjbJ_predicted,1.1764705882352942,35,16,GTATTGTTAGACTATCGTGC,19,5017238
yjbJ_predicted,1.1764705882352942,35,16,GGTTGAAAGTTGTGTTTGAG,19,4999725
yjbJ_predicted,0.11764705882352941,17,16,GGTAGCTCTTCAAGGGTTGT,1,5015583
yjbJ_predicted,0.11764705882352941,17,16,GGGTGACGCGCAGGCAGAGG,1,5019670
yjbJ_predicted,0.11764705882352941,17,16,GGGTAAGGGCGGTCAGTTTG,1,5019769
yjbJ_predicted,0.7058823529411765,27,16,GGGGGGGTGCGATCCGGGGT,11,5024921
yjbJ_predicted,0.7647058823529411,28,16,GGCTCCTCTCTTACGCCTAT,12,5025283
yjbJ_predicted,0.7647058823529411,28,16,GGCTACGTTACCCCGTTAGT,12,5024825
yjbJ_predicted,0.7647058823529411,28,16,GGCCAAGCTCCCCTGCGACG,12,5004259
yjbJ_predicted,1.0588235294117647,33,16,GGAGGGCTGGTTTGTGCAAC,17,5015508
yjbJ_predicted,0.5294117647058824,24,16,GGAAAAGAAGCAATGAGCGA,8,5028160
yjbJ_predicted,0.35294117647058826,21,16,GCGGACTCTTCTATGATACT,5,5007451
yjbJ_predicted,1.1176470588235294,34,16,GCGCATTGGCCAACCCCTTG,18,4998492
yjbJ_predicted,0.4117647058823529,22,16,GCCCCACGCCCGTGCACTAC,6,5022680
yjbJ_predicted,0.5294117647058824,24,16,GCATTCATGGAAGAAAAGGA,8,5013225
yjbJ_predicted,0.8823529411764706,30,16,GCATTCAACGTCAACGTTGC,14,5020175
yjbJ_predicted,0.8235294117647058,29,16,GAGCTCCGCTATACTTAGTG,13,5022842
yjbJ_predicted,1.7058823529411764,44,16,GACAGTACGATCAAAATCTT,28,5007975
yjbJ_predicted,0.8823529411764706,30,16,GAAGGCTTGGACTGACTTCC,14,5010812
yjbJ_predicted,0.47058823529411764,23,16,CTTTAGTGACATAACTTTCC,7,5026665
yjbJ_predicted,0.7647058823529411,28,16,CTGTCACTTTCTCTTGCCTC,12,5012986
yjbJ_predicted,1.0588235294117647,33,16,CTCTGGGACTTAATCGTTCT,17,4996565
yjbJ_predicted,0.5294117647058824,24,16,CTCCGTATTCGCGGAATTGT,8,5014538
yjbJ_predicted,2.823529411764706,63,16,CTCCGAGATGTGGTGAACAA,47,5030043
yjbJ_predicted,0.7647058823529411,28,16,CTAGGGAGTTTCATCCGATA,12,5026651
yjbJ_predicted,1.0,32,16,CTAGAGAGAGGAAACAAATT,16,4995848
yjbJ_predicted,0.11764705882352941,17,16,CTACGTTTCCGCTGTCCGTT,1,5011867
yjbJ_predicted,1.1764705882352942,35,16,CTAATTGTTTATGGGCGGCT,19,5023677
yjbJ_predicted,0.8235294117647058,29,16,CTAATAAACTCTGGATTCAT,13,5023273
yjbJ_predicted,1.1176470588235294,34,16,CGTCCCCTCCATTATCTGAA,18,5020957
yjbJ_predicted,1.2941176470588236,37,16,CGTACTGCGTACCTCAACTT,21,5015336
yjbJ_predicted,0.5294117647058824,24,16,CGGGACGACCGTCAGCGAAC,8,5016259
yjbJ_predicted,1.0588235294117647,33,16,CGAATCTACAAATACGCGCC,17,5022965
yjbJ_predicted,1.588235294117647,42,16,CCTGTTAACGACGCCACTCT,26,5000559
yjbJ_predicted,0.5882352941176471,25,16,CCCCTTATCACTTGACCCAA,9,5025488
yjbJ_predicted,0.8235294117647058,29,16,CCCAGTTGTTCAACGGCAAC,13,5028567
yjbJ_predicted,0.6470588235294118,26,16,CCATTGCCGATCGCCGCGGT,10,5007148
yjbJ_predicted,2.1176470588235294,51,16,CCACCGTCTGCCCTCGTTTC,35,5017426
yjbJ_predicted,0.8823529411764706,30,16,CATGTGTATAACCGCTATCT,14,5028913
yjbJ_predicted,0.5882352941176471,25,16,CATGCGTACCAAGGATATAC,9,5019041
yjbJ_predicted,1.411764705882353,39,16,CATCCACAGCACTATCATTA,23,4995681
yjbJ_predicted,0.4117647058823529,22,16,CATATTGTATTGAGAATGAC,6,5006191
yjbJ_predicted,1.1176470588235294,34,16,CATATGTTCGATTATTACTC,18,5004382
yjbJ_predicted,1.2941176470588236,37,16,CACCGATTGAGTTTCTAGTC,21,5011021
yjbJ_predicted,1.2941176470588236,37,16,CAATTCTGAATTTGAATATA,21,5013684
yjbJ_predicted,0.11764705882352941,17,16,CAATCTACAGGTGTAGATAT,1,4999335
yjbJ_predicted,1.1176470588235294,34,16,CAAACCCTGCGGTACACGGA,18,5009957
yjbJ_predicted,0.23529411764705882,19,16,ATTTTCCGTAAATCCTTCTT,3,4996469
yjbJ_predicted,0.35294117647058826,21,16,ATCGCCACTTGAGTTACCGA,5,5019558
yjbJ_predicted,0.35294117647058826,21,16,ATAGGCCGTCCGCACATTAA,5,5004847
yjbJ_predicted,1.1176470588235294,34,16,AGTTGCCATGCTTTGTCATA,18,5012329
yjbJ_predicted,0.7058823529411765,27,16,AGTTAGCCCGATCTCACTTT,11,4995116
yjbJ_predicted,0.8823529411764706,30,16,AGTCAGAAGTACGTATCGCT,14,5015891
yjbJ_predicted,0.11764705882352941,17,16,AGTAGAAACCTAGGAAGGGA,1,5017956
yjbJ_predicted,0.17647058823529413,18,16,AGGCTGTTTCTCTCTCAAAT,2,5013934
yjbJ_predicted,0.8235294117647058,29,16,AGGCGCAGTATCTTCATACG,13,5028555
yjbJ_predicted,2.2941176470588234,54,16,AGGCCATGTCGGAACCGGCA,38,5008420
yjbJ_predicted,0.7058823529411765,27,16,AGGCAAGTGGTCTGCATCCC,11,5023896
yjbJ_predicted,0.23529411764705882,19,16,AGGATATAACGCGTAGAGTG,3,5011225
yjbJ_predicted,1.0588235294117647,33,16,AGCTGGTTCGGTATGATGCT,17,5002676
yjbJ_predicted,2.176470588235294,52,16,AGCGCTCCCTCGTCGCGTGC,36,5028548
yjbJ_predicted,0.9411764705882353,31,16,AGCCGTATGCCACTAATCTA,15,5006030
yjbJ_predicted,0.5882352941176471,25,16,AGCATTTAGGGTTGTCTAAA,9,5018268
yjbJ_predicted,2.5294117647058822,58,16,AGCAGACACAGACTCCAGAC,42,5021798
yjbJ_predicted,0.29411764705882354,20,16,AGACCCGTTTTGGGTCATCC,4,5004417
yjbJ_predicted,0.5294117647058824,24,16,ACGCACTAGGGGTGTAGCAT,8,5026928
yjbJ_predicted,1.1176470588235294,34,16,ACCTGATTCGCAAAGAGGCT,18,5011054
yjbJ_predicted,0.11764705882352941,17,16,AATGGTGTCTCTGCAGGAGA,1,5024403
yjbJ_predicted,1.2941176470588236,37,16,AATGAAGACGGTAGAAACGA,21,5015914
yjbJ_predicted,0.5882352941176471,25,16,AATAGGATGCGATGTTGGTC,9,5018832
yjbJ_predicted,0.8823529411764706,30,16,AACTCATTCAATTGCACGGA,14,5013822
yjbJ_predicted,1.0625,31,15,TTTTCTCACTTGCCATTATC,16,5027468
yjbJ_predicted,1.8125,43,15,TTTCGACAGTAGTAAACCTC,28,5018992
yjbJ_predicted,2.25,50,15,TTCATTTTATACCCTGTCCC,35,5013053
yjbJ_predicted,0.375,20,15,TTCATCTAGTACCACTAGGA,5,5023976
yjbJ_predicted,0.5625,23,15,TTCACACTCTGTATAGCAGT,8,5017173
yjbJ_predicted,0.5,22,15,TTAGGCCCTGCGCCCTCTAT,7,5022286
yjbJ_predicted,1.125,32,15,TGGTCACGATGCGCCCTGAG,17,5025031
yjbJ_predicted,1.1875,33,15,TGGTAGCGTGTCTCATGCGT,18,5011198
yjbJ_predicted,0.125,16,15,TGGCGAATGCATGCGTGATG,1,5027913
yjbJ_predicted,0.875,28,15,TGGATCCGTCCTCGATAGTT,13,4997740
yjbJ_predicted,1.625,40,15,TGCTTCGCAAATTTGAACTT,25,5012155
yjbJ_predicted,1.0625,31,15,TGACCAGCTCCCGAGCGTCG,16,5004249
yjbJ_predicted,0.875,28,15,TGAATCTTAACAAACACTTG,13,5016354
yjbJ_predicted,1.6875,41,15,TCTGACAACTGCACCAGGTC,26,5002955
yjbJ_predicted,0.3125,19,15,TCTAGGAAGTGGTGTCGACA,4,5021327
yjbJ_predicted,0.125,16,15,TCTAAGCTAAACGGGGTAGG,1,4999437
yjbJ_predicted,1.75,42,15,TCGGCAAAGCGATGCGTCTA,27,5014475
yjbJ_predicted,0.9375,29,15,TCCTTACACACGCAGTCATC,14,4996512
yjbJ_predicted,1.3125,35,15,TCCTCATAAGCGCTATCCGA,20,5012499
yjbJ_predicted,2.125,48,15,TCCCTAAGTGCCGTTAGATC,33,5015550
yjbJ_predicted,0.1875,17,15,TCCATAGAGTAAATTGCGGA,2,5020031
yjbJ_predicted,1.5,38,15,TCCAGGGTGGATCAAAGTGA,23,4998972
yjbJ_predicted,1.5,38,15,TCATTACAGTGCACCCTCTT,23,5023962
yjbJ_predicted,0.125,16,15,TCATGGATAAGACTCGTGTG,1,5013311
yjbJ_predicted,0.9375,29,15,TATTCGTTCGGACCATTGTA,14,5026324
yjbJ_predicted,0.25,18,15,TACAGCTCCAGTTTTGCTCC,3,5009180
yjbJ_predicted,0.625,24,15,TAAAATGGATCTTGCTCCTC,9,5017018
yjbJ_predicted,1.0625,31,15,TAAAAGTCCCGCACAGGCTT,16,5028151
yjbJ_predicted,0.4375,21,15,GTGGAGGGGGTTATCGTCTG,6,5022996
yjbJ_predicted,0.125,16,15,GTGCTAAGTACAAGTTAAAT,1,5011106
yjbJ_predicted,1.25,34,15,GTAACTGGCAATCCACGACT,19,5014501
yjbJ_predicted,0.125,16,15,GGTAATAGATGTAGTGATTT,1,5004647
yjbJ_predicted,3.25,66,15,GGGGGAGTGCGGACAAAGAG,51,4998952
yjbJ_predicted,0.5625,23,15,GGGGCCGGGAGTAAGTAGAA,8,5021228
yjbJ_predicted,3.0625,63,15,GGCGATACAGATACAGGTTG,48,4999114
yjbJ_predicted,0.75,26,15,GGAGTCCTACAGCGCTCGGC,11,5016492
yjbJ_predicted,0.6875,25,15,GGAATTATCCGCATTGTCCT,10,5015766
yjbJ_predicted,0.5,22,15,GCTCTCTGCAGGAAGGGTGA,7,5030263
yjbJ_predicted,0.5625,23,15,GCTCGTTGGATACTGATCCG,8,5017059
yjbJ_predicted,0.125,16,15,GCGCCGATGGCTCGATAGAT,1,5023046
yjbJ_predicted,0.4375,21,15,GCATTGGGATGAGTGCATGA,6,5000259
yjbJ_predicted,1.0625,31,15,GCATGCCTCTGATCCAATAT,16,5025609
yjbJ_predicted,0.1875,17,15,GATGATGTAGGGATAAGGCA,2,5010640
yjbJ_predicted,1.1875,33,15,GATAACTGTTTGGTCTCAAA,18,4999733
yjbJ_predicted,1.3125,35,15,GAGGGATCCAGCGTGGGTAT,20,5000823
yjbJ_predicted,0.25,18,15,GAGCCTCCACCAAGAAGCCG,3,5028775
yjbJ_predicted,0.8125,27,15,GACGTCGCACGCCACGGCGC,12,5006359
yjbJ_predicted,0.75,26,15,GACGAGCCGGAGAAGTCAGT,11,5010793
yjbJ_predicted,0.375,20,15,GAAGAATTTATAATGGTGCT,5,4998051
yjbJ_predicted,3.375,68,15,GAAAGCTCTACAAGGTATTT,53,5004606
yjbJ_predicted,0.125,16,15,GAAACCAGGCTCCACGGGTG,1,5016150
yjbJ_predicted,0.75,26,15,CTTCGCGCCACAGAACTTTG,11,5025600
yjbJ_predicted,0.875,28,15,CTTAGCACTGCTTTATTTGA,13,5017007
yjbJ_predicted,2.75,58,15,CTGTTTGCAGCCGCCCGCTT,43,5005898
yjbJ_predicted,1.0625,31,15,CTGGACTACCGCGTTTACTT,16,5029406
yjbJ_predicted,0.125,16,15,CTGATTTACGGTCCATCGTT,1,5016672
yjbJ_predicted,0.125,16,15,CTGACAGGGCTTGGTGATCA,1,5024853
yjbJ_predicted,1.9375,45,15,CTCATTTAGGCCCTAACGTG,30,4996459
yjbJ_predicted,0.3125,19,15,CTATAGACACACTTTTCAGT,4,5017152
yjbJ_predicted,0.8125,27,15,CGTTAGATGCGATGGATCTC,12,5004370
yjbJ_predicted,0.8125,27,15,CGTCGTCAGCAGGTTTAATG,12,5023098
yjbJ_predicted,0.125,16,15,CGTCACACACCGGCCACAGA,1,5006603
yjbJ_predicted,1.125,32,15,CGTAGTGTATTTCGTCGCGA,17,5000386
yjbJ_predicted,0.5,22,15,CGGTATCATCAAATATCACT,7,5026809
yjbJ_predicted,0.8125,27,15,CGGGCAAGGTACATTTCGCA,12,5008395
yjbJ_predicted,0.75,26,15,CGGACAGCGCAAAACAACTC,11,5010361
yjbJ_predicted,0.5,22,15,CGGAAGGTAACGGTTACGAC,7,5009600
yjbJ_predicted,0.625,24,15,CGGAACCCGGGGTGGGGCAG,9,5001699
yjbJ_predicted,0.125,16,15,CGCTGGCTGTCCGACGGGTT,1,4997156
yjbJ_predicted,0.5,22,15,CGCGGGGTGGGATACGCACG,7,5014721
yjbJ_predicted,0.4375,21,15,CGCGGCGGGTGGCCGATGTC,6,4994996
yjbJ_predicted,0.625,24,15,CGCGGCAGGGTCGGTATAGT,9,5010003
yjbJ_predicted,0.125,16,15,CGCCTGCCGTGTGTTGTGAG,1,5007000
yjbJ_predicted,0.4375,21,15,CGAGAGAGTCAATACTTCTA,6,5012317
yjbJ_predicted,1.1875,33,15,CCTATGACTGCTCGCTTTCA,18,5011546
yjbJ_predicted,0.3125,19,15,CCTAGGATAAGATAACTGTA,4,5014447
yjbJ_predicted,1.9375,45,15,CCGTTAGGAGGTCGCCGCGG,30,5008640
yjbJ_predicted,2.125,48,15,CCCTGGGTTGACACCCGCTA,33,4995700
yjbJ_predicted,0.9375,29,15,CCCCATACGTCATCATCCCT,14,5011123
yjbJ_predicted,0.5625,23,15,CCCATTACACCTTGACCATT,8,5010456
yjbJ_predicted,0.3125,19,15,CCAGGAGCGTCAGTCGTCGT,4,5015167
yjbJ_predicted,0.75,26,15,CCACATTGGTCGCTATTGCT,11,4998592
yjbJ_predicted,0.375,20,15,CATTCGAATCTATAGGCGCA,5,5010265
yjbJ_predicted,0.1875,17,15,CATGGATATTTTGTCACGCA,2,5029213
yjbJ_predicted,0.9375,29,15,CATGCCCGGAGGCTCAATTG,14,5001760
yjbJ_predicted,1.0625,31,15,CATCAGACTGTGATGCCCAC,16,4999801
yjbJ_predicted,0.9375,29,15,CATACCCCGGAGAGCAATAG,14,5006877
yjbJ_predicted,0.6875,25,15,CAGGTGATGAGACTGTAACA,10,5004375
yjbJ_predicted,0.5,22,15,CAGGCCGTAGGCAGCTCATC,7,5020599
yjbJ_predicted,0.4375,21,15,CACAGTTTTTTATGGATGAT,6,5020351
yjbJ_predicted,0.75,26,15,CAACGGTTAGGACGAGTAGA,11,5026568
yjbJ_predicted,1.75,42,15,CAAATAAGTGCCGATGAGAC,27,5013858
yjbJ_predicted,0.5,22,15,ATTTACCACCCAGCACTTTA,7,5031120
yjbJ_predicted,0.25,18,15,ATCTGGGTTTGCCGTGTAAA,3,5028149
yjbJ_predicted,1.0,30,15,ATCTCACCAGCGACAACAGT,15,5018443
yjbJ_predicted,1.125,32,15,ATCGAACGTGGTAATGCCGC,17,5002862
yjbJ_predicted,0.6875,25,15,ATCAGCAACTCAAGAGTTAA,10,5002836
yjbJ_predicted,1.5625,39,15,ATATTTTAGGCGCTCGGAAT,24,5017896
yjbJ_predicted,1.6875,41,15,AGTGGCCGGCTGGATAATCT,26,5005861
yjbJ_predicted,0.6875,25,15,AGTCGCAGCCCGACAAAATA,10,5007230
yjbJ_predicted,1.3125,35,15,AGCGACTTTTTCGGGCTTTG,20,4999371
yjbJ_predicted,1.1875,33,15,AGATGAATCGCACCAATGAA,18,5018007
yjbJ_predicted,1.0,30,15,ACGCCGACACCTGTGCCAGT,15,5025852
yjbJ_predicted,2.0,46,15,ACGCCATTTAACGTAGTCGT,31,5012228
yjbJ_predicted,1.75,42,15,ACCCTAGTCGCCAGACTCAA,27,4995825
yjbJ_predicted,1.75,42,15,ACCCATTGGCCGGTTAAAAG,27,5023411
yjbJ_predicted,0.625,24,15,ACAATCGTCGTCTTTCGTAG,9,4995007
yjbJ_predicted,1.125,32,15,AATTTTAAGCGTAACATCAA,17,4999958
yjbJ_predicted,0.3125,19,15,AAGTCTGCACCCTTTTGTCA,4,5002758
yjbJ_predicted,0.125,16,15,AAATTAAACACTACAGAGTT,1,5020348
yjbJ_predicted,0.2,16,14,TTGGAAAGCAAACATAAGTA,2,5003934
yjbJ_predicted,0.7333333333333333,24,14,TTGAGTAGAGGCACAAAATA,10,5030503
yjbJ_predicted,2.3333333333333335,48,14,TTCCCACATCTCGCCAAAGG,34,5003366
yjbJ_predicted,0.13333333333333333,15,14,TTATTATCGGTGGGTCAGGA,1,5016300
yjbJ_predicted,3.6666666666666665,68,14,TTAGTCACGGTTCTCTGATC,54,5021041
yjbJ_predicted,0.13333333333333333,15,14,TTAATTACATTAGTAGTCCA,1,5003896
yjbJ_predicted,0.7333333333333333,24,14,TGTTTCCTCAATGATCGGCC,10,5014401
yjbJ_predicted,0.26666666666666666,17,14,TGTTCGAAACCACACTACTC,3,5028093
yjbJ_predicted,2.933333333333333,57,14,TGGTAACTATGCGCCGCACA,43,5019185
yjbJ_predicted,0.6,22,14,TGGCGGGAGCGACGCCCGCA,8,5014980
yjbJ_predicted,0.4666666666666667,20,14,TGCATCTTCCAGGCTTCTCG,6,5018735
yjbJ_predicted,1.0,28,14,TGATCCGGGAGCCGATTCAA,14,5011301
yjbJ_predicted,1.7333333333333334,39,14,TGAGGTCTTAGCCAAAGCTG,25,5002892
yjbJ_predicted,4.733333333333333,84,14,TCTTGCTTTCGGAATCTTCT,70,5029083
yjbJ_predicted,1.4666666666666666,35,14,TCGGGTGCTCGTGTGCCCAT,21,4996954
yjbJ_predicted,0.6,22,14,TCGCGGATGGACGACCAGGA,8,5020080
yjbJ_predicted,0.26666666666666666,17,14,TCCTTTGAGCGCGTATGGTA,3,5025715
yjbJ_predicted,0.6,22,14,TCCGACGGCTTTCCCTTTAC,8,5004446
yjbJ_predicted,0.8,25,14,TCCCATCGGATAAAGTGATA,11,5006714
yjbJ_predicted,1.7333333333333334,39,14,TCCACATGTCCGATACTACC,25,5024656
yjbJ_predicted,0.13333333333333333,15,14,TCACTAGGTCTTCTCCACAT,1,5024375
yjbJ_predicted,1.8666666666666667,41,14,TATTAGAACTCGAATGGTAT,27,5007077
yjbJ_predicted,0.26666666666666666,17,14,TATTACCTGAGCGTATCCCT,3,5010273
yjbJ_predicted,0.6,22,14,TATCGGTGGGACGGTAAGAT,8,5011047
yjbJ_predicted,1.0,28,14,TATCGGTCCACGCGTATAAT,14,5015452
yjbJ_predicted,0.7333333333333333,24,14,TACTGGCCTTCCGGTTCACT,10,5017965
yjbJ_predicted,1.2,31,14,TACTACCGATAGGTGGTTAT,17,5020354
yjbJ_predicted,0.13333333333333333,15,14,TAATATATCGACCTGGCTCA,1,5001809
yjbJ_predicted,1.4,34,14,TAAGGCTCCAGTTCTAGTAT,20,5023410
yjbJ_predicted,0.6666666666666666,23,14,GTTGGGAGGCTCAGTGCCCG,9,5013893
yjbJ_predicted,0.26666666666666666,17,14,GTTGACCTCATTAGAAAGTC,3,4999910
yjbJ_predicted,0.4,19,14,GTTAGGATGTGAAGCAACGT,5,5027595
yjbJ_predicted,0.5333333333333333,21,14,GTGTCGGACCTGTCGGAGCC,7,5015497
yjbJ_predicted,0.6,22,14,GTGTCAAATAACAGGTGTTC,8,5009131
yjbJ_predicted,0.7333333333333333,24,14,GTAGGCCCCGGAAGTTTATC,10,4996382
yjbJ_predicted,0.9333333333333333,27,14,GGTTGACTTTATGGATATGT,13,5005901
yjbJ_predicted,0.26666666666666666,17,14,GGTGACAAAGACCGGCCGCA,3,5016567
yjbJ_predicted,1.0,28,14,GGGGTAACCATAACCAGTTA,14,5028129
yjbJ_predicted,0.13333333333333333,15,14,GGGGCAAGTTCACGGCGCTA,1,4998148
yjbJ_predicted,1.0666666666666667,29,14,GGGCAGAGTGTGCTCGCTAA,15,5005015
yjbJ_predicted,0.3333333333333333,18,14,GGGATTTGTGCAGTTTAACG,4,4999084
yjbJ_predicted,0.13333333333333333,15,14,GGCGCTCCGGACTAAAAGTT,1,4997711
yjbJ_predicted,0.6666666666666666,23,14,GGATTAGCCGTGGAGATCCA,9,5012467
yjbJ_predicted,0.7333333333333333,24,14,GGAGGTTATGTGTCAGCTAG,10,5011481
yjbJ_predicted,1.0,28,14,GGAGAATCCTGTTGGCAAGT,14,5018539
yjbJ_predicted,0.5333333333333333,21,14,GCTTTTATAAGGGGGCACAA,7,5019259
yjbJ_predicted,1.5333333333333334,36,14,GCTCGTGCACCAGTCCACAC,22,5019175
yjbJ_predicted,1.3333333333333333,33,14,GCGCCCGTAGACAGCGCTTG,19,5022310
yjbJ_predicted,0.13333333333333333,15,14,GCGAGTGATCTAGGTCCACA,1,4998748
yjbJ_predicted,1.8,40,14,GCCGGACCTACCTTAAGGAT,26,5016044
yjbJ_predicted,3.2666666666666666,62,14,GCCGAACCGACACTCCATCT,48,5006438
yjbJ_predicted,1.8,40,14,GCCAAGCCCCACATCGCGCC,26,5006899
yjbJ_predicted,0.13333333333333333,15,14,GCACGCGTTAGATTCTCGTA,1,4995746
yjbJ_predicted,0.6666666666666666,23,14,GCAAGTTCAAAGTACGGTCT,9,5016639
yjbJ_predicted,2.0,43,14,GCAAGTCTATAGAGAGAACA,29,4997577
yjbJ_predicted,1.2,31,14,GATAACGCATTGATGCGTGG,17,5014781
yjbJ_predicted,0.5333333333333333,21,14,GAGGGCTAGGACGTCTTACA,7,5017207
yjbJ_predicted,0.7333333333333333,24,14,GACTTGCCAGTCGTTAGATG,10,5005777
yjbJ_predicted,0.13333333333333333,15,14,GACGCCAACCAGGTTCCGAT,1,5007466
yjbJ_predicted,0.9333333333333333,27,14,GACAGCCATAGCTGAACACA,13,5007035
yjbJ_predicted,0.7333333333333333,24,14,GAATCCCATGATGCATTGGC,10,5022550
yjbJ_predicted,3.0,58,14,GAAGGTTGGCGTATGGGTAT,44,5007114
yjbJ_predicted,1.3333333333333333,33,14,GAACACTTCGCGACCTCTTT,19,5010217
yjbJ_predicted,0.5333333333333333,21,14,CTTCTGGTCAACCGTGCTAT,7,4995454
yjbJ_predicted,0.13333333333333333,15,14,CTTCATGTTTGGTGATAGTT,1,4999954
yjbJ_predicted,0.26666666666666666,17,14,CTTACCATCACCTAAATTTT,3,4999111
yjbJ_predicted,1.9333333333333333,42,14,CTTAACGTTCCAAGGCAATG,28,5017584
yjbJ_predicted,0.2,16,14,CTGGACTACCTACACACTCC,2,4999296
yjbJ_predicted,0.8,25,14,CTGGACAGTAAAACATACTT,11,5024750
yjbJ_predicted,0.2,16,14,CTGACGACATCGTCAATCCT,2,5029305
yjbJ_predicted,0.8,25,14,CTCGACCCAGCTTGATCTTA,11,5003408
yjbJ_predicted,0.8,25,14,CTCCTTGCGGGAGGGAGTTA,11,5015321
yjbJ_predicted,0.5333333333333333,21,14,CTCACGTGTAGCTGTGGTGC,7,5006298
yjbJ_predicted,0.8666666666666667,26,14,CTAGTCCTATATACAGCTTT,12,5012551
yjbJ_predicted,1.2666666666666666,32,14,CGTCTACCAGCAGAGTACTG,18,5002915
yjbJ_predicted,2.0,43,14,CGGCATACGGAGCTATATCA,29,5008116
yjbJ_predicted,1.1333333333333333,30,14,CGCGCGCCGCGCGTACATAT,16,5028313
yjbJ_predicted,2.0,43,14,CGCCCGATCGGATCGCTTTA,29,5001085
yjbJ_predicted,1.5333333333333334,36,14,CGCACATTCCAGGAAACAAC,22,4999601
yjbJ_predicted,1.4,34,14,CGAACTAACTCAGTGATGTG,20,4995873
yjbJ_predicted,0.5333333333333333,21,14,CCGGACTTGGCGGGTTACTA,7,5006473
yjbJ_predicted,3.066666666666667,59,14,CCCGACGATTCTGGCAAGGA,45,5030089
yjbJ_predicted,0.4,19,14,CCATTCGATCGATTCCGCGA,5,5006097
yjbJ_predicted,0.7333333333333333,24,14,CCAGTTCGTTTAGTAGTTTG,10,5012754
yjbJ_predicted,1.8666666666666667,41,14,CCAGTGTTACGGTACAGCTT,27,5028647
yjbJ_predicted,0.7333333333333333,24,14,CATTTTGGATCGTATTAGAC,10,5025281
yjbJ_predicted,0.3333333333333333,18,14,CAGGACCACTCAATTAGCGT,4,5027548
yjbJ_predicted,1.2,31,14,CAGATAGCATTCCCTACACA,17,5010962
yjbJ_predicted,0.7333333333333333,24,14,CACCACGGCAGCATAATCAA,10,5022362
yjbJ_predicted,0.6,22,14,CACAGGGAAACGCGTTTGTC,8,5028193
yjbJ_predicted,0.9333333333333333,27,14,CAACATTGCGTGCCGGGGAG,13,5006063
yjbJ_predicted,0.8666666666666667,26,14,ATTGGTGGTGGACAACTTCG,12,5026274
yjbJ_predicted,2.3333333333333335,48,14,ATTAACTGTCGGGTCGATGT,34,5016529
yjbJ_predicted,7.666666666666667,128,14,ATGCGCTAGACCTATCGTTG,114,4998951
yjbJ_predicted,0.3333333333333333,18,14,ATGAGGCCACGACCTACCCA,4,4999766
yjbJ_predicted,1.0666666666666667,29,14,ATGACAGGGAACCTCGACTA,15,5007406
yjbJ_predicted,0.6666666666666666,23,14,ATCTTACCAAGCTTAATTAC,9,5003579
yjbJ_predicted,0.4,19,14,ATCGTCTTCATGACAATGTA,5,4999960
yjbJ_predicted,0.5333333333333333,21,14,ATCCTCCTCAGGGGATGATA,7,4997859
yjbJ_predicted,0.8666666666666667,26,14,AGTAACGCGTATCAAATACG,12,5008189
yjbJ_predicted,1.0666666666666667,29,14,AGGATCCGTCATGACAGTTA,15,5024134
yjbJ_predicted,0.5333333333333333,21,14,AGGACCTGGCTCCGACAAAC,7,4996696
yjbJ_predicted,0.9333333333333333,27,14,AGCTTACAATCCGCTTGTAG,13,5001093
yjbJ_predicted,0.4,19,14,AGCTGATAACCGGGAAATAT,5,5002025
yjbJ_predicted,1.2,31,14,AGATATAGGAGAATGGTGTC,17,5002135
yjbJ_predicted,0.4,19,14,AGACTGTAAGCGTAAGCACA,5,5019348
yjbJ_predicted,0.8666666666666667,26,14,AGACACGCCCTTAAGGGGAA,12,4998899
yjbJ_predicted,0.26666666666666666,17,14,ACGACTGCTTCATTTGGTAA,3,5027406
yjbJ_predicted,2.2,46,14,ACCCAAGAATCAATCCGATT,32,5006927
yjbJ_predicted,0.5333333333333333,21,14,ACATCGTGAGACGCTGCACG,7,5020717
yjbJ_predicted,0.7333333333333333,24,14,ACAGTCTCCCCTTAAGGTGT,10,4995726
yjbJ_predicted,0.8,25,14,ACAGGTACGTGTTCTAATTC,11,5005277
yjbJ_predicted,0.13333333333333333,15,14,ACAACGCTATCTCATAATGC,1,5002019
yjbJ_predicted,0.5333333333333333,21,14,AATGGGGCTCCGCCCGATTT,7,5019438
yjbJ_predicted,0.26666666666666666,17,14,AATGAAGCTGCGCAGGTTTG,3,5005053
yjbJ_predicted,0.4666666666666667,20,14,AATCGGGGACCTGACGAAGC,6,5013334
yjbJ_predicted,0.7333333333333333,24,14,AATATGACTGAGTGTTCGCA,10,5024490
yjbJ_predicted,1.6,37,14,AATAACTTATGAGTGTTCTT,23,4995576
yjbJ_predicted,0.6,22,14,AAGTTTGTCACGACAGTGCG,8,5021475
yjbJ_predicted,0.7333333333333333,24,14,AAGTTGCTTATGGGACCACT,10,5001170
yjbJ_predicted,0.5333333333333333,21,14,AAGTACCCGTGGTGACACGT,7,5015248
yjbJ_predicted,1.0666666666666667,29,14,AAGGCTTTCCCAATTTCCCT,15,5005092
yjbJ_predicted,0.4666666666666667,20,14,AACTCACTGGAATACAGCTT,6,5005271
yjbJ_predicted,1.2,31,14,AAAGGATCGGTACGTTTGCT,17,4994688
yjbJ_predicted,0.13333333333333333,15,14,AAACACACCGACAAATCTAT,1,5007184
yjbJ_predicted,0.7142857142857143,22,13,TTTTCTTTCTAAGTCCGGTT,9,5014291
yjbJ_predicted,0.6428571428571429,21,13,TTTCCGGGTTGAGTCGGGTC,8,4999184
yjbJ_predicted,2.5,47,13,TTTACGTCTGGTCCACATTG,34,5009753
yjbJ_predicted,1.2142857142857142,29,13,TTGGAAACCGACCTCAGATG,16,5019015
yjbJ_predicted,0.7142857142857143,22,13,TTGCCCCACGTTGGAGCTAC,9,4999349
yjbJ_predicted,0.5,19,13,TTGCCAGGCTTGAAAGGCGC,6,5016997
yjbJ_predicted,1.6428571428571428,35,13,TTGCATTGACTTCGATGTTC,22,4994687
yjbJ_predicted,1.3571428571428572,31,13,TTGATTGCCTCATGTACATA,18,5026446
yjbJ_predicted,0.14285714285714285,14,13,TTCGGTGTATTTAGCGCTTC,1,5003495
yjbJ_predicted,0.9285714285714286,25,13,TTCCTACCAAAAACCCCAAA,12,5006115
yjbJ_predicted,0.7142857142857143,22,13,TTCATGTAGACGAGGTATAT,9,5000821
yjbJ_predicted,0.2857142857142857,16,13,TGCTTGAGGGGTCATCAGCT,3,4997055
yjbJ_predicted,2.0714285714285716,41,13,TGCTGGCCAGGCGGCACGCA,28,4997247
yjbJ_predicted,1.7857142857142858,37,13,TGCGCGAAGGTGGCAGGGCG,24,5013938
yjbJ_predicted,1.0714285714285714,27,13,TGCGCACGCAGCTACACTCG,14,5013457
yjbJ_predicted,0.35714285714285715,17,13,TGATGCTGTCGCTGCCGACG,4,5000360
yjbJ_predicted,0.7857142857142857,23,13,TCTTACTGGTAGGACGCGTT,10,5019596
yjbJ_predicted,1.4285714285714286,32,13,TCTTACGGCTTACTGCAATT,19,5009660
yjbJ_predicted,0.21428571428571427,15,13,TCTCTAGAATGTTCGCGATT,2,5025759
yjbJ_predicted,0.35714285714285715,17,13,TCGTATTTGTATTAAACTCA,4,5015151
yjbJ_predicted,0.5,19,13,TCGGTAAGCAGGCACCAATC,6,5003195
yjbJ_predicted,1.2142857142857142,29,13,TCGGGACCTCGTCCGTGTCC,16,5010568
yjbJ_predicted,1.6428571428571428,35,13,TCGGCCGCGTGGGTCTTGCC,22,5000013
yjbJ_predicted,3.2857142857142856,58,13,TCATAAAGTGCTCCATATTT,45,4996331
yjbJ_predicted,0.35714285714285715,17,13,TCAGTCCCCCACTTTGGGAC,4,5001095
yjbJ_predicted,0.8571428571428571,24,13,TCAGGTACGCGCTCTTCACG,11,5020858
yjbJ_predicted,1.7857142857142858,37,13,TCACGGGCAATCCTAAGGCT,24,5004489
yjbJ_predicted,0.8571428571428571,24,13,TCAAAGCTAAACTCTAATCT,11,5022402
yjbJ_predicted,1.1428571428571428,28,13,TATTGTGGCCCTGATTATGT,15,5024047
yjbJ_predicted,0.7142857142857143,22,13,TATCTTACATTATTAGAAAT,9,5006387
yjbJ_predicted,1.4285714285714286,32,13,TATCGTTTCTGCAGGGCGTT,19,4997629
yjbJ_predicted,0.6428571428571429,21,13,TATCCCGCTACCGCTCGAGA,8,5026870
yjbJ_predicted,0.5,19,13,TAGGGCGGGACCGACCGGGT,6,5024300
yjbJ_predicted,1.7857142857142858,37,13,TAGCTTTGCCAAGCCGAAGA,24,5011925
yjbJ_predicted,1.3571428571428572,31,13,TAACAGGCGAGGGAAACTGA,18,4998113
yjbJ_predicted,1.0,26,13,GTTTTGAGGGATACGACACG,13,5025043
yjbJ_predicted,1.6428571428571428,35,13,GTTCTATCGTTCAGCGGAGC,22,5016245
yjbJ_predicted,0.6428571428571429,21,13,GTTAGGGCGTAAATATAAAA,8,5005360
yjbJ_predicted,1.9285714285714286,39,13,GTGGTTTCTGCTGGGAGTTC,26,5015688
yjbJ_predicted,1.2857142857142858,30,13,GTATTTACCACAGACCCAAG,17,5016696
yjbJ_predicted,1.1428571428571428,28,13,GTATTGCTCTTAAATTCTGA,15,4995806
yjbJ_predicted,0.6428571428571429,21,13,GTAGGCTGAAACAACGCTCG,8,5015335
yjbJ_predicted,0.5714285714285714,20,13,GTACACAACGAACACACGCT,7,4999962
yjbJ_predicted,1.2857142857142858,30,13,GGTTATGGCACTGTCAAGAG,17,5003378
yjbJ_predicted,0.5,19,13,GGGTCCTTATCGTGCGTCGT,6,5010164
yjbJ_predicted,0.21428571428571427,15,13,GGCGCGTCTCTCTTTAGTTT,2,5021159
yjbJ_predicted,0.9285714285714286,25,13,GGACGGACGTAGTATACTGA,12,5009617
yjbJ_predicted,0.21428571428571427,15,13,GCTTCAGCGGTCTCTAGGTT,2,5027683
yjbJ_predicted,1.3571428571428572,31,13,GCTGACACTCAAGGGTGCGA,18,4996623
yjbJ_predicted,0.9285714285714286,25,13,GCTCACTGGGCGCCCCTCGC,12,4997597
yjbJ_predicted,1.2857142857142858,30,13,GCGCGCATTCGCTGCATGGA,17,5012181
yjbJ_predicted,1.7142857142857142,36,13,GCCGTTATTAATACTCTATA,23,5014470
yjbJ_predicted,0.5714285714285714,20,13,GCATCGCGCATTCTTGCCCC,7,5002160
yjbJ_predicted,1.2142857142857142,29,13,GCATATCGTGACACGTTTAT,16,5024334
yjbJ_predicted,0.2857142857142857,16,13,GCAGGACCCTGCGACGGATG,3,5001559
yjbJ_predicted,1.0,26,13,GCAACGTCAGGGACGCAAAT,13,5012107
yjbJ_predicted,0.35714285714285715,17,13,GATAAAATCTAATACGCTAG,4,4998573
yjbJ_predicted,0.5714285714285714,20,13,GAGTTCGCCAGCATAAGAAT,7,5006993
yjbJ_predicted,0.6428571428571429,21,13,GAATTATCGGGAGGCTCATA,8,5020069
yjbJ_predicted,0.5714285714285714,20,13,GAAGGCATGTGTTACTGTTT,7,5012819
yjbJ_predicted,1.5,33,13,GAACGAACGTAGGAGGGTAC,20,5027060
yjbJ_predicted,0.35714285714285715,17,13,CTTAGCTCTTTTTCCCTTAA,4,5001105
yjbJ_predicted,0.8571428571428571,24,13,CTCGTCGTAGCTGGAGCGAT,11,5010895
yjbJ_predicted,0.5714285714285714,20,13,CTCCCTACCCAGTCGTCTAA,7,5012476
yjbJ_predicted,1.8571428571428572,38,13,CTCAACAAGTTTACGACTCT,25,5005273
yjbJ_predicted,1.4285714285714286,32,13,CTAGATCACCCCATCGGGGT,19,5024508
yjbJ_predicted,0.42857142857142855,18,13,CGTACCCAATACTTTGCGCC,5,5008300
yjbJ_predicted,1.0714285714285714,27,13,CGCTTCTAATTACTGGTTAC,14,5010618
yjbJ_predicted,1.8571428571428572,38,13,CGCAGCTCCTAGCCAATAAA,25,5025333
yjbJ_predicted,0.8571428571428571,24,13,CGACTTCCCAGGGTACTTTC,11,5016935
yjbJ_predicted,0.6428571428571429,21,13,CCTTGTAACGTCTTAATCGG,8,5029737
yjbJ_predicted,0.42857142857142855,18,13,CCTACGTAAATTGGTAGCTC,5,5002705
yjbJ_predicted,0.6428571428571429,21,13,CCTACCACCAACGTTGCATC,8,5024719
yjbJ_predicted,1.5,33,13,CCGACACGCCTGGTTAATCC,20,5022054
yjbJ_predicted,1.0,26,13,CCCGTTGAACTGTTACGTTG,13,5002107
yjbJ_predicted,1.2857142857142858,30,13,CCACTACTACCACGGTCAGC,17,4999615
yjbJ_predicted,0.14285714285714285,14,13,CCACGACGACTCCGCTTATA,1,5013693
yjbJ_predicted,0.7142857142857143,22,13,CCAACGGCCCTGACACTGGT,9,5030015
yjbJ_predicted,1.5,33,13,CCAAAGCTGCCTCTGCAGGG,20,5021016
yjbJ_predicted,1.0,26,13,CATTAAGCATAGAGGGGCTC,13,5006033
yjbJ_predicted,1.2857142857142858,30,13,CAGTAAAAGTTTGGGAGGTG,17,5023031
yjbJ_predicted,1.0714285714285714,27,13,CAGAGGGACATTTGGTGGTT,14,5016904
yjbJ_predicted,1.5714285714285714,34,13,CACTTCCTACGGAAAGAATA,21,4999165
yjbJ_predicted,0.14285714285714285,14,13,CAAGCCCGCACATCCGCTAG,1,5019561
yjbJ_predicted,0.9285714285714286,25,13,CAAAAGATAAGTCATAACGA,12,5028284
yjbJ_predicted,0.35714285714285715,17,13,ATTTTGTTGGATATCTTTGA,4,5010044
yjbJ_predicted,1.2857142857142858,30,13,ATTGTGTTGTGGATGATCAT,17,5010269
yjbJ_predicted,0.35714285714285715,17,13,ATTCCCTTCGTGTCATTTAA,4,5001450
yjbJ_predicted,2.0714285714285716,41,13,ATGTCTCCACCGTGGGATCA,28,5005601
yjbJ_predicted,1.7142857142857142,36,13,ATCCGGCTATGCATCTGCGA,23,5008753
yjbJ_predicted,3.857142857142857,66,13,ATCAATGCGTAGGAGACTAG,53,5000375
yjbJ_predicted,2.5,47,13,ATAGGTCCACGTTATTTGCA,34,5002442
yjbJ_predicted,2.2857142857142856,44,13,AGTCTCGTTACCCTCAAAGC,31,5007537
yjbJ_predicted,3.7142857142857144,64,13,AGCCTAGAAAGGCTTCTTCC,51,5021555
yjbJ_predicted,0.14285714285714285,14,13,AGAGATCCAGGCATGTTAAT,1,5000166
yjbJ_predicted,0.6428571428571429,21,13,AGAATAGTACACAAATATCG,8,5001636
yjbJ_predicted,4.071428571428571,69,13,ACGTACCATCTTGACCATCT,56,5012608
yjbJ_predicted,1.1428571428571428,28,13,ACGGGGGGGCCACGGACATC,15,4996413
yjbJ_predicted,1.0714285714285714,27,13,ACGGCGCACCCAAACAGTCT,14,5007688
yjbJ_predicted,1.5714285714285714,34,13,ACGGAAAAACGGTGTCAGTA,21,5022641
yjbJ_predicted,1.9285714285714286,39,13,AATCGAGCTATGCGCGATCT,26,5018886
yjbJ_predicted,1.2857142857142858,30,13,AACGTGTACCGAAAGCGTTT,17,4997563
yjbJ_predicted,0.8571428571428571,24,13,AACGCAGGACTAGCTCGCTT,11,5029742
yjbJ_predicted,0.42857142857142855,18,13,AACGACTTGACAAGGCACAT,5,5002544
yjbJ_predicted,1.4285714285714286,32,13,AACAATCGTCCTCAATCGGC,19,5006972
yjbJ_predicted,0.9285714285714286,25,13,AAAGGGTTACAACACACCAG,12,5023535
yjbJ_predicted,1.3571428571428572,31,13,AAAGAGGACGCCGAATGAGA,18,5020714
yjbJ_predicted,2.2142857142857144,43,13,AAAACATCGGTAGTTTGCTT,30,5001211
yjbJ_predicted,1.3846153846153846,29,12,TTTAGGTCACGATTGGACCG,17,5005141
yjbJ_predicted,1.6923076923076923,33,12,TTGACGCAGGCATTACCCTC,21,5002309
yjbJ_predicted,0.6153846153846154,19,12,TTCTACATCAGCGGTTAATG,7,5005836
yjbJ_predicted,1.3846153846153846,29,12,TTCCATTTGATCGTCATGGT,17,5012717
yjbJ_predicted,0.9230769230769231,23,12,TTCCAGTACGCCGGCGTCAC,11,5020945
yjbJ_predicted,0.7692307692307693,21,12,TTCAGCACTTATCGTCACCT,9,5006354
yjbJ_predicted,0.23076923076923078,14,12,TTATGCCAACCTCAAGACCT,2,5027783
yjbJ_predicted,0.6153846153846154,19,12,TGTTCTGAGGAATAGGCCTA,7,5019587
yjbJ_predicted,0.5384615384615384,18,12,TGTCGGTCCAATGGACAAGA,6,5011197
yjbJ_predicted,1.6153846153846154,32,12,TGGATTTGCGCCGCACAGAA,20,4995372
yjbJ_predicted,0.6153846153846154,19,12,TGGATCTCGCATAGAGACAT,7,5024665
yjbJ_predicted,1.2307692307692308,27,12,TGCTCCGGCGTCAATTACCC,15,5027337
yjbJ_predicted,1.3076923076923077,28,12,TGCTAAAAGTCTACCCGGAT,16,5020899
yjbJ_predicted,0.15384615384615385,13,12,TGATCCTCATCTGGTATGGA,1,5025491
yjbJ_predicted,1.2307692307692308,27,12,TGACGGCCGATGACTTTCAA,15,5025845
yjbJ_predicted,1.1538461538461537,26,12,TCTGAATATCGTTTGGCCGT,14,5024152
yjbJ_predicted,1.0,24,12,TCTCGAGGGCCGGTTCTTTC,12,5014309
yjbJ_predicted,0.23076923076923078,14,12,TCTCATCAGCAACCCAAAGC,2,5027301
yjbJ_predicted,0.15384615384615385,13,12,TCGTCCAAAACAATCCGATA,1,5001842
yjbJ_predicted,0.6153846153846154,19,12,TCGCATATTGCGGGTCTAAG,7,5009101
yjbJ_predicted,1.4615384615384615,30,12,TCCAAGGAAACTCCTGAAGC,18,5000583
yjbJ_predicted,0.15384615384615385,13,12,TCATGAGTATCTCGCGCCAC,1,5021679
yjbJ_predicted,1.0,24,12,TCATCATCGTAATGCTTATC,12,4997519
yjbJ_predicted,0.23076923076923078,14,12,TCAAAATAATGTTCTCGCCC,2,5009921
yjbJ_predicted,1.9230769230769231,36,12,TAGGACTTATCATAAGCAGT,24,5024718
yjbJ_predicted,2.3076923076923075,41,12,TAGCCTCCTTGGCGAACCAT,29,5005349
yjbJ_predicted,1.0,24,12,TACCTTGCTCTGCTTCTTTA,12,5011042
yjbJ_predicted,0.8461538461538461,22,12,TACCGCTAAGTTGGCCGCAG,10,5031066
yjbJ_predicted,0.6923076923076923,20,12,TACCATGGATCTAAGTAAGT,8,5011958
yjbJ_predicted,2.4615384615384617,43,12,TAAGATCAAGGGGCTTAATC,31,5005225
yjbJ_predicted,0.38461538461538464,16,12,GTGTGCTGGTCTCTTTGATG,4,5012134
yjbJ_predicted,2.6153846153846154,45,12,GTCGATACCCTCGCCCACGT,33,5008583
yjbJ_predicted,0.6923076923076923,20,12,GTACGGCTAGTAAACTTCTG,8,5007247
yjbJ_predicted,1.2307692307692308,27,12,GGTTTCTACCGGTGTCATGG,15,4994889
yjbJ_predicted,0.9230769230769231,23,12,GGTGTGTGGACTTGGAATGT,11,5011507
yjbJ_predicted,1.0,24,12,GGGTTGGATAACTGCCGCAG,12,5011856
yjbJ_predicted,1.2307692307692308,27,12,GGCCAGCGTATATTTACTAT,15,4998449
yjbJ_predicted,1.6153846153846154,32,12,GGCACTCTTGTTGTTATCCC,20,5030246
yjbJ_predicted,1.1538461538461537,26,12,GGATGAGCGACTCCAGCGTG,14,5005284
yjbJ_predicted,0.46153846153846156,17,12,GGAGAATTCATTCGAGGTTA,5,5026081
yjbJ_predicted,0.23076923076923078,14,12,GCTTCCCGGAGCACCTCCAA,2,5018829
yjbJ_predicted,1.4615384615384615,30,12,GCTGTTTACGTGCCTCCAAG,18,4999022
yjbJ_predicted,0.5384615384615384,18,12,GCTGCGCCAACGAGAAACCG,6,5009965
yjbJ_predicted,0.23076923076923078,14,12,GCTGCCTTCAACGCCTTCGG,2,4998657
yjbJ_predicted,1.6923076923076923,33,12,GCGTGACTCCCATTCATGCA,21,5012823
yjbJ_predicted,0.38461538461538464,16,12,GATGTGTCCGAGGTCCAGGG,4,4999246
yjbJ_predicted,1.3846153846153846,29,12,GATCTTTCCGATAAGCGCGT,17,4995074
yjbJ_predicted,1.8461538461538463,35,12,GAGTTTTACACTCAGGAATA,23,4999357
yjbJ_predicted,1.0,24,12,GAGGTTGAGCAAGGGGCATT,12,5020716
yjbJ_predicted,0.8461538461538461,22,12,GAGGTATCAAATTAGTGCGG,10,5003636
yjbJ_predicted,1.0769230769230769,25,12,GAGGCGCATGTTCCTATAAT,13,4995607
yjbJ_predicted,1.6153846153846154,32,12,GAGCGCCGAGGTCTTGTCGT,20,5027357
yjbJ_predicted,4.0,63,12,GACTCTCGGCCGGCCGTACT,51,5015191
yjbJ_predicted,1.0769230769230769,25,12,GACCCAATGAGACCGTGAAT,13,5029335
yjbJ_predicted,0.5384615384615384,18,12,GAAGGTAGTCTTGGTATCCT,6,5020092
yjbJ_predicted,0.8461538461538461,22,12,GAAGACGATTCGTCTTCGGG,10,5002087
yjbJ_predicted,2.5384615384615383,44,12,CTTTATTGACAATCCTTCTT,32,5019089
yjbJ_predicted,0.5384615384615384,18,12,CTTCGGATCTGCTAGGCTCA,6,5005086
yjbJ_predicted,0.3076923076923077,15,12,CTGGTAGGTCGTAGAACTAG,3,4995459
yjbJ_predicted,0.46153846153846156,17,12,CTGCTCCGTAAGATTCCTAC,5,5001282
yjbJ_predicted,1.0,24,12,CTCTACAGTTCTGTATGATA,12,5004703
yjbJ_predicted,3.3846153846153846,55,12,CGTCGGAGCGAGACGTCATA,43,4997719
yjbJ_predicted,1.2307692307692308,27,12,CGTAACGTCACGTAAAACAT,15,4995562
yjbJ_predicted,1.4615384615384615,30,12,CGGTGATCAACTTTTACGTT,18,5002228
yjbJ_predicted,1.3846153846153846,29,12,CGGCTAATTTACCAATCTCG,17,5013582
yjbJ_predicted,0.3076923076923077,15,12,CGCTTCAGCGGGCAGCCATG,3,5019473
yjbJ_predicted,0.5384615384615384,18,12,CGCTGCTTATTATAAATTTG,6,5027365
yjbJ_predicted,1.1538461538461537,26,12,CGATGGGAACGACTCCAGAA,14,5023634
yjbJ_predicted,1.2307692307692308,27,12,CGATACAGCATGCAACCGGA,15,5030426
yjbJ_predicted,0.15384615384615385,13,12,CCTTCTAACCAGCGCCATCA,1,5022464
yjbJ_predicted,0.23076923076923078,14,12,CCTATCACACGGGTAAGAAG,2,5004743
yjbJ_predicted,0.6153846153846154,19,12,CCGTAAGCCATAGACCTGCT,7,5015618
yjbJ_predicted,0.15384615384615385,13,12,CCGACCAGCCCCCCAAGGGG,1,5008119
yjbJ_predicted,1.3846153846153846,29,12,CCCTGTTCACCCTACCCATT,17,5005737
yjbJ_predicted,0.6923076923076923,20,12,CCCTAACTGGTGGGTAAAGA,8,5023420
yjbJ_predicted,1.5384615384615385,31,12,CCCGTCTCACCATCACAAAT,19,5012045
yjbJ_predicted,1.6923076923076923,33,12,CCCGCGTCAGCTACTGTAAA,21,5010859
yjbJ_predicted,1.0,24,12,CCCGATATCCACGTGCGGAG,12,4999955
yjbJ_predicted,0.7692307692307693,21,12,CCCCCGTTCTGTTGAGGAAT,9,5013873
yjbJ_predicted,1.0769230769230769,25,12,CCACTCTCAGGCGTTACTTG,13,5007628
yjbJ_predicted,1.0769230769230769,25,12,CCACTACGAGCATCCTCATG,13,5015543
yjbJ_predicted,1.3076923076923077,28,12,CCAAACGAGTGTAAGTTCGA,16,5024642
yjbJ_predicted,0.15384615384615385,13,12,CATGTTATATCTACTAGGCA,1,5005318
yjbJ_predicted,0.15384615384615385,13,12,CAGTACGACTACCTAACACT,1,5012041
yjbJ_predicted,1.1538461538461537,26,12,CAGCTCGAATGCTGGAAAAG,14,4996186
yjbJ_predicted,0.38461538461538464,16,12,CACTGTCGCAGCGACGGCAT,4,5010384
yjbJ_predicted,0.6153846153846154,19,12,CACGTTCAACGTGTCCCAAA,7,5007401
yjbJ_predicted,0.8461538461538461,22,12,CACGGATTCTAACGGAATCC,10,4996625
yjbJ_predicted,0.46153846153846156,17,12,CACAGGATGTTGGTCAGTAA,5,5022053
yjbJ_predicted,1.6153846153846154,32,12,ATTTCCTAGTGACCATCTCA,20,5008288
yjbJ_predicted,0.23076923076923078,14,12,ATTCTCACTGTGAGTAAACA,2,5005974
yjbJ_predicted,0.8461538461538461,22,12,ATGTGGTGCACGGTTCACAT,10,5015299
yjbJ_predicted,0.15384615384615385,13,12,ATGTATGATCCCAGGAAGTC,1,5026183
yjbJ_predicted,3.5384615384615383,57,12,ATGGAAACACGTCGTCCTTT,45,5028954
yjbJ_predicted,1.0769230769230769,25,12,ATGCGCCAGCGCCATACTTC,13,5002131
yjbJ_predicted,0.46153846153846156,17,12,ATGCAGTCAGACCACCACGC,5,5003212
yjbJ_predicted,4.923076923076923,75,12,ATCGGAACCTCATGTCCTAA,63,5025833
yjbJ_predicted,1.1538461538461537,26,12,ATCGAGCACAGTGGCGGCCT,14,5013147
yjbJ_predicted,0.15384615384615385,13,12,ATCCGATAAAGATGCTGGCA,1,5021201
yjbJ_predicted,0.7692307692307693,21,12,ATAGCCTTATGGTTCAAACA,9,5003280
yjbJ_predicted,0.15384615384615385,13,12,ATAATTACAGGGTCAAGCCC,1,5004499
yjbJ_predicted,1.7692307692307692,34,12,AGGTGTACCAATACAGCGGT,22,5025294
yjbJ_predicted,1.3076923076923077,28,12,AGGCAGGAACATTGTCCGTG,16,5009568
yjbJ_predicted,0.3076923076923077,15,12,AGATCTATAGCAATAAGAGC,3,5009181
yjbJ_predicted,1.1538461538461537,26,12,AGACTCGTTGGAACATTACG,14,5017793
yjbJ_predicted,1.6153846153846154,32,12,AGAAACTTCTGTCGTCATAT,20,5026899
yjbJ_predicted,2.230769230769231,40,12,ACTACTTATGTTCTCTCTTT,28,5010736
yjbJ_predicted,0.15384615384615385,13,12,ACGGTCATAATCGAATTGAT,1,5021235
yjbJ_predicted,1.3076923076923077,28,12,ACGGGTCGTGTACTTGCAGA,16,5029482
yjbJ_predicted,2.6923076923076925,46,12,ACGGCTTAGCACAACCGCGC,34,5003179
yjbJ_predicted,1.1538461538461537,26,12,ACCGCTACGTCCCACTTGAT,14,5005331
yjbJ_predicted,2.5384615384615383,44,12,ACCCTTCACGATTTGCGACT,32,5029434
yjbJ_predicted,1.0769230769230769,25,12,ACCATTGGTGTCAGCGGCTC,13,4998437
yjbJ_predicted,1.0,24,12,AATTTAGGCCTTTTTTCACA,12,5022292
yjbJ_predicted,0.15384615384615385,13,12,AAGGGTACATTCGGCTCCGA,1,5007407
yjbJ_predicted,0.38461538461538464,16,12,AAGGCCACGCGGTAGGGAAA,4,4999698
yjbJ_predicted,1.8461538461538463,35,12,AACCGTTTGCTACATAGCCC,23,4997248
yjbJ_predicted,1.2307692307692308,27,12,AACCGACATGCTGTCGGAGT,15,4996698
yjbJ_predicted,1.0769230769230769,25,12,AAATGGCTGGCTTTACGAGT,13,5011801
yjbJ_predicted,0.5384615384615384,18,12,AAAGTGGGCACTATTGAGTA,6,4999703
yjbJ_predicted,0.8461538461538461,22,12,AAACACGCTTGTAGCTCAAG,10,5017675
yjbJ_predicted,2.0,37,12,AAAAGCGTCTCTCGGCATCG,25,5029668
yjbJ_predicted,4.25,61,11,TTGGTTAGTCTTCGGTAGGT,50,5011616
yjbJ_predicted,1.0833333333333333,23,11,TTGGTCTTCAATGCAGGGCC,12,5022864
yjbJ_predicted,0.9166666666666666,21,11,TTGGACCGGCGCTTCGTCAC,10,5002006
yjbJ_predicted,1.0833333333333333,23,11,TTGCTGGAGTTCAATTTTTG,12,5006356
yjbJ_predicted,0.16666666666666666,12,11,TTGACAACTTTGCCGGACAT,1,5008397
yjbJ_predicted,2.8333333333333335,44,11,TTCGGATGCGACGAATTAGT,33,5020611
yjbJ_predicted,8.75,115,11,TTCACACGTCTCGGGATATC,104,5025851
yjbJ_predicted,0.5,16,11,TTATGTCGAGACTGGCGAAG,5,5018199
yjbJ_predicted,1.5833333333333333,29,11,TTACCCTGATTCTGGAACCG,18,5030088
yjbJ_predicted,0.9166666666666666,21,11,TTACCATGATTCTGCACAGT,10,5006312
yjbJ_predicted,0.8333333333333334,20,11,TTAATGTGGGCACCCGGTCC,9,4996600
yjbJ_predicted,0.16666666666666666,12,11,TGGTTTGAGGTTATATAATG,1,5008400
yjbJ_predicted,1.3333333333333333,26,11,TGGGGCTGCATTATTAATTT,15,5010556
yjbJ_predicted,2.1666666666666665,36,11,TGGCCGTCGCTGCGTTTAAT,25,4999337
yjbJ_predicted,2.75,43,11,TGACGTAGCATGACATCGGC,32,4998305
yjbJ_predicted,0.16666666666666666,12,11,TGAAGTCTCGCGCGAGTCGT,1,5021003
yjbJ_predicted,2.5,40,11,TGAAAAGGTTTGAGTTCACG,29,5021143
yjbJ_predicted,0.16666666666666666,12,11,TCTTGCGTCTAAGACGCTCT,1,5018845
yjbJ_predicted,2.0,34,11,TCTGTGCGCAGCTGCTACTA,23,5002706
yjbJ_predicted,1.75,31,11,TCTGGACTCAAGCGATGTAT,20,5012523
yjbJ_predicted,0.16666666666666666,12,11,TCGTGCAAACTGGTCACCCG,1,5026616
yjbJ_predicted,1.6666666666666667,30,11,TCGTACGGTACAGGACACTT,19,5006183
yjbJ_predicted,2.5,40,11,TCGGGGTTTGCCGTCTTGGT,29,5014612
yjbJ_predicted,0.25,13,11,TCGACGCTTCGATGGATACT,2,4998129
yjbJ_predicted,1.6666666666666667,30,11,TCCTGGCATATAACGTCTGG,19,5006990
yjbJ_predicted,2.25,37,11,TCACAGGGTTCAATGAGCGA,26,5025217
yjbJ_predicted,0.9166666666666666,21,11,TCAAGCGAGCCCGGATCGGT,10,4997120
yjbJ_predicted,2.25,37,11,TATTATCTCAGTTTGTAGTC,26,5017149
yjbJ_predicted,1.8333333333333333,32,11,TAGAAAGCAGGTAGGGATAT,21,5013601
yjbJ_predicted,0.16666666666666666,12,11,TAATTCAGGAGGGAATAAGT,1,5025831
yjbJ_predicted,0.5833333333333334,17,11,GTTGATGTGGCGGCGCAAAA,6,5020308
yjbJ_predicted,0.8333333333333334,20,11,GTTCCGTGCATCCATTTCCA,9,5018788
yjbJ_predicted,0.9166666666666666,21,11,GTGGAACGGTACCTACCTAC,10,5003632
yjbJ_predicted,0.16666666666666666,12,11,GTGCTGGTACGTTGGGTTAA,1,5012092
yjbJ_predicted,1.8333333333333333,32,11,GTGCCTTTAGTGGGGCGTCA,21,5025767
yjbJ_predicted,0.3333333333333333,14,11,GTCCGGCCAGTCCACGCTCT,3,5030739
yjbJ_predicted,1.4166666666666667,27,11,GTCAAGGACTGTGTCCCTTA,16,4999444
yjbJ_predicted,1.5,28,11,GTATTCTTTACAGTGGAATG,17,5027508
yjbJ_predicted,0.3333333333333333,14,11,GTATCGTACGTGTCTCTAGC,3,5015606
yjbJ_predicted,0.5,16,11,GTATATTACGCGTGTTTACT,5,5016719
yjbJ_predicted,0.3333333333333333,14,11,GTACAGGTCTCCTGTGAACG,3,5011964
yjbJ_predicted,2.75,43,11,GGTGCCGCACCGGTGCTCTT,32,5013355
yjbJ_predicted,1.4166666666666667,27,11,GGTACCAGAATACGATATCT,16,5017413
yjbJ_predicted,0.6666666666666666,18,11,GGGTGGTTCTTTCACTCGGT,7,5017126
yjbJ_predicted,2.0833333333333335,35,11,GGGCGCGTACATGTCACCCT,24,5014394
yjbJ_predicted,1.0,22,11,GGGACTTCTCCATGAGGCTT,11,5024197
yjbJ_predicted,0.6666666666666666,18,11,GGCTTCGGTAACTACAGCTT,7,5004430
yjbJ_predicted,1.4166666666666667,27,11,GGCTGTTTCGGTGGTAGTGA,16,5022066
yjbJ_predicted,0.6666666666666666,18,11,GGCGGAAACGTGACCAGGAC,7,4997231
yjbJ_predicted,0.25,13,11,GGCGAGGAATTTACTGACTG,2,5030151
yjbJ_predicted,1.25,25,11,GGCATATCTACTGGAAGGAG,14,5002984
yjbJ_predicted,1.8333333333333333,32,11,GGAGCGTACGGTGCTGAGAT,21,5029340
yjbJ_predicted,0.6666666666666666,18,11,GCTGTGTCTTCAGTGGTCAT,7,5003131
yjbJ_predicted,1.0833333333333333,23,11,GCTGTAAGGTTACCTGTCAG,12,5030778
yjbJ_predicted,1.25,25,11,GCTGCTTCCATACTGGAAGC,14,5026459
yjbJ_predicted,0.5,16,11,GCGGTCCAGATCTTCGGGAT,5,5026038
yjbJ_predicted,0.9166666666666666,21,11,GCGGGACCCTCACGACAGGA,10,5022767
yjbJ_predicted,1.0,22,11,GCCTTGTCGCTAATATCATC,11,5015916
yjbJ_predicted,0.16666666666666666,12,11,GCATAGGAGGGACGGTATTT,1,5000164
yjbJ_predicted,0.5,16,11,GATCGAGTTACGTGGGACCT,5,5002007
yjbJ_predicted,0.9166666666666666,21,11,GATATTTTTGACTGGCACGA,10,5018891
yjbJ_predicted,1.3333333333333333,26,11,GAGTGATAACGGAACGGGCG,15,5017955
yjbJ_predicted,0.16666666666666666,12,11,GAGGTCATCGCAGAGGTGGC,1,5005223
yjbJ_predicted,1.1666666666666667,24,11,GACTCCAACGCGCCACGCGA,13,5018464
yjbJ_predicted,0.6666666666666666,18,11,GAATACTCTCTAGCACGCCT,7,5001284
yjbJ_predicted,0.16666666666666666,12,11,GAAAGGCGCACGTTAACGGC,1,5006929
yjbJ_predicted,0.16666666666666666,12,11,CTTGGCCTGGTCGCTAGTTC,1,5002398
yjbJ_predicted,1.25,25,11,CTTGACGCCTCCAAACTTAT,14,5005139
yjbJ_predicted,0.16666666666666666,12,11,CTGTCGTTGCTCATTTAGAT,1,5022765
yjbJ_predicted,2.1666666666666665,36,11,CTCTTGTAAGTCATGAAAGA,25,5029422
yjbJ_predicted,1.0,22,11,CTCTGAATACCCTTGCGAAT,11,5018917
yjbJ_predicted,1.4166666666666667,27,11,CTCCTTCCGAGTTAGGTTCT,16,5026386
yjbJ_predicted,2.5,40,11,CTCATAAGGTGATGTATCTT,29,5015265
yjbJ_predicted,1.3333333333333333,26,11,CTAGGGCCGCCCCCGGCAAA,15,5000816
yjbJ_predicted,0.16666666666666666,12,11,CTACGGTCTATTAACAAAGG,1,5028124
yjbJ_predicted,1.1666666666666667,24,11,CTACCCGGTCTGACCACCGA,13,5019917
yjbJ_predicted,1.5,28,11,CTAACAGACACGACTGCATG,17,5016247
yjbJ_predicted,1.0,22,11,CGTTACGACGGAGCGTCTAT,11,5004558
yjbJ_predicted,1.1666666666666667,24,11,CGGTTACGTGTCCAGTTGAG,13,5025147
yjbJ_predicted,1.3333333333333333,26,11,CGGTGGTGAGCGTGGCTCGA,15,5008954
yjbJ_predicted,0.3333333333333333,14,11,CGGTAAAATTAGTCAACAGT,3,5009624
yjbJ_predicted,1.0833333333333333,23,11,CGGGGTAACCAGTGAATGTA,12,4997388
yjbJ_predicted,1.8333333333333333,32,11,CGCTGGCTTGGGCGTAGGGT,21,4998016
yjbJ_predicted,0.75,19,11,CGCTCCCATTCATATACGCT,8,5011575
yjbJ_predicted,0.9166666666666666,21,11,CGCCTACGCGATATAGATGT,10,5025586
yjbJ_predicted,4.25,61,11,CGCCGGCATACGGCCGCCCG,50,5022840
yjbJ_predicted,1.1666666666666667,24,11,CGCAAATCGTAGCCCAGGTA,13,5024811
yjbJ_predicted,2.25,37,11,CGAACCCTCTACCCGAACCT,26,4998524
yjbJ_predicted,1.0,22,11,CCTTTCTATCGTTAAGAAGA,11,5020805
yjbJ_predicted,0.25,13,11,CCTCTAGGCAACCTGCGATT,2,5014638
yjbJ_predicted,0.16666666666666666,12,11,CCTCACCTATCTCACGGAGA,1,5016146
yjbJ_predicted,1.25,25,11,CCGTCACGGAGTTTGGAGTA,14,5014158
yjbJ_predicted,1.0833333333333333,23,11,CCGGCTCCGTACAAGAACCA,12,4995891
yjbJ_predicted,1.9166666666666667,33,11,CCGAAGACGATTCAGGGACT,22,5016998
yjbJ_predicted,1.0,22,11,CCCCCTATAACGCGTGACTG,11,4996242
yjbJ_predicted,0.3333333333333333,14,11,CATGTTGCCTGTCGAAAAAC,3,5003341
yjbJ_predicted,0.16666666666666666,12,11,CATGTGATTCGTAGAAGGCG,1,4997595
yjbJ_predicted,0.25,13,11,CATCGATAAGCAGGGGGCCA,2,5012112
yjbJ_predicted,1.9166666666666667,33,11,CATACCGGGACGCGTGTTTG,22,5010774
yjbJ_predicted,0.3333333333333333,14,11,CAGGGTCTATTAAACCTGCC,3,5011792
yjbJ_predicted,1.6666666666666667,30,11,CAGAACTGCAACAAAACGTA,19,5015188
yjbJ_predicted,0.8333333333333334,20,11,CACCCATTCTGGCTCGCCGA,9,5024092
yjbJ_predicted,1.1666666666666667,24,11,CAACCGCTGAGTTCGGGCGA,13,5014036
yjbJ_predicted,1.9166666666666667,33,11,ATTTGGCGGAAGATCCAGTT,22,5024366
yjbJ_predicted,0.9166666666666666,21,11,ATTGTCTCAATCGGTGGTGT,10,5014817
yjbJ_predicted,0.3333333333333333,14,11,ATGTATGCCCGGCCTATTCA,3,5028088
yjbJ_predicted,1.4166666666666667,27,11,ATGGAATATAAAACACATCT,16,5019892
yjbJ_predicted,0.4166666666666667,15,11,ATCCGCGTCTTCGCACTTAT,4,5020277
yjbJ_predicted,1.1666666666666667,24,11,ATATTCAGCAGGAGCCTGAT,13,5013461
yjbJ_predicted,0.6666666666666666,18,11,ATATGCCACTCCCTCCCTAC,7,5030335
yjbJ_predicted,1.1666666666666667,24,11,ATAAATATAGGGATTTGTCA,13,5015146
yjbJ_predicted,2.1666666666666665,36,11,AGTTGTGGAAACGGAAAATT,25,5012416
yjbJ_predicted,0.5833333333333334,17,11,AGGTTAACTAAGACGAGTAT,6,5008538
yjbJ_predicted,2.3333333333333335,38,11,AGGGGGACATCGGGGTGCCG,27,4996373
yjbJ_predicted,1.3333333333333333,26,11,AGGGAGGAACCACCCACTTA,15,5003796
yjbJ_predicted,0.3333333333333333,14,11,AGAGACGCAACCTTCGCGCT,3,4998410
yjbJ_predicted,1.0,22,11,AGAACGATATAAGTCAATGG,11,5020122
yjbJ_predicted,0.16666666666666666,12,11,ACTGGATTGCCCGTTGTCTT,1,5016501
yjbJ_predicted,1.8333333333333333,32,11,ACTGCGGACTCAACGATTAT,21,4998650
yjbJ_predicted,2.5833333333333335,41,11,ACGCCGTGCGGTATTATTAT,30,5015249
yjbJ_predicted,0.75,19,11,ACCGATAGGGCAAAAGTTGT,8,5007016
yjbJ_predicted,2.0833333333333335,35,11,ACCAAATTTCATCCACATCA,24,5002046
yjbJ_predicted,1.5,28,11,ACAGCTCCTATACCAGAAGT,17,5004032
yjbJ_predicted,0.5833333333333334,17,11,ACAAAGGGAATTTGGGGAAT,6,5016118
yjbJ_predicted,1.75,31,11,AATCCGATTGTATGTGAGGC,20,5029233
yjbJ_predicted,1.5,28,11,AAGTGGCTCTGGCTGCATCA,17,5004515
yjbJ_predicted,2.5,40,11,AAGAAGGCCCGTGCGTGAGC,29,5000434
yjbJ_predicted,1.1666666666666667,24,11,AACCACAATTCGGGAATAGC,13,5030669
yjbJ_predicted,0.6666666666666666,18,11,AAAGTTTCCCTGCCTACCCT,7,5026396
yjbJ_predicted,0.25,13,11,AAAGTTAGGCCCGCTTACAA,2,5018180
yjbJ_predicted,3.5,52,11,AAACGCTTAGTCAAAGGTAG,41,5004079
yjbJ_predicted,2.4545454545454546,36,10,TTTTGGCAAAGCGTGCGTCA,26,5010275
yjbJ_predicted,0.7272727272727273,17,10,TTTTACTAAGTTTATCGGCA,7,5022441
yjbJ_predicted,1.1818181818181819,22,10,TTTCATCATTAGATTCCGTA,12,5023825
yjbJ_predicted,0.8181818181818182,18,10,TTTAGATTCGGCGGAGTGCG,8,5029624
yjbJ_predicted,2.5454545454545454,37,10,TTGTACCTTGATCAGCTTCT,27,5019186
yjbJ_predicted,1.3636363636363635,24,10,TTGACCAAAGACTCTCTTTT,14,5008722
yjbJ_predicted,1.0909090909090908,21,10,TTCGGTTGTAGAGGGACGAA,11,5005630
yjbJ_predicted,1.5454545454545454,26,10,TTCAACGCAGTACTCTCATG,16,5006583
yjbJ_predicted,4.636363636363637,60,10,TTATCATTCGGTGGTGATCC,50,4999369
yjbJ_predicted,0.36363636363636365,13,10,TTAGTGTGTCTTCAATACCA,3,5025156
yjbJ_predicted,0.7272727272727273,17,10,TTACAGTTTTTATTCCACTC,7,5023963
yjbJ_predicted,0.18181818181818182,11,10,TGACGTGGCAGTCGAAGGTA,1,5006903
yjbJ_predicted,1.7272727272727273,28,10,TGACATGTGCCACCGGACTT,18,5015429
yjbJ_predicted,2.909090909090909,41,10,TCTTATAATGTACGCACCCC,31,4997880
yjbJ_predicted,2.272727272727273,34,10,TCTGGCACCCAATCCGTCCT,24,5006335
yjbJ_predicted,2.1818181818181817,33,10,TCGGGAGGTTAGGCCACGTC,23,5000825
yjbJ_predicted,0.7272727272727273,17,10,TCATCATTCCTGTTAGCTAT,7,5029097
yjbJ_predicted,1.0,20,10,TCAAGTCTGGCGCGAATCCG,10,5003296
yjbJ_predicted,1.9090909090909092,30,10,TATGGCGATTGGGGTCGAAC,20,5008809
yjbJ_predicted,2.1818181818181817,33,10,TATGGCAAAGATAAGCCGAA,23,5016940
yjbJ_predicted,1.4545454545454546,25,10,TATCCTGTGTTGATCGCTAC,15,5025432
yjbJ_predicted,0.2727272727272727,12,10,TAGCGGTAGTATGAGTTGTA,2,5021582
yjbJ_predicted,0.6363636363636364,16,10,TAGCAAACGACGCATAGGCA,6,4995895
yjbJ_predicted,1.4545454545454546,25,10,TACCCCTGCGGCAGTTTAAC,15,5006778
yjbJ_predicted,1.2727272727272727,23,10,TAACGGACTCGAAATAATTC,13,4999400
yjbJ_predicted,0.18181818181818182,11,10,GTTTCGCTCGGGCCTTGGGA,1,5006970
yjbJ_predicted,0.18181818181818182,11,10,GTTCGGAAGTGACCGCCTCG,1,5021155
yjbJ_predicted,1.1818181818181819,22,10,GTTAGACCCCGTGATAAGTG,12,5012515
yjbJ_predicted,0.6363636363636364,16,10,GTGGTGTGTATTAGAATCGA,6,5031222
yjbJ_predicted,0.6363636363636364,16,10,GTCGCCGTATGAGCCCCAGG,6,5009659
yjbJ_predicted,1.8181818181818181,29,10,GTATTTATCCGTTGGCTTGA,19,5027978
yjbJ_predicted,1.5454545454545454,26,10,GGTTAATTTACATCCCTTAA,16,5006431
yjbJ_predicted,1.2727272727272727,23,10,GGTCGTTCTATCGATCCGTA,13,5023604
yjbJ_predicted,0.2727272727272727,12,10,GGTCGTGTGCTTTTTTTGGG,2,4996414
yjbJ_predicted,0.8181818181818182,18,10,GGGTTCTCCTTAAGATAGCA,8,5003298
yjbJ_predicted,1.6363636363636365,27,10,GGGAGGTTAAAGTTCCAGCC,17,4997427
yjbJ_predicted,4.636363636363637,60,10,GGCTATATCAGCCATGATCT,50,5004497
yjbJ_predicted,0.7272727272727273,17,10,GGCGCCTTCCATCTGAATGC,7,5012727
yjbJ_predicted,0.5454545454545454,15,10,GGCCTTTAAAGCCGTACGTA,5,5006648
yjbJ_predicted,0.18181818181818182,11,10,GGCCGGCCAAGACTGCGGTC,1,5009062
yjbJ_predicted,0.6363636363636364,16,10,GGCATTACCCTCACCTCTGG,6,4998561
yjbJ_predicted,0.9090909090909091,19,10,GGCATGAATGCGAGTCCAAT,9,5026350
yjbJ_predicted,0.7272727272727273,17,10,GCGGGATCTTCGCAGGTGAA,7,5025765
yjbJ_predicted,1.0,20,10,GCGGCTCGAGGCGCGGCATC,10,5004605
yjbJ_predicted,1.4545454545454546,25,10,GCGCTTATGGAGGCAGCAAA,15,5012176
yjbJ_predicted,0.5454545454545454,15,10,GCCGGCGTGCTCATGCAAAC,5,5009924
yjbJ_predicted,1.6363636363636365,27,10,GCACCCCCTTGATTCTCACG,17,5019167
yjbJ_predicted,2.1818181818181817,33,10,GCAATCGCTGGTCATCGTCC,23,5020437
yjbJ_predicted,0.5454545454545454,15,10,GATATGGCCATAAACGCAAT,5,5020431
yjbJ_predicted,0.6363636363636364,16,10,GAGATTGCGGTTATAAGTCA,6,5007296
yjbJ_predicted,0.18181818181818182,11,10,GAGAGTACTTCTATCCAACT,1,5003795
yjbJ_predicted,1.4545454545454546,25,10,GAGAGACTATTATCCGCCAC,15,5014012
yjbJ_predicted,0.6363636363636364,16,10,GACTGGAAGCAATCCTCGGA,6,4997041
yjbJ_predicted,1.0,20,10,GACATGCCAATCGCATAATC,10,4994856
yjbJ_predicted,0.18181818181818182,11,10,GAATAAGTCCTTACCTTAGT,1,5003157
yjbJ_predicted,1.0909090909090908,21,10,GAAGCCTTGCTTTTTCTTAT,11,5007504
yjbJ_predicted,1.2727272727272727,23,10,GAAATTTCTCCCTCCTTCTT,13,5004050
yjbJ_predicted,1.5454545454545454,26,10,GAAACCGTACTCCCGTACTT,16,5031267
yjbJ_predicted,0.36363636363636365,13,10,GAAAAATCACAGTGGCTTGA,3,5004608
yjbJ_predicted,1.7272727272727273,28,10,CTGTACAATGCCCTGCTTAC,18,5009760
yjbJ_predicted,1.7272727272727273,28,10,CTGGTTTGCCGTGGCATAAG,18,4999342
yjbJ_predicted,1.2727272727272727,23,10,CTCTAGTATAAGTCGAAATT,13,5005052
yjbJ_predicted,0.5454545454545454,15,10,CTCATGCCTATTGCATTCTG,5,5001584
yjbJ_predicted,0.8181818181818182,18,10,CTAGAAATTTGATAGGAGTC,8,5014976
yjbJ_predicted,1.6363636363636365,27,10,CTAACAGATGTCACTCTCCC,17,4997452
yjbJ_predicted,0.6363636363636364,16,10,CGGTGTCTACATATACGCGT,6,5022782
yjbJ_predicted,1.5454545454545454,26,10,CGGGGTTAGACCGTCTCGAT,16,5026753
yjbJ_predicted,0.18181818181818182,11,10,CGGGAGCACTTGCCTTATCT,1,4996974
yjbJ_predicted,2.6363636363636362,38,10,CGGACAGGCAAGAAGACGAG,28,5021671
yjbJ_predicted,1.0909090909090908,21,10,CGCGGGCTAGCGATAGACAG,11,5024995
yjbJ_predicted,3.4545454545454546,47,10,CGCGCGTAACAAACGAATTA,37,5014597
yjbJ_predicted,2.090909090909091,32,10,CGCGATTTGTGCTTAACGAT,22,5014951
yjbJ_predicted,1.4545454545454546,25,10,CGCCAGCTCATAAAGTCCAG,15,5028680
yjbJ_predicted,0.18181818181818182,11,10,CGACAGGCCAACCATTCATT,1,5001661
yjbJ_predicted,1.4545454545454546,25,10,CCTATCACACGGAAGTAATC,15,4997680
yjbJ_predicted,1.0,20,10,CCTAAGATTCTTTAGTATAG,10,5028243
yjbJ_predicted,0.5454545454545454,15,10,CCGGGCCGTGTTCAGATATT,5,5002209
yjbJ_predicted,0.18181818181818182,11,10,CCGAGCGCTGGATATCTCCC,1,5015993
yjbJ_predicted,1.9090909090909092,30,10,CCGAAAAGTGCCAACCTTCA,20,5028417
yjbJ_predicted,0.18181818181818182,11,10,CCCCACGTCGTTCGTAAATA,1,4999512
yjbJ_predicted,2.090909090909091,32,10,CCCCACCGAGAGGCGCAGGG,22,5014469
yjbJ_predicted,1.4545454545454546,25,10,CCATCCTTGTGTCCGTTAAG,15,5016175
yjbJ_predicted,1.2727272727272727,23,10,CCAATAAGTAGGATTAAGGA,13,5026060
yjbJ_predicted,1.4545454545454546,25,10,CATGGGGCTAGTCATTCAGA,15,4995897
yjbJ_predicted,0.6363636363636364,16,10,CATCCTTTATATACCAGAAA,6,5007037
yjbJ_predicted,3.272727272727273,45,10,CATAGTCATGTGTATATGGT,35,5002632
yjbJ_predicted,1.1818181818181819,22,10,CATAGAGTAACAGAAAGCTG,12,4997277
yjbJ_predicted,1.1818181818181819,22,10,CAGTTCATGTAGTCCTCTCT,12,5012791
yjbJ_predicted,0.9090909090909091,19,10,CAGTGACGATCCAGCGAGGG,9,5003409
yjbJ_predicted,0.18181818181818182,11,10,CAGGGGTTTGTCCACTGTTT,1,4998151
yjbJ_predicted,0.2727272727272727,12,10,CAGCGGTCGATCTACGTTTG,2,4997588
yjbJ_predicted,0.36363636363636365,13,10,CACGGTTAAGATCCCTCAAT,3,5021499
yjbJ_predicted,1.1818181818181819,22,10,CACCCATAACAAGCAACCCC,12,5003593
yjbJ_predicted,1.0,20,10,CAAGGCGTGTACTTGTCTAC,10,5029871
yjbJ_predicted,1.0909090909090908,21,10,CAACGCACATTCAGAATGGT,11,5010790
yjbJ_predicted,0.18181818181818182,11,10,CAACATCAGCGACATGTTGC,1,5011238
yjbJ_predicted,1.0909090909090908,21,10,ATTATAAAGTTTCATCGTGT,11,5027895
yjbJ_predicted,1.0,20,10,ATTAGTTGTGAGCCTCCTCT,10,4998809
yjbJ_predicted,1.0,20,10,ATGTTGAGTCTGAGTAACGG,10,5022549
yjbJ_predicted,1.7272727272727273,28,10,ATGGACCCCGTGCAGTTATG,18,5020803
yjbJ_predicted,2.4545454545454546,36,10,ATCTACGATTCAACCGGGGT,26,4997518
yjbJ_predicted,1.2727272727272727,23,10,ATCCCTGTAATAATCCCACA,13,4995057
yjbJ_predicted,0.2727272727272727,12,10,ATATCATAGAGTTACTAAAT,2,5004159
yjbJ_predicted,0.2727272727272727,12,10,ATAAAGGGCGGCGCCGACTC,2,5003114
yjbJ_predicted,1.8181818181818181,29,10,AGTTATAACGTAGACCTCAG,19,5015393
yjbJ_predicted,1.3636363636363635,24,10,AGTGTGAGCAGGTGGGCGGT,14,5024974
yjbJ_predicted,1.0909090909090908,21,10,AGTGCCTAAGCTGGTCCAGA,11,5019244
yjbJ_predicted,0.8181818181818182,18,10,AGTCTTAATATGGTTATAGA,8,5006268
yjbJ_predicted,1.9090909090909092,30,10,AGGTTTACTGATACGGATTG,20,5015729
yjbJ_predicted,3.090909090909091,43,10,AGGCAGGAAGCTTTACGCTG,33,4997987
yjbJ_predicted,0.36363636363636365,13,10,AGGATAGCCCTTCGCGAATC,3,5019950
yjbJ_predicted,1.2727272727272727,23,10,AGCTTGAAGCAGATCACGAA,13,5010336
yjbJ_predicted,0.9090909090909091,19,10,AGCCTCCGCTTCCTTTCTCA,9,4995641
yjbJ_predicted,0.45454545454545453,14,10,AGAGACAATCGAGTCGAATA,4,5012716
yjbJ_predicted,0.6363636363636364,16,10,AGAACGGACCTACAGCGCCT,6,5004217
yjbJ_predicted,0.7272727272727273,17,10,AGAACAAGCGAAAAAACCAT,7,5008262
yjbJ_predicted,1.4545454545454546,25,10,ACTTGAGCGTAGATAAGTTT,15,5030584
yjbJ_predicted,0.6363636363636364,16,10,ACTTCCTAAGTAAATCTAAT,6,5004813
yjbJ_predicted,1.1818181818181819,22,10,ACTTATGGCGTGGCGGGAGT,12,4997302
yjbJ_predicted,0.18181818181818182,11,10,ACTGGTAATGGGATGATTGG,1,5000800
yjbJ_predicted,0.9090909090909091,19,10,ACTCTGTCCTAGGTATTGCG,9,5004760
yjbJ_predicted,1.1818181818181819,22,10,ACGGTCATCTGCAGGACCAT,12,5006971
yjbJ_predicted,1.8181818181818181,29,10,ACGGCATATAGGAGATGTGT,19,5020878
yjbJ_predicted,0.45454545454545453,14,10,ACGACACGCGTGGTGTTTAC,4,5010028
yjbJ_predicted,1.9090909090909092,30,10,ACGAAGGTTCACCGAGACGA,20,4994830
yjbJ_predicted,1.0,20,10,ACCGCCGTGCCCTCCGTAGG,10,4996350
yjbJ_predicted,0.5454545454545454,15,10,ACAGTTGGCGGTCCAGTTCG,5,5002349
yjbJ_predicted,4.636363636363637,60,10,ACAGACTACGGATACGGAGA,50,5010857
yjbJ_predicted,2.0,31,10,ACAAGTAGATCGATGATTTT,21,5018127
yjbJ_predicted,1.0909090909090908,21,10,ACAAGCGTAGGCGGTAACCA,11,5005591
yjbJ_predicted,0.36363636363636365,13,10,AAGGCCTGTAACGGGCCAAG,3,5020153
yjbJ_predicted,0.8181818181818182,18,10,AACGTTCGACACAAAGGACG,8,4997598
yjbJ_predicted,3.5454545454545454,48,10,AAAATCGGAACAGTCGGATC,38,4999681
yjbJ_predicted,1.0,18,9,TTTCAACGATCCCTGGGGGA,9,5022938
yjbJ_predicted,0.9,17,9,TTGCCGGCGACAAATCGCCG,8,4996362
yjbJ_predicted,2.3,31,9,TTGACTCGTCTCATAGCTCT,22,5030558
yjbJ_predicted,0.8,16,9,TTCTTGTTTACTACTTGGCC,7,5007901
yjbJ_predicted,2.7,35,9,TTCGGATTCGCACTCACCCG,26,5022882
yjbJ_predicted,1.7,25,9,TGGTATTGGGTGGTTTAGCC,16,4997871
yjbJ_predicted,2.8,36,9,TGGGTACGCAAGTGTGGGAC,27,4997893
yjbJ_predicted,0.5,13,9,TGGCGAGTTTTAATATGACT,4,5004456
yjbJ_predicted,0.6,14,9,TGCGTGCATCATATCTCCTA,5,5023072
yjbJ_predicted,1.6,24,9,TGCAAGCCCAGCACTGGGCT,15,5010102
yjbJ_predicted,1.1,19,9,TGATACATAGCACTCCTGGA,10,5026505
yjbJ_predicted,1.1,19,9,TGAGATTTTCAGCTTAACGC,10,5014710
yjbJ_predicted,0.4,12,9,TGACGGCGACATAATCCTAA,3,5023514
yjbJ_predicted,1.1,19,9,TGACAGTACGAAAAACTGAG,10,5021615
yjbJ_predicted,2.4,32,9,TCTGCCTGGCGGGCGTAGCA,23,5025212
yjbJ_predicted,1.2,20,9,TCTCGGACCTACGGTATTCG,11,5002549
yjbJ_predicted,0.2,10,9,TCGGTAGATTCGCTTGCCAA,1,5027965
yjbJ_predicted,0.2,10,9,TCGCTTGCAGAACGGTCCTC,1,5012018
yjbJ_predicted,5.3,61,9,TCGCTACAATAGTTTGACCC,52,5007212
yjbJ_predicted,0.4,12,9,TCGCCTTTGTGTCGCGCTGC,3,5007972
yjbJ_predicted,3.7,45,9,TCGAGCCAGGATGCCGTATC,36,4994773
yjbJ_predicted,1.0,18,9,TCCTACATTTCGTCACCCTC,9,5009886
yjbJ_predicted,2.5,33,9,TCCGGCCAGACGAGGAGGAG,24,5003521
yjbJ_predicted,0.6,14,9,TCCGGCCAAGCTATGGCGTG,5,5025085
yjbJ_predicted,0.5,13,9,TCCACCTGCTATCAATGCGT,4,4995394
yjbJ_predicted,0.7,15,9,TCCAATGAGACTCGAGCTCG,6,5021417
yjbJ_predicted,2.8,36,9,TATTATGACATTGGTTAGCT,27,5031100
yjbJ_predicted,1.1,19,9,TATATTCTTTATCATTCTGA,10,5017626
yjbJ_predicted,1.2,20,9,TAGCAAGCGGTCCCTTAGTA,11,5020065
yjbJ_predicted,1.3,21,9,TAGACCTGGTACCTTTAATT,12,5029721
yjbJ_predicted,0.4,12,9,GTTTTGCTCACTGGCCGAGA,3,5027101
yjbJ_predicted,0.9,17,9,GTTTATCTATCGGTTTTACC,8,5019022
yjbJ_predicted,0.6,14,9,GTTGTCACTGGTGTATCCGT,5,5000079
yjbJ_predicted,0.5,13,9,GTTGGGGTTTACGCCGAGCT,4,5010030
yjbJ_predicted,1.8,26,9,GTGACCATCTGCCAAAGCGA,17,5013121
yjbJ_predicted,1.2,20,9,GTCGATCGGGTTGTTTTTAG,11,4999676
yjbJ_predicted,1.9,27,9,GTCCCTCGGACCAGCGGCGA,18,5029189
yjbJ_predicted,0.2,10,9,GTAGCAACCTTTACCAGAAG,1,4994934
yjbJ_predicted,1.2,20,9,GTAATTCGTGCCGTCAATGT,11,5020465
yjbJ_predicted,0.2,10,9,GTAACGTTCGTTTTCACGCA,1,5004420
yjbJ_predicted,0.9,17,9,GGTGGTTCGCCTAACAGTGA,8,5022256
yjbJ_predicted,0.2,10,9,GGTCGTCACCTTTTACATAC,1,4996115
yjbJ_predicted,1.0,18,9,GGTCCCGACACCCACTGGCG,9,5000234
yjbJ_predicted,1.5,23,9,GGCCGCACCTGGGGTGGAAA,14,5014566
yjbJ_predicted,1.2,20,9,GGCAGCCAGGCTTATGTCTT,11,5018753
yjbJ_predicted,1.4,22,9,GGCAGCAACTAGCCGGGAAA,13,5007854
yjbJ_predicted,0.7,15,9,GGAGGGCAAACCTAAGGTAT,6,5026046
yjbJ_predicted,0.3,11,9,GGAGCATAGATCCAGCCGGT,2,5023372
yjbJ_predicted,0.9,17,9,GGAAACAGTTTCTGGGTTAA,8,5015849
yjbJ_predicted,1.2,20,9,GCTCGAACAATAGTGAAATG,11,5001285
yjbJ_predicted,2.3,31,9,GCTCCTCTTTACCTCATTGA,22,5027071
yjbJ_predicted,0.5,13,9,GCTACTCAAGAATGCTTGGT,4,4996742
yjbJ_predicted,2.3,31,9,GCTACACTCATACTAATCAT,22,5022164
yjbJ_predicted,1.5,23,9,GCGTCACCGATATCAGGATT,14,5008077
yjbJ_predicted,1.4,22,9,GCCTCCTCATTACGTGCATA,13,5013078
yjbJ_predicted,2.1,29,9,GCAGTCTAAACGCGAGCGAG,20,5008182
yjbJ_predicted,0.6,14,9,GATGTAGCCACTCCGGAATA,5,5012548
yjbJ_predicted,0.8,16,9,GATGCGGTCCCAGGCAGGGA,7,5025538
yjbJ_predicted,0.9,17,9,GATCGCCTATGTAGTACTCC,8,5022772
yjbJ_predicted,0.4,12,9,GATCCAAGGCGATGTGATTG,3,5014703
yjbJ_predicted,0.2,10,9,GAGAGCCGTATAGATGGCTT,1,5028980
yjbJ_predicted,0.4,12,9,GAACATTGGATAGATGGAGG,3,5002104
yjbJ_predicted,3.8,46,9,GAACAGGGCGTGTGGTCTTC,37,5004028
yjbJ_predicted,2.0,28,9,GAAAATGGGTGTCAACATCT,19,4998317
yjbJ_predicted,1.4,22,9,CTTTGATGCGAATTACCGGA,13,5021040
yjbJ_predicted,1.2,20,9,CTTACCGTCGAGATGTCAGC,11,5014869
yjbJ_predicted,2.2,30,9,CTGGAGGTGACTACAATTGT,21,5023882
yjbJ_predicted,0.2,10,9,CTGCGCGGTTCTAGGAAACA,1,5009515
yjbJ_predicted,1.4,22,9,CTGAAGCGGGCGCCGCGCGG,13,5007146
yjbJ_predicted,1.6,24,9,CTCTGGCTAAAGGTGTAGAC,15,5004058
yjbJ_predicted,1.7,25,9,CTCTACGAGATATTTAGCAG,16,5001323
yjbJ_predicted,1.5,23,9,CTACTCCTATTTAGCTCATA,14,5001448
yjbJ_predicted,0.2,10,9,CGTTCGAACATTGGCGGACT,1,5027659
yjbJ_predicted,1.1,19,9,CGTAAGCTTAATCCAGGGAT,10,5001158
yjbJ_predicted,0.5,13,9,CGGTGCCCGTATTTTATGTT,4,5030962
yjbJ_predicted,1.6,24,9,CGGTCTGGCCGCGGGATCTT,15,5013685
yjbJ_predicted,2.0,28,9,CGGGCCGTAGGGGTTCTATT,19,5025722
yjbJ_predicted,2.0,28,9,CGCTGAGGGAGTACGCGTTT,19,5018752
yjbJ_predicted,1.2,20,9,CGCGGGGTCGAGCGGGACAG,11,4998658
yjbJ_predicted,1.9,27,9,CGCCAGCTTCGACGGACTAT,18,5016722
yjbJ_predicted,1.2,20,9,CGCAAAAATAACGGGCTGAT,11,5024344
yjbJ_predicted,1.9,27,9,CGACCTCTACTGGCTCGGGG,18,5031123
yjbJ_predicted,0.2,10,9,CGAACCTTATCGCACCGTGT,1,5028582
yjbJ_predicted,0.2,10,9,CCTGGTTCGGGTCTCTCCGC,1,5025964
yjbJ_predicted,1.2,20,9,CCCCCACTATCGGTCATTTA,11,5026206
yjbJ_predicted,1.0,18,9,CCACGCTTCCTACTCAAGCA,9,5021021
yjbJ_predicted,0.2,10,9,CCAAGGGGGTTAATAGTAGA,1,5012890
yjbJ_predicted,1.8,26,9,CATTAGCGCTATAGAACGAG,17,5003885
yjbJ_predicted,0.4,12,9,CATCTTTGATGGGCGGAAGC,3,5020448
yjbJ_predicted,1.7,25,9,CATCTGGGCAACTTCTGTAT,16,5023544
yjbJ_predicted,1.9,27,9,CACGGCAACCATCTTGTCCC,18,4996314
yjbJ_predicted,0.4,12,9,CACCGAGTGCGTCGCTCTAC,3,5031306
yjbJ_predicted,0.9,17,9,CAATAAGTGCGCGCGCGGAA,8,4995467
yjbJ_predicted,5.7,65,9,CAACACAGCATCGAGAGAAG,56,4996715
yjbJ_predicted,1.5,23,9,ATTTTTAGACCTTGCTTAAA,14,5002437
yjbJ_predicted,3.1,39,9,ATTTGGTTTTCGCATTTCTT,30,5003545
yjbJ_predicted,0.8,16,9,ATTTCCCCCCGTAGGCTTGC,7,4996196
yjbJ_predicted,0.2,10,9,ATTGTGGTCTAATTCACCCC,1,5020837
yjbJ_predicted,0.2,10,9,ATTCGGTCTCGTCTATTGTG,1,5028201
yjbJ_predicted,3.0,38,9,ATTAACTTACGGCCTCGTAG,29,5021266
yjbJ_predicted,1.2,20,9,ATGGGCCAGTCAGTTTACTG,11,5004516
yjbJ_predicted,1.0,18,9,ATGCTGACCTTGGAAAGTTT,9,5019195
yjbJ_predicted,2.6,34,9,ATGCGCGGCAACGCCGGGGT,25,5010515
yjbJ_predicted,1.5,23,9,ATCGTTACGACTATGCGCGG,14,5012471
yjbJ_predicted,3.1,39,9,ATACAGTTGACTCGGGGGGT,30,5012148
yjbJ_predicted,0.2,10,9,ATAAGATATGTCTTTGAGCA,1,5018868
yjbJ_predicted,2.1,29,9,ATAAACGTCAATGTCAAGAT,20,5020178
yjbJ_predicted,2.2,30,9,AGTACGCGTGCGGAACGTCA,21,5016848
yjbJ_predicted,1.1,19,9,AGGGTCGGCTAGCATCAGGG,10,5025883
yjbJ_predicted,1.2,20,9,AGGGCGCATAACTATAGGCT,11,5026254
yjbJ_predicted,0.4,12,9,AGGAGAAAGGCCTTAGCTCC,3,5017712
yjbJ_predicted,1.1,19,9,AGCTCCGGATAGGCCCCACT,10,5015155
yjbJ_predicted,0.2,10,9,AGCGACTTGGCTCGTGGCTA,1,5012613
yjbJ_predicted,1.1,19,9,AGCATTGCTGCGCTCCCTAA,10,5007730
yjbJ_predicted,0.5,13,9,AGAGGTATGGGCGTTACCCT,4,5017678
yjbJ_predicted,0.2,10,9,AGACGCTGTATAAGATTGAT,1,4994832
yjbJ_predicted,2.7,35,9,AGAACGTTTGTGATCAGTGC,26,5014937
yjbJ_predicted,0.2,10,9,AGAAACGTAATGGGTGTCAG,1,5022335
yjbJ_predicted,2.2,30,9,AGAAACAGCGTCCGACCGGG,21,5015279
yjbJ_predicted,1.0,18,9,ACTCGCTAACTCAATCATGC,9,5009959
yjbJ_predicted,3.0,38,9,ACTAATTACCCTCGTCTCAC,29,5014978
yjbJ_predicted,0.8,16,9,ACGCTATGTCCCACAGACAG,7,5029498
yjbJ_predicted,2.6,34,9,ACGCACTAGCCTGGAATGGA,25,4997648
yjbJ_predicted,0.6,14,9,ACCTAAACTTTAGTCTAGGG,5,5009839
yjbJ_predicted,1.6,24,9,ACCCGTCGGTCGAGTTTATA,15,5023698
yjbJ_predicted,1.3,21,9,ACCAACCAGGCAAACGCCGT,12,5006145
yjbJ_predicted,0.2,10,9,AATTCGCGCGGACGCTTTCT,1,4999419
yjbJ_predicted,0.3,11,9,AATGGTTGCCCTTTTTCTTG,2,5002605
yjbJ_predicted,1.7,25,9,AAGTGTCTTTGGTGGCGATT,16,4994879
yjbJ_predicted,2.7,35,9,AAGCCGTTCAAGTGTAATAA,26,5012166
yjbJ_predicted,0.2,10,9,AAGATTCCTATTTGCATTTA,1,5025755
yjbJ_predicted,1.1,19,9,AACTTTATGATATCGAAATA,10,5005025
yjbJ_predicted,0.4,12,9,AACTTGGTATGGACCGTAAA,3,5028896
yjbJ_predicted,1.4,22,9,AACTGAGAATCCGATAGCGT,13,5020768
yjbJ_predicted,0.2,10,9,AACTAGGAGTCGTTTCGTTG,1,5017299
yjbJ_predicted,2.4,32,9,AACGCAACTGTTATTGCGCC,23,4997319
yjbJ_predicted,2.1,29,9,AACCATTTCTCCGCTAATCC,20,5026727
yjbJ_predicted,1.9,27,9,AAATTAGAGGGTCAAAGGCC,18,4999088
yjbJ_predicted,0.8,16,9,AAATAAGCTAATAAATAATA,7,5013754
yjbJ_predicted,1.4,22,9,AAAGCGAAGTCGCTTTCATT,13,5022430
yjbJ_predicted,1.8,26,9,AAACGAACTGAGACGCAGAG,17,5007656
yjbJ_predicted,0.8,16,9,AAACCAACGTTCCGATGGTG,7,5030846
yjbJ_predicted,0.2222222222222222,9,8,TTTGAGATAGTCAACAGGCG,1,5005431
yjbJ_predicted,1.4444444444444444,20,8,TTTCATTGTAACCGGCCCCG,12,5020104
yjbJ_predicted,0.6666666666666666,13,8,TTTAATATGAACGTTCCAGT,5,5029857
yjbJ_predicted,2.3333333333333335,28,8,TTTAACTAAGATTCCTTCTA,20,5008127
yjbJ_predicted,1.2222222222222223,18,8,TTGTGTTGTCCTCGGAGATC,10,5019713
yjbJ_predicted,1.4444444444444444,20,8,TTGGAGGTAATTGATCGCGA,12,5023942
yjbJ_predicted,1.8888888888888888,24,8,TTCTAGCAAGACGTCTGATG,16,5001936
yjbJ_predicted,1.3333333333333333,19,8,TTCGAAGTGTTCTGTGGGCA,11,5006607
yjbJ_predicted,0.7777777777777778,14,8,TTCAAGGCCCCTTTATATTA,6,5011768
yjbJ_predicted,1.6666666666666667,22,8,TTAGTAGTCGCCAGGATGCG,14,4998205
yjbJ_predicted,0.8888888888888888,15,8,TTAGGTAATGCGCTTGTTAA,7,5008696
yjbJ_predicted,1.3333333333333333,19,8,TTAGGGGCACGACAAATAGA,11,5002608
yjbJ_predicted,1.8888888888888888,24,8,TTACCTGTGAACCGTTTTTG,16,5016215
yjbJ_predicted,1.2222222222222223,18,8,TGGTGATTATAGACCTTTAC,10,5000503
yjbJ_predicted,0.7777777777777778,14,8,TGGAACCAATTGTCAGATTT,6,5019358
yjbJ_predicted,1.3333333333333333,19,8,TGCTAACAAACATCTCGTTT,11,5011233
yjbJ_predicted,2.5555555555555554,30,8,TGCGGTCAGACCCAGGAAGG,22,5007633
yjbJ_predicted,1.3333333333333333,19,8,TGCAATTGCGTTGAGGTACG,11,4999964
yjbJ_predicted,0.3333333333333333,10,8,TGAGCATAGGTGAGGTCAAT,2,5008456
yjbJ_predicted,0.2222222222222222,9,8,TCTATCCCAACGTTCCTACA,1,5030282
yjbJ_predicted,1.0,16,8,TCGGCTCCTAATTCAGCAAA,8,5014119
yjbJ_predicted,0.3333333333333333,10,8,TCGGAACAAAGATCGGCTCT,2,5008537
yjbJ_predicted,0.8888888888888888,15,8,TCGCTGGACTTTCTCCCGTC,7,5001434
yjbJ_predicted,1.8888888888888888,24,8,TCCAGTGGGTTAGCATTATC,16,5012531
yjbJ_predicted,1.0,16,8,TCACTTCTCTCGATTGATCG,8,5005274
yjbJ_predicted,3.7777777777777777,41,8,TATCGGTTAGAACATGTCAA,33,5026696
yjbJ_predicted,0.7777777777777778,14,8,TATCCCATTTGTTCGCGCCG,6,5028192
yjbJ_predicted,2.0,25,8,TAGGGCGCCAGAGGTATAGA,17,5012853
yjbJ_predicted,0.2222222222222222,9,8,TACTCGTTAGTGTCCCTGCG,1,5019574
yjbJ_predicted,0.7777777777777778,14,8,GTTTATAAAGCCTTGGAGGT,6,5027182
yjbJ_predicted,0.3333333333333333,10,8,GTGTGTAGAATAGTTGCGAC,2,5004776
yjbJ_predicted,3.2222222222222223,36,8,GTGGACGTAGGTCTTACTAT,28,5029878
yjbJ_predicted,0.5555555555555556,12,8,GTGCCCTCTTTCATTCATTC,4,5028950
yjbJ_predicted,2.111111111111111,26,8,GTCTCATGGGCCTCTCTCAA,18,5000260
yjbJ_predicted,0.2222222222222222,9,8,GTCCGGTCTCTGGCTCGCCA,1,4995139
yjbJ_predicted,0.6666666666666666,13,8,GTCCGATTGCCTTGCACGGT,5,4997626
yjbJ_predicted,1.8888888888888888,24,8,GTATGCCTGTCAAACACTTC,16,5016697
yjbJ_predicted,1.2222222222222223,18,8,GTATAGCGCCCAGGGAATTG,10,5029043
yjbJ_predicted,2.6666666666666665,31,8,GTAGGGATATGTATCAACAA,23,5018622
yjbJ_predicted,0.6666666666666666,13,8,GTACTCCTTGTGTGCCAAAT,5,5011453
yjbJ_predicted,0.7777777777777778,14,8,GTAAACAAATTCCCTGATAA,6,5003843
yjbJ_predicted,1.2222222222222223,18,8,GGTGCTATGAGCCCCCCACT,10,4996050
yjbJ_predicted,0.4444444444444444,11,8,GGGAAGGACAGGAGGTTTAA,3,4996339
yjbJ_predicted,1.6666666666666667,22,8,GGGAAAGTCTCGGAATAGGA,14,5015928
yjbJ_predicted,0.5555555555555556,12,8,GGCATGACTAAAATTGTAGT,4,5017134
yjbJ_predicted,1.1111111111111112,17,8,GGATCTTTGCGGGGATTTCG,9,5017483
yjbJ_predicted,3.0,34,8,GGATCAGCCCATTGGAACGA,26,5013331
yjbJ_predicted,0.2222222222222222,9,8,GCTTCGGGACAGTGTGGTTA,1,5029225
yjbJ_predicted,1.6666666666666667,22,8,GCTACTACACGCTGAGCTGC,14,5001698
yjbJ_predicted,0.6666666666666666,13,8,GCGGAGCCCTCATGCGTATA,5,4997906
yjbJ_predicted,1.7777777777777777,23,8,GCGCTCGCAAAACCGATAGC,15,5021937
yjbJ_predicted,1.3333333333333333,19,8,GCCGTCGGCCAATGATCGGT,11,5004494
yjbJ_predicted,1.8888888888888888,24,8,GCCGATTCCTTGTGCACGCA,16,5004072
yjbJ_predicted,0.6666666666666666,13,8,GCCCGATGCAGAGATTGCGT,5,4998224
yjbJ_predicted,0.6666666666666666,13,8,GCATGTTCTACAACGATTGG,5,5015528
yjbJ_predicted,0.2222222222222222,9,8,GCATCGTCATCGGCTCGACG,1,5005784
yjbJ_predicted,0.5555555555555556,12,8,GATCCGAAGGCCACTGGAGC,4,5016168
yjbJ_predicted,2.5555555555555554,30,8,GATCAAGGGACTTTGGCTAC,22,5011563
yjbJ_predicted,0.2222222222222222,9,8,GATAGTGGCCGGTCCCTAAT,1,5019683
yjbJ_predicted,2.0,25,8,GAGGTCTTTCCCCAGTGCGC,17,4999370
yjbJ_predicted,0.5555555555555556,12,8,GACACCGACAAAGAAGGTGT,4,5003577
yjbJ_predicted,0.7777777777777778,14,8,CTTTGGTTGATAAATGTTTA,6,5019398
yjbJ_predicted,1.4444444444444444,20,8,CTTTCTACTCCGGGGTATAA,12,5021660
yjbJ_predicted,4.222222222222222,45,8,CTTAGGGAATGCGTGAGTCG,37,5024307
yjbJ_predicted,2.2222222222222223,27,8,CTTAGGATGTAAGTATTTAT,19,5016307
yjbJ_predicted,1.3333333333333333,19,8,CTCTACACAATAATAGCGAT,11,4998803
yjbJ_predicted,1.4444444444444444,20,8,CTCGGTCAGATTTTCCGCTT,12,5010541
yjbJ_predicted,0.4444444444444444,11,8,CTCCGTCTCACAAATAATGA,3,5029945
yjbJ_predicted,1.2222222222222223,18,8,CTCACTATCATCCGGCTAGG,10,5025364
yjbJ_predicted,4.888888888888889,51,8,CTATTGCCGGCAAAACTGAG,43,5021269
yjbJ_predicted,0.2222222222222222,9,8,CTAGGTACCCTGGCCAGTGT,1,5000947
yjbJ_predicted,0.2222222222222222,9,8,CTAGGAACTTGTGTAAACAA,1,5013915
yjbJ_predicted,1.1111111111111112,17,8,CTACCTCCAACCCCCCACCC,9,4996127
yjbJ_predicted,1.1111111111111112,17,8,CGTCCTGCTAACGCTGGGGA,9,5006252
yjbJ_predicted,2.0,25,8,CGGGTCTTACCACGGAAGCA,17,5001780
yjbJ_predicted,1.3333333333333333,19,8,CGGGCTAAACCGTGTTCTAG,11,5015234
yjbJ_predicted,1.4444444444444444,20,8,CGGGAAAGGTTGAGCTGCCT,12,5006859
yjbJ_predicted,1.0,16,8,CGGCGTAGCGTACTCAGATT,8,5030615
yjbJ_predicted,1.6666666666666667,22,8,CGGAGTGGCGGCAGTGGTCG,14,5022150
yjbJ_predicted,0.4444444444444444,11,8,CGCCTTATTGGACCATGACT,3,5001369
yjbJ_predicted,0.4444444444444444,11,8,CGCCCGCCAACGACACTCCA,3,5023208
yjbJ_predicted,5.444444444444445,56,8,CGCATTAACACAAGCCGTAC,48,5017139
yjbJ_predicted,4.444444444444445,47,8,CGATGGTAGCCCGGACCTGG,39,5004611
yjbJ_predicted,2.3333333333333335,28,8,CCTTGCGTTAACTCATCGTC,20,5026440
yjbJ_predicted,2.3333333333333335,28,8,CCTCTATCCTGTGGATATCT,20,5004594
yjbJ_predicted,1.6666666666666667,22,8,CCGATTGAGCCAAGGATGAT,14,5026118
yjbJ_predicted,2.2222222222222223,27,8,CCGATTGAGATTGCAACCCC,19,5029917
yjbJ_predicted,2.3333333333333335,28,8,CCCGGCAGTGTGCCCTCACA,20,4997116
yjbJ_predicted,3.5555555555555554,39,8,CATTCTATTCTCCTTTCGGT,31,4998077
yjbJ_predicted,0.3333333333333333,10,8,CATGAGACAAGATTTAGACG,2,5019809
yjbJ_predicted,2.4444444444444446,29,8,CAGGCAGATCGGAACGATTG,21,5004279
yjbJ_predicted,3.5555555555555554,39,8,CAGCGTTTGGACCCCTCGTA,31,5011769
yjbJ_predicted,2.0,25,8,CAGCAACGATTCCTCAGCGT,17,5009796
yjbJ_predicted,2.888888888888889,33,8,CAGAAAATGTCGGCTTTCTT,25,5013919
yjbJ_predicted,0.2222222222222222,9,8,CACCGTGGATAGCGGCGAGC,1,5027303
yjbJ_predicted,2.6666666666666665,31,8,CAAGGGTCTTAAGAGGCAGG,23,5019436
yjbJ_predicted,3.3333333333333335,37,8,ATTCTTCTGAAGAAAGTGCG,29,5008341
yjbJ_predicted,0.2222222222222222,9,8,ATTCTTATTAAGTAAGTACG,1,5028132
yjbJ_predicted,4.222222222222222,45,8,ATTATACCTTCCAGCACCCT,37,5003178
yjbJ_predicted,1.2222222222222223,18,8,ATGCTTTTTTATACATAGCT,10,4998281
yjbJ_predicted,2.3333333333333335,28,8,ATGCAGGGACCGAATTCATT,20,5004617
yjbJ_predicted,0.7777777777777778,14,8,ATCATCTATATACTCGATCA,6,5002117
yjbJ_predicted,0.7777777777777778,14,8,AGTGGTTCTGTATACCCGGC,6,5019645
yjbJ_predicted,2.6666666666666665,31,8,AGTGCCCGCTAAAGGGCATT,23,5030707
yjbJ_predicted,1.0,16,8,AGGTTTCTGCAGCCATAGAA,8,5003518
yjbJ_predicted,1.2222222222222223,18,8,AGGATGGGACGGCTTTCTAA,10,5027401
yjbJ_predicted,0.2222222222222222,9,8,AGGATAACTTCTGGCCGGCA,1,5028568
yjbJ_predicted,1.8888888888888888,24,8,AGCTGAGTGCATTATCAGAT,16,5016746
yjbJ_predicted,0.3333333333333333,10,8,AGATTTGCTTAGAGAACAAT,2,5009599
yjbJ_predicted,0.8888888888888888,15,8,ACTTAGGCGCCAGCAGTGCC,7,5019957
yjbJ_predicted,0.2222222222222222,9,8,ACTCACGAGGTTGATCGGCT,1,5025782
yjbJ_predicted,0.2222222222222222,9,8,ACGTATTACTATAGGCCTAC,1,5021913
yjbJ_predicted,2.888888888888889,33,8,ACGGGAGTTTCTACTATTCG,25,5018808
yjbJ_predicted,0.8888888888888888,15,8,ACGGCTCTAACTGGGAAGTT,7,5010655
yjbJ_predicted,2.7777777777777777,32,8,ACGACTATTAGTGTTCCGGT,24,5002565
yjbJ_predicted,1.2222222222222223,18,8,ACCTCGTCCGGCTTGAGAAA,10,5000072
yjbJ_predicted,1.6666666666666667,22,8,ACCGCATCCGATGCTCTCGC,14,4999761
yjbJ_predicted,0.3333333333333333,10,8,ACCGAGCCTGAAATATCGCG,2,5004167
yjbJ_predicted,1.6666666666666667,22,8,ACCATGCGTTAGACGGAATG,14,5027255
yjbJ_predicted,0.2222222222222222,9,8,ACCAATAGTAAAGCCCGATA,1,5003192
yjbJ_predicted,3.2222222222222223,36,8,ACATTTGCACTGCATATCGG,28,4998894
yjbJ_predicted,0.2222222222222222,9,8,ACAGTTCTTTAGATGCCATC,1,5023643
yjbJ_predicted,2.4444444444444446,29,8,ACACCCGGCATTATGTACCT,21,5015947
yjbJ_predicted,1.7777777777777777,23,8,AATAAACTTACGATTTGACT,15,5019437
yjbJ_predicted,1.8888888888888888,24,8,AAGAGAATGATAGTCAAGTT,16,5008275
yjbJ_predicted,1.1111111111111112,17,8,AACTTTGTACAAATCCTTTT,9,5003487
yjbJ_predicted,2.3333333333333335,28,8,AACGAGCGCTGCACAGCCTA,20,5006919
yjbJ_predicted,1.0,16,8,AACCACAGTCAGTCAGTTAT,8,5002432
yjbJ_predicted,0.2222222222222222,9,8,AACATGCGGTCTGGGTCGCA,1,4994787
yjbJ_predicted,0.7777777777777778,14,8,AAATCGTGGGGCCATCGTTC,6,5028361
yjbJ_predicted,1.875,21,7,TTTTCTGGGAATAGTCCGCT,14,5015700
yjbJ_predicted,1.375,17,7,TTTTACATGGTTCTTAGGTT,10,5002787
yjbJ_predicted,1.375,17,7,TTTCTCCAGGGTATAGCGGG,10,5019307
yjbJ_predicted,0.625,11,7,TTTACCCATCTGGCGCGGTT,4,5024449
yjbJ_predicted,1.0,14,7,TTGTCAGCCCCAAGGGCGAT,7,4995503
yjbJ_predicted,0.25,8,7,TTGGTCGGTATAACTATGAA,1,5018914
yjbJ_predicted,2.5,26,7,TTGGATAAGGGCTCCTCTCA,19,5019616
yjbJ_predicted,0.25,8,7,TTGAATCCGCTACAGGTATT,1,5023097
yjbJ_predicted,2.0,22,7,TTCTCCCGGCTACGTGCAGC,15,5018673
yjbJ_predicted,0.375,9,7,TTCCCGTCTCTAGATCGTGC,2,5000753
yjbJ_predicted,2.75,28,7,TTACTTGACAGGGTAGGGGT,21,5012533
yjbJ_predicted,1.625,19,7,TTAAGCCGGAATGGGGAGTC,12,4997481
yjbJ_predicted,1.25,16,7,TGTTTTGGAAGCCGGGTGAC,9,5015340
yjbJ_predicted,2.25,24,7,TGTGAGGTAAGGGCTGTAAA,17,5010350
yjbJ_predicted,3.125,31,7,TGCTGAAATCGTCCCAATCT,24,4997560
yjbJ_predicted,1.25,16,7,TGCCTGCTCTATCCTCTACC,9,5000418
yjbJ_predicted,0.75,12,7,TGATACATTAGCCATTCTGT,5,5016359
yjbJ_predicted,0.375,9,7,TCTCATGGACAGCACCTAGG,2,5025123
yjbJ_predicted,2.0,22,7,TCTCATCGCCGTGATTCAAC,15,5012928
yjbJ_predicted,1.375,17,7,TCGGACTTAAGACACTGATC,10,5016586
yjbJ_predicted,0.75,12,7,TCCTTTCTACTGACACCGCT,5,5018657
yjbJ_predicted,0.25,8,7,TCATATACAATGCTCCTTGT,1,4998315
yjbJ_predicted,1.625,19,7,TCACGTCCAAAGACAATGTT,12,5021498
yjbJ_predicted,2.5,26,7,TCAAGCACGCGGCACACTCA,19,5002985
yjbJ_predicted,0.25,8,7,TCAACGTTCACGTGGGTTTA,1,5017942
yjbJ_predicted,2.625,27,7,TATTTCTGCGTCACGCTTGA,20,5022975
yjbJ_predicted,2.625,27,7,TATTCCGCACTCTAGTGTCA,20,5025772
yjbJ_predicted,1.5,18,7,TAGACGCACCGCACCGGCCT,11,5001634
yjbJ_predicted,3.75,36,7,TAGACAGGGTCGCGGATTAG,29,5006824
yjbJ_predicted,2.625,27,7,TACGTCACCGAAGCTTATCA,20,5003529
yjbJ_predicted,1.875,21,7,TACGCGATGCTTTACTATAG,14,5016343
yjbJ_predicted,1.5,18,7,TACGCGAGTATTATCGATAG,11,5020832
yjbJ_predicted,3.125,31,7,TACCCGACCAGACTAGGCTT,24,5002357
yjbJ_predicted,2.875,29,7,TACACCACCAGACTTGAGAC,22,5002109
yjbJ_predicted,0.625,11,7,TAAGCCTTGGATTCTAAGGT,4,5002463
yjbJ_predicted,1.375,17,7,TAACATCCTACAGTCGAGAT,10,5018456
yjbJ_predicted,1.5,18,7,TAAATCATTATAGGCGTATC,11,5020673
yjbJ_predicted,2.0,22,7,GTTGTAGACCGGTAACTATT,15,5005867
yjbJ_predicted,2.25,24,7,GTTGGTAAGCTTGGAAACAG,17,5018311
yjbJ_predicted,2.0,22,7,GTTGGCATCCTGCTAAAATA,15,5000741
yjbJ_predicted,0.375,9,7,GTTCGAGATCCCTATTCGGC,2,5030796
yjbJ_predicted,2.125,23,7,GTGTATTCGAGTAGACGTAC,16,5019291
yjbJ_predicted,1.75,20,7,GTCCTGATCTCTGTGATAGA,13,4995862
yjbJ_predicted,1.375,17,7,GTCCAACCATTGGAAATCAT,10,5008970
yjbJ_predicted,3.125,31,7,GTAGTCCCTAGTGGCAGAGG,24,5010129
yjbJ_predicted,1.0,14,7,GGTTCCTATGTATCCTGTCT,7,5001436
yjbJ_predicted,0.375,9,7,GGTTCATGCCTTGGTGGGTC,2,5010545
yjbJ_predicted,0.25,8,7,GGGTTGACCGTACCAGCAAG,1,5017530
yjbJ_predicted,1.125,15,7,GGGGTGCAAGGTGTCTCGGA,8,5017260
yjbJ_predicted,1.0,14,7,GGGGTATTCTTTAGCAAGCA,7,4999243
yjbJ_predicted,0.5,10,7,GGGCTGAATACACTACACGA,3,5023711
yjbJ_predicted,0.25,8,7,GGGCAGGACTGTAGTACTGA,1,5022404
yjbJ_predicted,1.25,16,7,GGGACTAAAAAAACACTAAA,9,4999324
yjbJ_predicted,2.125,23,7,GGGAACGGCGTTTTTGCTAT,16,5002560
yjbJ_predicted,2.375,25,7,GGCGGACAGTGTGCGATACT,18,5018579
yjbJ_predicted,1.0,14,7,GGCCTCCTGAATTTCTATTA,7,5026877
yjbJ_predicted,2.0,22,7,GGCAAATTTTTGAGGCACTA,15,5021591
yjbJ_predicted,1.875,21,7,GGAACGGCGAGTCAGGGCGC,14,4999559
yjbJ_predicted,2.125,23,7,GCTAGTTACAAACTTTAGGG,16,5026581
yjbJ_predicted,1.125,15,7,GCGGGTTAACAAGTCAGACC,8,4995854
yjbJ_predicted,2.75,28,7,GCGCTTGGTCAAGTAAGATG,21,4996286
yjbJ_predicted,0.25,8,7,GCCCGGAAGGGGTTTTACTT,1,5008888
yjbJ_predicted,2.125,23,7,GCCATTATATGTGGGTTTCC,16,5026666
yjbJ_predicted,2.75,28,7,GCCAGTAATTGGCCGATGAA,21,5027635
yjbJ_predicted,1.5,18,7,GCATTTTACATTGTGGTAAG,11,5014057
yjbJ_predicted,0.25,8,7,GCACCTCCAACAACATAGGT,1,5007191
yjbJ_predicted,0.75,12,7,GATCCTACCTAAGCGTTCCT,5,5020811
yjbJ_predicted,3.375,33,7,GATAAGATCGATCCACATGC,26,5006866
yjbJ_predicted,1.625,19,7,GAGGAAGGCTAGAACACGCT,12,5022925
yjbJ_predicted,3.0,30,7,GAGCGCACAGATTGTTTAAA,23,5016671
yjbJ_predicted,0.875,13,7,GACGCTTCATGCAAGGTTGC,6,5025875
yjbJ_predicted,1.5,18,7,GACCAAACCAGAAGCGGGGG,11,4999731
yjbJ_predicted,2.125,23,7,GACAAAGTGGGTTCCCTCGC,16,5022436
yjbJ_predicted,1.375,17,7,CTTGTCCGGCACTACGTGTA,10,5005979
yjbJ_predicted,3.5,34,7,CTTGGGTGCACTCTCACTTC,27,5006739
yjbJ_predicted,1.375,17,7,CTTCCTAGGGCCAGCGGTCT,10,5021832
yjbJ_predicted,0.875,13,7,CTCGCTCGGTTTAGTCCTGA,6,5004659
yjbJ_predicted,0.625,11,7,CTCACAAGGTTCTATTGAGG,4,5010865
yjbJ_predicted,1.625,19,7,CGTTGCGGTCACGGGCCAAT,12,5007119
yjbJ_predicted,0.25,8,7,CGTTACGAGCGCAAACCTTT,1,5022639
yjbJ_predicted,0.625,11,7,CGTGTATATCTGGGCTGTTG,4,5015127
yjbJ_predicted,3.875,37,7,CGTATCCATCGTTTCTTCCT,30,5018099
yjbJ_predicted,0.5,10,7,CGTATAGGTGGTAATCAGCG,3,5029794
yjbJ_predicted,2.125,23,7,CGTAACCGGCACCCTTGGTA,16,5007592
yjbJ_predicted,3.875,37,7,CGGTGGTCGTCTGACGACAG,30,5013792
yjbJ_predicted,0.25,8,7,CGGGACCTGCATGGGGAGAC,1,5015937
yjbJ_predicted,0.875,13,7,CGGCAGAGGCTCTTCTGTAG,6,5022361
yjbJ_predicted,0.25,8,7,CGATTACATTTTGGGATTCA,1,4997363
yjbJ_predicted,0.5,10,7,CGAAGTTTGACACGCGTGGA,3,5024914
yjbJ_predicted,1.875,21,7,CCGTGTGAAACATTAAAGCA,14,5009819
yjbJ_predicted,0.25,8,7,CCGGTTGATTATACCTAGCT,1,5006245
yjbJ_predicted,5.125,47,7,CCGCGGCTCGTCTTCGTCCT,40,4997717
yjbJ_predicted,0.875,13,7,CCGACCTCGTTAAATATCCG,6,5014915
yjbJ_predicted,1.625,19,7,CCCTCATGGTAAGTTTCAGC,12,4997526
yjbJ_predicted,1.5,18,7,CCCGGCGCTCTAGTTCTTCA,11,5026409
yjbJ_predicted,2.0,22,7,CCCGGACCGCTTTTTGATTA,15,5024032
yjbJ_predicted,1.5,18,7,CCCGCGGGCCGTGGCACGGT,11,5005123
yjbJ_predicted,1.625,19,7,CCCAGGAATCACCTTGTATT,12,5011122
yjbJ_predicted,1.25,16,7,CCATTATGAATGCATAATGG,9,5001278
yjbJ_predicted,1.875,21,7,CCAGTTGTATACAACATTCC,14,5028431
yjbJ_predicted,0.25,8,7,CCAGCCGAACCTGTTAGTTC,1,5023384
yjbJ_predicted,2.125,23,7,CCACCATGGAGTGATTGGAC,16,5012898
yjbJ_predicted,0.5,10,7,CCACACAATCAACGAATAAT,3,5029775
yjbJ_predicted,0.375,9,7,CATTTAGTATGATGGAACGT,2,5004693
yjbJ_predicted,3.5,34,7,CATTTAGATTGTCGCGCCCC,27,5002987
yjbJ_predicted,2.5,26,7,CATTCGCCTTAGCCGTCACA,19,5019620
yjbJ_predicted,1.25,16,7,CATGTCATAATTTCCCTCGT,9,5001542
yjbJ_predicted,0.875,13,7,CATACTACGGGCGTCCCGTT,6,5013686
yjbJ_predicted,2.625,27,7,CAGTACGTTCCATTGCGTTA,20,5017419
yjbJ_predicted,1.5,18,7,CAGATCGATAGAGTCTCCGC,11,5004095
yjbJ_predicted,1.75,20,7,CAGAGGGTTTTTCGAGGAAT,13,5018728
yjbJ_predicted,0.25,8,7,CACCTCACGGCCTCGGGTGT,1,5022236
yjbJ_predicted,2.375,25,7,CACCGTGGATGCTGCCATGC,18,5007896
yjbJ_predicted,1.0,14,7,CAATTTGTAGGGTGTACCCC,7,5004623
yjbJ_predicted,3.25,32,7,CAAAGTACAAGTCTTCGCGA,25,5010826
yjbJ_predicted,2.0,22,7,ATTAGTCCTCCCTGTTAACG,15,5019954
yjbJ_predicted,1.375,17,7,ATGCCTGTCGGAATGCAGAA,10,4997779
yjbJ_predicted,1.25,16,7,ATGCAAGCGCACCGGAAATA,9,4999373
yjbJ_predicted,4.375,41,7,ATCGCTCGGCGTCCTTTAGT,34,4998301
yjbJ_predicted,1.375,17,7,ATCCCCGGTGGTAGAGAACC,10,4996749
yjbJ_predicted,0.75,12,7,ATAGCGATTTTCTCAAATGG,5,5007613
yjbJ_predicted,1.5,18,7,AGTTGAATGCCAGGACCGAA,11,5025735
yjbJ_predicted,2.0,22,7,AGTCGAATGGTTGGTCGCTT,15,5026512
yjbJ_predicted,2.0,22,7,AGGTCGGTAACCATAACGCC,15,5011158
yjbJ_predicted,2.625,27,7,AGGACCTGCGAGGTTCTAGT,20,5024755
yjbJ_predicted,1.75,20,7,AGATGAGTACTAACTTAGGC,13,5013899
yjbJ_predicted,2.0,22,7,AGATCTAAATTAATCGCTAG,15,5025671
yjbJ_predicted,1.375,17,7,ACTTCTTTTGTCAGTAGATC,10,5006952
yjbJ_predicted,3.25,32,7,ACTGTCCTGTGGTATCTCAA,25,5016448
yjbJ_predicted,2.375,25,7,ACGTCTACTGTGATTAAGAA,18,5007876
yjbJ_predicted,2.625,27,7,ACGACCGCAGGGTGAAGGCC,20,5009371
yjbJ_predicted,1.25,16,7,ACCTTACGGGCGTGCAGAGT,9,5002647
yjbJ_predicted,0.625,11,7,ACCGTTCTGTAGTGCCTGTG,4,5006242
yjbJ_predicted,1.875,21,7,AATTGTCAGTCCAGCTTACT,14,5030323
yjbJ_predicted,2.5,26,7,AATTAAACCAATGTGGGTTC,19,5005692
yjbJ_predicted,3.25,32,7,AATCTCGGGATTTATAGCTC,25,5012785
yjbJ_predicted,3.375,33,7,AATCCACCTTGTTGGCCGAG,26,5009809
yjbJ_predicted,3.125,31,7,AAGAGGGGAAGTCCGTGTTA,24,4996044
yjbJ_predicted,1.25,16,7,AAGACGGTGTTCTTGCTGTT,9,5013221
yjbJ_predicted,0.25,8,7,AAGAATGCAGCCTGTTTCAC,1,5017588
yjbJ_predicted,0.5,10,7,AACCGGAAGCAGTATCAAGT,3,5028641
yjbJ_predicted,0.2857142857142857,7,6,TTTTGTGAATGCCGTATCTT,1,5003663
yjbJ_predicted,2.142857142857143,20,6,TTTGTTCAGCCCCGTTTCCC,14,5026550
yjbJ_predicted,3.2857142857142856,28,6,TTTGTGTAGAATCCATGTCA,22,5017028
yjbJ_predicted,2.2857142857142856,21,6,TTGCCCGTGACGAAGAATTA,15,5030035
yjbJ_predicted,2.2857142857142856,21,6,TTGAACCCACCGCCACTCCT,15,4997138
yjbJ_predicted,2.0,19,6,TTCGTGATAGATAAATCGCA,13,4996156
yjbJ_predicted,2.2857142857142856,21,6,TTCGGCTTCCTTCGACCAGT,15,5000110
yjbJ_predicted,4.428571428571429,36,6,TTCATGATCCCGGGCAACTT,30,4995434
yjbJ_predicted,3.857142857142857,32,6,TTCATCGGGATGAACCAGGT,26,5007446
yjbJ_predicted,0.7142857142857143,10,6,TTCAACGAAGGGCAGAGTAT,4,4996518
yjbJ_predicted,1.4285714285714286,15,6,TTATATGGCTAATCAAGATA,9,5014277
yjbJ_predicted,1.2857142857142858,14,6,TTAGTACCGGACATCAGCCT,8,5000875
yjbJ_predicted,1.5714285714285714,16,6,TGTTAGGGCCAACCTTGAAG,10,5017072
yjbJ_predicted,0.42857142857142855,8,6,TGTGGCTTCATTCGGAAGGA,2,5023887
yjbJ_predicted,0.7142857142857143,10,6,TGTATAAATTGTCTAGGACT,4,5010937
yjbJ_predicted,0.5714285714285714,9,6,TGGTCCGGAAGACTGCTAAT,3,4999846
yjbJ_predicted,2.0,19,6,TGGAAGGACGCCTTCCAAAA,13,5010098
yjbJ_predicted,1.2857142857142858,14,6,TGCACTCATGTGGGGAGTAG,8,5011209
yjbJ_predicted,1.2857142857142858,14,6,TGCAATGGCCCCTGATGATA,8,5013651
yjbJ_predicted,3.7142857142857144,31,6,TGATATATTCTTGTGAAGAA,25,5023363
yjbJ_predicted,0.42857142857142855,8,6,TCTACTACCCGCGTCTGTGC,2,5018278
yjbJ_predicted,2.2857142857142856,21,6,TCGTTGAGGATCCTCCAAGC,15,4999175
yjbJ_predicted,1.4285714285714286,15,6,TCGCAAACTGCCAGTATAAA,9,5027945
yjbJ_predicted,1.1428571428571428,13,6,TCACGTAGAGCAATAGGCCG,7,5009944
yjbJ_predicted,1.8571428571428572,18,6,TCACCCGCGGTCTTTTTATG,12,5030027
yjbJ_predicted,1.1428571428571428,13,6,TATTCCTGACGAACGCTGCG,7,5021465
yjbJ_predicted,2.0,19,6,TATCGTCGTAGGACATTACC,13,5003339
yjbJ_predicted,1.1428571428571428,13,6,TATCCGCTCGGACGGTCGTG,7,5001895
yjbJ_predicted,2.2857142857142856,21,6,TATATTTGGCCCTCTGGATG,15,5028973
yjbJ_predicted,0.2857142857142857,7,6,TAGCTGAATTGGCTGACGTT,1,5016927
yjbJ_predicted,0.42857142857142855,8,6,TAGCAGTAGTGCTAGGGCTC,2,5018092
yjbJ_predicted,2.2857142857142856,21,6,TAGAACGCGGCGGTTGTAGG,15,5021175
yjbJ_predicted,1.2857142857142858,14,6,TACGCTTGTGGCGGCCAAGA,8,5007510
yjbJ_predicted,1.5714285714285714,16,6,TACGCGGGTAGTGGGACTGT,10,5016205
yjbJ_predicted,1.8571428571428572,18,6,TACCATTGGAACCGTCCACA,12,4998118
yjbJ_predicted,11.428571428571429,85,6,TAAGCCCCAAGCGGGGATAT,79,4998302
yjbJ_predicted,1.7142857142857142,17,6,TAACGTGGGCTACGACATAA,11,4996798
yjbJ_predicted,2.5714285714285716,23,6,TAACGCGGGAGTTCTAGGTA,17,5011991
yjbJ_predicted,0.42857142857142855,8,6,TAACAGACTGTGCATCAAAA,2,5012504
yjbJ_predicted,3.5714285714285716,30,6,GTTTTGCTTATTTCTCTGTA,24,5019940
yjbJ_predicted,0.2857142857142857,7,6,GTGGAGAGCTAGACGGTATA,1,5022971
yjbJ_predicted,2.7142857142857144,24,6,GTGCTGTGTCTTTTAAGGGT,18,5013420
yjbJ_predicted,1.5714285714285714,16,6,GTGCCGTCTCCGGTAAGTGT,10,5005650
yjbJ_predicted,0.7142857142857143,10,6,GTCTTTGAGAAGTATATGTC,4,5001823
yjbJ_predicted,1.7142857142857142,17,6,GTATCTTAACTTGGTCCTAC,11,4999386
yjbJ_predicted,1.4285714285714286,15,6,GTACGTACCACCGTGAGTTC,9,5023213
yjbJ_predicted,0.8571428571428571,11,6,GGGAACTCATGGCGACCAAT,5,4996710
yjbJ_predicted,1.2857142857142858,14,6,GGCACGGGCGCGGCATTAGC,8,5003876
yjbJ_predicted,2.0,19,6,GGACCCGTAAGCAGAGTGAA,13,5017356
yjbJ_predicted,1.7142857142857142,17,6,GGACATCAAGAATGAGGAAC,11,5001980
yjbJ_predicted,2.5714285714285716,23,6,GGAATATTGAACTCGATCCA,17,5006290
yjbJ_predicted,1.1428571428571428,13,6,GCTGTGCGTGTCTAACCCAT,7,5014178
yjbJ_predicted,0.8571428571428571,11,6,GCTATTTAAGTCAGTTAAGA,5,5026180
yjbJ_predicted,0.2857142857142857,7,6,GCGTCTGGGTAGAAAACTTA,1,5003928
yjbJ_predicted,1.0,12,6,GCGCTAGCTCGTATTCAAGT,6,5017872
yjbJ_predicted,1.5714285714285714,16,6,GCCTCTCCATCCCCCGCTGT,10,4997998
yjbJ_predicted,1.4285714285714286,15,6,GCCCCGGGAGGCAAAACGCG,9,5014972
yjbJ_predicted,0.5714285714285714,9,6,GCCATTTACCGATCATTTAG,3,4996752
yjbJ_predicted,3.857142857142857,32,6,GCAGTGATCGTAATCCGTAC,26,5005449
yjbJ_predicted,0.5714285714285714,9,6,GCAGTCTGGGCGGGACAATT,3,5020865
yjbJ_predicted,4.0,33,6,GATGAAAAGGTTGTTCGCTG,27,5029584
yjbJ_predicted,0.2857142857142857,7,6,GAGTCGCGTGGCAACGGCAT,1,5025815
yjbJ_predicted,1.1428571428571428,13,6,GAGTCATCCGTACTTCAACA,7,5023137
yjbJ_predicted,0.42857142857142855,8,6,GAGGGGCCATACCCCAGCCG,2,5017089
yjbJ_predicted,0.2857142857142857,7,6,GAGAGCGTCTCCCCCTCCCC,1,5029485
yjbJ_predicted,1.8571428571428572,18,6,GACCACGGTTGAGGGCAGGT,12,5017467
yjbJ_predicted,2.7142857142857144,24,6,GACACTTTCCTCGACCGGAT,18,5031061
yjbJ_predicted,1.2857142857142858,14,6,GAAGAGCGATCCGCGTATAT,8,5028399
yjbJ_predicted,3.2857142857142856,28,6,GAAAGCATGTGCATTCATCC,22,5008668
yjbJ_predicted,3.4285714285714284,29,6,GAAACAGCGTGTTTGCGAGA,23,5019035
yjbJ_predicted,1.5714285714285714,16,6,GAAAAGTTCCCGACGTGTTT,10,4996106
yjbJ_predicted,1.1428571428571428,13,6,CTTTACACCTTCTGGTTAAC,7,5027702
yjbJ_predicted,2.0,19,6,CTTCTTGTGGCCGTTATAAT,13,5006153
yjbJ_predicted,1.4285714285714286,15,6,CTTCTCATGCCATCCCAGAT,9,5011897
yjbJ_predicted,1.5714285714285714,16,6,CTTCCATGCAAAATTTTATA,10,5024374
yjbJ_predicted,0.5714285714285714,9,6,CTGCGCGCGGGTCAAAAAAT,3,5007597
yjbJ_predicted,2.2857142857142856,21,6,CTGAACATGGCGGGTTCAAT,15,5013766
yjbJ_predicted,3.142857142857143,27,6,CTCTTGTAGCGGAGAGATCT,21,4998872
yjbJ_predicted,1.4285714285714286,15,6,CTCCGTTGGAGCCTCAAAAA,9,4995254
yjbJ_predicted,3.2857142857142856,28,6,CTATGGTTCGCCGCGGCCCA,22,5015126
yjbJ_predicted,1.0,12,6,CGTTCCATGTCCCCAGATCA,6,5026813
yjbJ_predicted,5.142857142857143,41,6,CGGGGTAAGGGGCATACTAT,35,5013954
yjbJ_predicted,2.857142857142857,25,6,CGGCCGGAAGCCATCGTTCT,19,5026449
yjbJ_predicted,5.571428571428571,44,6,CGGCAGCCGGACGAAGCACA,38,5018329
yjbJ_predicted,1.4285714285714286,15,6,CGCGAAGAGGACCTTCGGGA,9,5031182
yjbJ_predicted,0.2857142857142857,7,6,CGACCGAATGTCTGTGCCGC,1,4995818
yjbJ_predicted,4.714285714285714,38,6,CGAATAAATGCATCAGTTGT,32,5005713
yjbJ_predicted,2.0,19,6,CGAAACAAGTCTACTTGCCC,13,4994995
yjbJ_predicted,0.7142857142857143,10,6,CCTTTTTGCTTGGGCCTCGC,4,5023209
yjbJ_predicted,1.7142857142857142,17,6,CCTGGGCCGCCCGGCTCCTA,11,5029462
yjbJ_predicted,2.4285714285714284,22,6,CCTCGGTACGAATACCCGGA,16,5017840
yjbJ_predicted,1.7142857142857142,17,6,CCGTTTATGTTTTTCTCCAT,11,5011823
yjbJ_predicted,2.7142857142857144,24,6,CCGCTTGTGAAATTCTTAAT,18,4998820
yjbJ_predicted,1.2857142857142858,14,6,CCCTTACGGTACTCGGTAGA,8,4996284
yjbJ_predicted,3.5714285714285716,30,6,CCCGCTAATCGCTGCCGTCA,24,5005109
yjbJ_predicted,2.7142857142857144,24,6,CCATTACATTTAGTAGGCCG,18,5005732
yjbJ_predicted,1.0,12,6,CCATACAGATACATGATTGT,6,5013944
yjbJ_predicted,1.7142857142857142,17,6,CCACCGTGTACAAGTTTTCC,11,5028294
yjbJ_predicted,10.428571428571429,78,6,CATCGGTTGCTAGGTGTGTG,72,5000606
yjbJ_predicted,1.5714285714285714,16,6,CATCAGATTGGGTCAGCCCA,10,5011707
yjbJ_predicted,3.142857142857143,27,6,CATAAAGCTATGGGGCCAGA,21,5029912
yjbJ_predicted,0.42857142857142855,8,6,CAGTTTAAAAGGTCCTCGTT,2,5021809
yjbJ_predicted,2.0,19,6,CAGGAGATCCGTCAGCGCTA,13,5007133
yjbJ_predicted,0.2857142857142857,7,6,CAGATAAGGAGCTTACGATG,1,5026282
yjbJ_predicted,1.1428571428571428,13,6,CAGACCGACGTTAGTTGACT,7,5019194
yjbJ_predicted,6.142857142857143,48,6,CACTCATTTGCATCTGATGC,42,5018009
yjbJ_predicted,2.2857142857142856,21,6,CACACCAGGCCGGTATTTCC,15,4998464
yjbJ_predicted,1.4285714285714286,15,6,CAATGCTTAGTTCAAGGAGT,9,5028343
yjbJ_predicted,1.8571428571428572,18,6,CAAGTCTAGTGAAGTCCTTC,12,5026010
yjbJ_predicted,0.5714285714285714,9,6,ATTTCTTATATGTCGGCTTA,3,5012237
yjbJ_predicted,3.0,26,6,ATTCTCGACTGCGATGCTTG,20,4997389
yjbJ_predicted,1.8571428571428572,18,6,ATGAATACCGATCATGGTTG,12,5013024
yjbJ_predicted,0.7142857142857143,10,6,ATCAGTCTCGCAGCTTCAAA,4,5009802
yjbJ_predicted,2.7142857142857144,24,6,ATAGCGCTTTTTGGAGGAAA,18,4996220
yjbJ_predicted,2.142857142857143,20,6,ATACATGGGGCGCTGACGGA,14,5018303
yjbJ_predicted,8.714285714285714,66,6,ATAATAGGGATAAACCACTC,60,4997517
yjbJ_predicted,1.5714285714285714,16,6,AGTTTTTTGGTCGGGTGTCG,10,5011462
yjbJ_predicted,2.142857142857143,20,6,AGTCAATCTACGTGACTGTG,14,5026898
yjbJ_predicted,2.7142857142857144,24,6,AGCGCCATTAGGACGGGTGA,18,4999540
yjbJ_predicted,0.5714285714285714,9,6,AGAAGCGTAACTTGTCCCTT,3,5025206
yjbJ_predicted,2.5714285714285716,23,6,ACTAGCCGTTTATGGAAACG,17,5020330
yjbJ_predicted,6.0,47,6,ACGTGGCAGCCGTAATGGCC,41,5010860
yjbJ_predicted,2.857142857142857,25,6,ACGGGGCTGACTCGTATTAC,19,5018543
yjbJ_predicted,0.42857142857142855,8,6,ACGACGCGGAATCACCCACT,2,5018828
yjbJ_predicted,4.142857142857143,34,6,ACCCGTAAGTGGGCTTGTCG,28,5021205
yjbJ_predicted,3.0,26,6,ACATGTACCGTGCGCCTACT,20,4995703
yjbJ_predicted,2.5714285714285716,23,6,AATCGGGTCCGCAAATTATC,17,5027514
yjbJ_predicted,1.8333333333333333,15,5,TTTTTGGATAGGCGGGGGTT,10,5021310
yjbJ_predicted,2.5,19,5,TTTTATGGGACCCTACCGAT,14,5030816
yjbJ_predicted,2.1666666666666665,17,5,TTGGGTGTAGACGGCGGTGT,12,5019091
yjbJ_predicted,0.6666666666666666,8,5,TTGGCCTGGTCTATAGGAAC,3,5015641
yjbJ_predicted,10.0,64,5,TTCTACCATGACTTAAGAGC,59,5014336
yjbJ_predicted,0.8333333333333334,9,5,TTATAGTGGGGTTTATACAC,4,5004246
yjbJ_predicted,2.5,19,5,TTAGTGTGCCCGTAGACAAC,14,5016621
yjbJ_predicted,0.3333333333333333,6,5,TTAGAACTCTATCCAGGTGT,1,5010082
yjbJ_predicted,2.0,16,5,TTAGAAATCGTGGGTGGGCG,11,5003430
yjbJ_predicted,0.8333333333333334,9,5,TGTTTCAGTTTGGCGGTTAT,4,5002785
yjbJ_predicted,3.3333333333333335,24,5,TGTGGAGCAGTTCAGCAAAG,19,4999466
yjbJ_predicted,1.3333333333333333,12,5,TGTCAGGGATAGTTCGGGAA,7,5002413
yjbJ_predicted,7.166666666666667,47,5,TGTAATTCCGCTAGGAAATG,42,5023042
yjbJ_predicted,0.3333333333333333,6,5,TGGGCAGCAGCGTTAAGATC,1,4994993
yjbJ_predicted,2.1666666666666665,17,5,TGGAGCACCTCCTCGGTTGA,12,5009737
yjbJ_predicted,1.3333333333333333,12,5,TGATCGACGCGGCGTTCAGA,7,5014216
yjbJ_predicted,0.3333333333333333,6,5,TGACTAGGATTATAGCTGTA,1,5016229
yjbJ_predicted,2.0,16,5,TGACCATCATGGGTTTACTG,11,4996483
yjbJ_predicted,3.6666666666666665,26,5,TCTTTGCTGTCGGTAGGCAT,21,5026461
yjbJ_predicted,1.6666666666666667,14,5,TCGGACCACTATCGTCGCTA,9,5005195
yjbJ_predicted,1.8333333333333333,15,5,TCGCTTTGTGGTGTTGAATA,10,4997159
yjbJ_predicted,1.5,13,5,TCGACTCCCGACCCAAATAA,8,5017652
yjbJ_predicted,2.0,16,5,TCGAATGTGATCAGCCTCAA,11,5009463
yjbJ_predicted,2.0,16,5,TCGAACTTTCAAATTGCGCG,11,5018462
yjbJ_predicted,3.3333333333333335,24,5,TCCTGACACTTGAACCACTC,19,4997657
yjbJ_predicted,0.6666666666666666,8,5,TCCGCTGACGCTTACTACCA,3,5000028
yjbJ_predicted,1.8333333333333333,15,5,TCCGCCTGGGGATTCCAGGT,10,5010695
yjbJ_predicted,2.8333333333333335,21,5,TCATTCGCAGCAGCTTAAAG,16,5004993
yjbJ_predicted,3.1666666666666665,23,5,TCACTTGGCGCTTGCTCGGT,18,5028384
yjbJ_predicted,2.6666666666666665,20,5,TATGCCACGGTCCGCCTTCA,15,5004602
yjbJ_predicted,1.3333333333333333,12,5,TATCTCAAGTGTCAGCCGCC,7,4999680
yjbJ_predicted,2.3333333333333335,18,5,TAGGGAATCCCGTGAGGACA,13,5019115
yjbJ_predicted,2.3333333333333335,18,5,TAGCTCAACAACGGCATTTG,13,5012051
yjbJ_predicted,2.6666666666666665,20,5,TAGCTAGTAGGGCGTTAGGA,15,5017454
yjbJ_predicted,6.0,40,5,TAGAGCGATCTCCTGGTGGT,35,4996261
yjbJ_predicted,2.6666666666666665,20,5,TACTAATTAGACTCACGCCC,15,5030579
yjbJ_predicted,2.8333333333333335,21,5,TACCTGTCTCGTGAGATACT,16,5004526
yjbJ_predicted,1.5,13,5,TACACGCCCGGTGAAGGTAG,8,5004599
yjbJ_predicted,1.0,10,5,TACAAGAGAGGCATATAAAC,5,5016859
yjbJ_predicted,2.5,19,5,TAATTCGGAACAGAGAAGTC,14,5015376
yjbJ_predicted,1.6666666666666667,14,5,TAAATTGCGATACTCGGATA,9,5013033
yjbJ_predicted,0.6666666666666666,8,5,GTTTCAACCAATGAAGTACA,3,5020087
yjbJ_predicted,1.1666666666666667,11,5,GTTGTACAGTTGCTGGCCGA,6,5025720
yjbJ_predicted,0.5,7,5,GTTGATCCCCATTTACACCA,2,5016726
yjbJ_predicted,2.0,16,5,GTTCACCGGAGGTAGCTCTA,11,5029237
yjbJ_predicted,0.3333333333333333,6,5,GTTACCCTCCTAACACTGGG,1,5020456
yjbJ_predicted,3.8333333333333335,27,5,GTTAACTGTTCGCGGCGCAA,22,5029763
yjbJ_predicted,2.5,19,5,GTGTCCACGCAAAACAAGTC,14,5012686
yjbJ_predicted,2.8333333333333335,21,5,GTGGGCTATAAAAGATCACT,16,5024137
yjbJ_predicted,2.0,16,5,GTGGCTCGGGCACCATTGTG,11,4996428
yjbJ_predicted,1.6666666666666667,14,5,GTGAGATCAGCCGCGTGTCG,9,5028466
yjbJ_predicted,0.3333333333333333,6,5,GTGACATGAGAACGTCGTAT,1,5014899
yjbJ_predicted,1.8333333333333333,15,5,GTGACAAGAACCCATATCTT,10,5022817
yjbJ_predicted,1.3333333333333333,12,5,GTGAAACATTCAGAACGCCT,7,5030899
yjbJ_predicted,3.0,22,5,GTCTCTGAAAGAGGATCAGG,17,4999320
yjbJ_predicted,0.3333333333333333,6,5,GTCGCACATGTGCCTCTTCG,1,5013679
yjbJ_predicted,2.5,19,5,GTACACCTTGCGTAGCCGCA,14,5000509
yjbJ_predicted,2.5,19,5,GTAATCGAAACCCGCTCAGT,14,5022520
yjbJ_predicted,2.5,19,5,GTAACGCCGATTGGCGTATA,14,5022379
yjbJ_predicted,1.3333333333333333,12,5,GGTGCGGGTTTCTGGAAGCT,7,5016361
yjbJ_predicted,2.8333333333333335,21,5,GGTGAGCCTGTAAATAAATC,16,5007601
yjbJ_predicted,1.1666666666666667,11,5,GGTCTATCAGTGTACTGCTA,6,5006003
yjbJ_predicted,4.5,31,5,GGGTCCTATTCCTTGGCCGA,26,5008922
yjbJ_predicted,4.0,28,5,GGCGGGGAATGGTTAGAAAC,23,5022230
yjbJ_predicted,6.666666666666667,44,5,GGCCAGGCATGAGTGCGTAA,39,5017817
yjbJ_predicted,1.8333333333333333,15,5,GGCACTGGTTCTTAATTGTA,10,5026698
yjbJ_predicted,2.5,19,5,GGCAAGGCACCTGGCCCGCG,14,5012929
yjbJ_predicted,0.6666666666666666,8,5,GGAATCATAAGCGGGACCAT,3,5011464
yjbJ_predicted,2.8333333333333335,21,5,GCTGGCATTGACTGAGCTGC,16,5018379
yjbJ_predicted,5.0,34,5,GCTGCATGGGCCTCAGATCC,29,4999678
yjbJ_predicted,1.8333333333333333,15,5,GCGCGGGAGATCGATTATCT,10,4995561
yjbJ_predicted,1.3333333333333333,12,5,GCCTTTGTAAAGTCAAACTT,7,5005612
yjbJ_predicted,2.1666666666666665,17,5,GCCAGATGCGATTGTACAGT,12,5023371
yjbJ_predicted,4.333333333333333,30,5,GCATAGGACTCAGCCGAATC,25,4997516
yjbJ_predicted,0.3333333333333333,6,5,GCAGTTCGGACTACACTTTT,1,5011689
yjbJ_predicted,1.5,13,5,GATCTCCCGGGGACTAGCAA,8,5012821
yjbJ_predicted,2.5,19,5,GAGTGCGTGAATTAAGCACT,14,5014230
yjbJ_predicted,2.3333333333333335,18,5,GAGTAATTTTTGAACAGCGG,13,5006105
yjbJ_predicted,2.6666666666666665,20,5,GAGAATCACCGCCTGAAGGT,15,5014113
yjbJ_predicted,0.3333333333333333,6,5,GACTCCAGTCGCAAATGGAC,1,5014120
yjbJ_predicted,1.3333333333333333,12,5,GAAATATGTGGCTGTGACGT,7,5028731
yjbJ_predicted,1.1666666666666667,11,5,CTTTTTCAATCCCTTACGGA,6,5009441
yjbJ_predicted,2.1666666666666665,17,5,CTTCGTCCCGTAATCGCCGT,12,5012599
yjbJ_predicted,1.1666666666666667,11,5,CTGGTTGTGTAAGTGGGCAG,6,5005930
yjbJ_predicted,0.6666666666666666,8,5,CTACGAGGGGATTGCATGCC,3,5027894
yjbJ_predicted,0.8333333333333334,9,5,CTAAACCAAGAGGGCCGAAG,4,4996756
yjbJ_predicted,6.5,43,5,CGTGCGTCCTTACTACCGCT,38,5003971
yjbJ_predicted,1.5,13,5,CGTGAGATCCTTGAATGCCT,8,5013895
yjbJ_predicted,0.3333333333333333,6,5,CGTCTGCATTTAGAAGAGCC,1,5002956
yjbJ_predicted,1.1666666666666667,11,5,CGTATTAATCATAAAAGTAC,6,5007630
yjbJ_predicted,0.3333333333333333,6,5,CGTAGGTATGTCGTTCGGTG,1,4995453
yjbJ_predicted,1.6666666666666667,14,5,CGGCTGTGCGGCGAGTGACG,9,4995411
yjbJ_predicted,2.6666666666666665,20,5,CGCTTAAACATCTCGTTTGA,15,5006543
yjbJ_predicted,2.8333333333333335,21,5,CGCCTCCGTTTGCGGACAAA,16,5028103
yjbJ_predicted,1.0,10,5,CGCCGTGTGACCACAATGAA,5,5024270
yjbJ_predicted,1.8333333333333333,15,5,CGCCCGGGTGCACTTATCAG,10,5028397
yjbJ_predicted,0.5,7,5,CCTGTGACGGGAAAGATTAC,2,5008222
yjbJ_predicted,3.5,25,5,CCTACAAATACGGATCGGTC,20,5004060
yjbJ_predicted,0.6666666666666666,8,5,CCGCCGTTCACGGGTGGGCG,3,5007761
yjbJ_predicted,2.3333333333333335,18,5,CCGAGAGGCCAACTCGCTTA,13,5007458
yjbJ_predicted,1.8333333333333333,15,5,CCCGCAACAAGTTGTCTAGG,10,4999896
yjbJ_predicted,2.5,19,5,CCCGACTGTGCACATTAAAG,14,5022468
yjbJ_predicted,1.3333333333333333,12,5,CCCCTTCACGACGTTTTTCC,7,5008536
yjbJ_predicted,1.1666666666666667,11,5,CCCCATCGCCTGCAGTTGGC,6,5014202
yjbJ_predicted,2.5,19,5,CCCAGCTCACAAATCAATCC,14,5001555
yjbJ_predicted,3.0,22,5,CCCAGACTATGGCTGTGAAC,17,5015935
yjbJ_predicted,2.1666666666666665,17,5,CCACCTGACCGGGGGCACAA,12,5002412
yjbJ_predicted,0.8333333333333334,9,5,CATTCGCGGGTTTCACTCCC,4,4996245
yjbJ_predicted,4.0,28,5,CATAGGGTTTTAACCCTACT,23,5018359
yjbJ_predicted,2.3333333333333335,18,5,CATACTTCCACTTTCTGTGA,13,4999407
yjbJ_predicted,2.8333333333333335,21,5,CAGCGGCTGCATCCTTGATG,16,5017642
yjbJ_predicted,4.333333333333333,30,5,CACTGAGTGTGACCGGGCTT,25,5001476
yjbJ_predicted,2.1666666666666665,17,5,CACGAGAGTAACGGGATCAC,12,5003898
yjbJ_predicted,1.1666666666666667,11,5,CACAGAGGATACTGTGACAA,6,5007071
yjbJ_predicted,0.8333333333333334,9,5,CACAAGGCGCAGATAGTACC,4,5019915
yjbJ_predicted,1.8333333333333333,15,5,CAATAGTTCCCAAGCTAACT,10,5003488
yjbJ_predicted,0.8333333333333334,9,5,CAACGGGCTTCGCGGTCAAT,4,5012046
yjbJ_predicted,2.0,16,5,ATTAAGTATAAACCCGAACA,11,5009157
yjbJ_predicted,2.6666666666666665,20,5,ATGGATAAGGCCTTTCCGGG,15,4998275
yjbJ_predicted,3.3333333333333335,24,5,ATCCGAGGCGGAAATGAGTG,19,5029974
yjbJ_predicted,2.5,19,5,ATCCCGCATGGAGTAAACTT,14,5006436
yjbJ_predicted,1.5,13,5,ATATCCAATCCTGTGTCTCT,8,5020096
yjbJ_predicted,2.3333333333333335,18,5,ATAGAGGGACAATCGTTGAT,13,5017128
yjbJ_predicted,1.6666666666666667,14,5,ATACATTGACGGTCCTGATC,9,5012433
yjbJ_predicted,3.0,22,5,AGGGGAAAATCAATCCATAT,17,5027067
yjbJ_predicted,3.5,25,5,AGGACATACTACGCGCATAA,20,5027951
yjbJ_predicted,2.3333333333333335,18,5,AGGAAAGCCCATGCGAAGGC,13,5013731
yjbJ_predicted,1.1666666666666667,11,5,AGCTTTAGTTCTAGCGCCGA,6,5000069
yjbJ_predicted,2.6666666666666665,20,5,AGCTTAGGGTTTCTCGGCCA,15,5004506
yjbJ_predicted,1.0,10,5,AGCATGAACAGCCAGTCGGG,5,5014320
yjbJ_predicted,0.6666666666666666,8,5,AGCAGCCGTGATATACAGAG,3,5000513
yjbJ_predicted,1.3333333333333333,12,5,AGACTTTGAAACTCTGATTC,7,5026814
yjbJ_predicted,1.0,10,5,AGAAAGCAGTGCCGAGCTAT,5,5002681
yjbJ_predicted,0.8333333333333334,9,5,ACTGAGCGTGCCCAGTGATC,4,4998973
yjbJ_predicted,2.8333333333333335,21,5,ACTATCGTCCGGGGTCATGT,16,5024535
yjbJ_predicted,2.5,19,5,ACGTATTTATGGCGCTTAGA,14,5023158
yjbJ_predicted,2.0,16,5,ACCTTCAGTCCCTACGAGGC,11,4999323
yjbJ_predicted,1.1666666666666667,11,5,ACCTCTAGCCCTGATTCGCA,6,4997690
yjbJ_predicted,4.166666666666667,29,5,ACCTAATTGGTGTATGCTAC,24,5002645
yjbJ_predicted,2.3333333333333335,18,5,ACCCTCCATCTCGAGGACCG,13,5021257
yjbJ_predicted,3.3333333333333335,24,5,ACCACAGACCGCCCGCTTCC,19,5014708
yjbJ_predicted,2.3333333333333335,18,5,ACACTGGCGACTTAAATCAT,13,5001312
yjbJ_predicted,3.5,25,5,ACACAAAAGATTCCATTCCA,20,5025806
yjbJ_predicted,1.1666666666666667,11,5,ACAATGCATTTCCGAAGGAA,6,4997355
yjbJ_predicted,4.833333333333333,33,5,ACAATGAGATCGGTCGGGGT,28,5003491
yjbJ_predicted,2.5,19,5,AATTTACGTTTGGGACCACA,14,4995241
yjbJ_predicted,0.3333333333333333,6,5,AATATAGCTTCCATCCATAT,1,5026192
yjbJ_predicted,2.0,16,5,AAGCTTGTGCTTAGAGCGTT,11,5008036
yjbJ_predicted,2.0,16,5,AACGAGTAATGAGGTTTACA,11,4999566
yjbJ_predicted,3.3333333333333335,24,5,AACCTGATAGGGAAGAGCCC,19,5010746
yjbJ_predicted,7.166666666666667,47,5,AACCGACGCCCTCAAGGGGC,42,5010757
yjbJ_predicted,0.3333333333333333,6,5,AAAGGAGGATTGTGCAAATG,1,5026532
yjbJ_predicted,1.3333333333333333,12,5,AAAATGACGAAATCACGTTT,7,5004218
yjbJ_predicted,0.6666666666666666,8,5,AAAACATAGCCATAATAAGG,3,4998444
yjbJ_predicted,3.0,18,4,TTTTGAGCCACACGTTGATC,14,5028951
yjbJ_predicted,2.6,16,4,TTTGACACCGTCAGCGAAGG,12,5021835
yjbJ_predicted,1.8,12,4,TTGGCCGCAGTGTAAGTTAA,8,5008474
yjbJ_predicted,4.6,26,4,TTGAATTTTGGCCTCGCTCC,22,5023970
yjbJ_predicted,4.2,24,4,TTCTTAATAAACATACAGTA,20,4996779
yjbJ_predicted,2.0,13,4,TTCTACTCCTACGCCTCCGT,9,5015918
yjbJ_predicted,3.0,18,4,TTCCTCGGCACTGCAAGTTC,14,5029706
yjbJ_predicted,4.6,26,4,TTATCACTCTGACTAAGCAA,22,5003757
yjbJ_predicted,2.6,16,4,TTAGAAACTACATTGACAAA,12,5013525
yjbJ_predicted,5.2,29,4,TTAATTTCCCCCTCCTAAGG,25,5024333
yjbJ_predicted,4.8,27,4,TGTTAACCTGCTATCTTTAT,23,5024796
yjbJ_predicted,1.8,12,4,TGTCAGATGCTATAACAGGT,8,4999254
yjbJ_predicted,0.4,5,4,TGGTGAATCAGACCTTCGGT,1,5025396
yjbJ_predicted,3.4,20,4,TGGGCCGCTGTGGCCGCTTT,16,5030242
yjbJ_predicted,3.6,21,4,TGCTTTATCTTATGGTGCGA,17,5025098
yjbJ_predicted,2.4,15,4,TGCTATATGTAGTTTAGCTG,11,5012682
yjbJ_predicted,7.6,41,4,TGCGGTACGACAATAGATTA,37,5017685
yjbJ_predicted,2.4,15,4,TGCCTTCGGCGTGTCGCAGA,11,5029031
yjbJ_predicted,3.2,19,4,TGATGTCGGCGCACACACAC,15,5016239
yjbJ_predicted,1.0,8,4,TGAGTGAGAAGGTTGGACTA,4,5023421
yjbJ_predicted,3.8,22,4,TCTTTAGCTACTAGTCCGCT,18,5025773
yjbJ_predicted,4.4,25,4,TCTTAGTTCTACCCTAGTTT,21,5008646
yjbJ_predicted,1.8,12,4,TCTGTGCGCCAACTGGGCGG,8,5025096
yjbJ_predicted,1.2,9,4,TCCTACATATTTTTATTTAG,5,5019347
yjbJ_predicted,3.0,18,4,TCCTAAGTGATGCGCTAAAG,14,5019825
yjbJ_predicted,0.4,5,4,TCCGAACTTGTGGCATATCA,1,5006109
yjbJ_predicted,3.6,21,4,TCCAGAGCGGAGGTCGGAAA,17,5014803
yjbJ_predicted,3.2,19,4,TATCACCGCGCACCCCGTGC,15,5005362
yjbJ_predicted,1.0,8,4,TATATTTAGACTTCGTTACT,4,5009903
yjbJ_predicted,0.6,6,4,TAGCCTACCGGGGCTTTAAC,2,4997245
yjbJ_predicted,1.6,11,4,TACGGGGACACCCTCTTCCA,7,5019239
yjbJ_predicted,7.4,40,4,TACACCCTCGTTGGTGTCCC,36,4995569
yjbJ_predicted,2.6,16,4,GTTACAGGAGACGAACAAGT,12,5006058
yjbJ_predicted,0.4,5,4,GTGGCTGAGTTGGGATCCGT,1,4997279
yjbJ_predicted,5.2,29,4,GTGGCCATTGTCGGGTTTGT,25,4999360
yjbJ_predicted,5.4,30,4,GTGCTTTATAACATGCGCGT,26,5019511
yjbJ_predicted,3.0,18,4,GTCGGAGACTGTCCGCGACA,14,5006785
yjbJ_predicted,2.4,15,4,GTCCTCTGTCGGGCCAAGGT,11,5002317
yjbJ_predicted,2.4,15,4,GTCAGTGTAGCCTTCCTTGA,11,5011234
yjbJ_predicted,0.6,6,4,GTCACAATGGGCCAACCAAA,2,5031210
yjbJ_predicted,2.0,13,4,GTACTCCGATTTGCGGGTGC,9,4996656
yjbJ_predicted,3.6,21,4,GGTTGGGACCGCCTTTGAAT,17,5030270
yjbJ_predicted,4.2,24,4,GGTGTGCGGGCATCTTTGCA,20,5020274
yjbJ_predicted,1.0,8,4,GGTGTCTGGGCCTTTAGGCG,4,5009108
yjbJ_predicted,1.6,11,4,GGTGCTCGATCAATACTTAC,7,5020079
yjbJ_predicted,0.6,6,4,GGTGATAGCTACTGGGCTAT,2,4998532
yjbJ_predicted,6.0,33,4,GGTGAGGCACGGAGGGAACG,29,4999299
yjbJ_predicted,5.8,32,4,GGGTCACGTCACGGCTGGAC,28,5027210
yjbJ_predicted,0.4,5,4,GGGCTTTCGGATATGTCGAT,1,5006088
yjbJ_predicted,2.4,15,4,GGCCTAGAATTGGACTCAAC,11,5008468
yjbJ_predicted,0.4,5,4,GGCCCTACGTGTGAGATGCT,1,5024455
yjbJ_predicted,2.0,13,4,GGCAGTCATGGATCTTCTAC,9,5022570
yjbJ_predicted,0.4,5,4,GGACTGGGCTAGGGAGTCAG,1,5028997
yjbJ_predicted,4.8,27,4,GGACTCTCAATCAATCTATC,23,5000436
yjbJ_predicted,0.6,6,4,GCTTGTGGACTCATGCGGAG,2,5021512
yjbJ_predicted,1.2,9,4,GCTGGCGAAGCGGTCTGTAA,5,5021318
yjbJ_predicted,1.8,12,4,GCTAGAGCTCTTGTTTCGAT,8,5012848
yjbJ_predicted,1.8,12,4,GCGTTTTTAAAAAAGTCTTA,8,5014527
yjbJ_predicted,4.8,27,4,GCGCTTCTTTATTGGCGGAC,23,4998255
yjbJ_predicted,1.6,11,4,GCCCGAGGGCCTGGAGCTGA,7,5024001
yjbJ_predicted,4.4,25,4,GCATGATGAAGGTTGAGAAT,21,5029463
yjbJ_predicted,2.4,15,4,GCAAGCCCGTTTGTGGAAGC,11,4998535
yjbJ_predicted,0.6,6,4,GCAAAAACGCGGTTCGCCGT,2,5027788
yjbJ_predicted,2.8,17,4,GATAGACCCGGTCTTCAAGT,13,5024526
yjbJ_predicted,2.4,15,4,GAGGAGGCCGATGTTGCGGA,11,5021218
yjbJ_predicted,3.4,20,4,GACTCTACTTTCCGATCTTT,16,5008243
yjbJ_predicted,2.6,16,4,GACGCGAAGCGTCTTGAGAC,12,4997276
yjbJ_predicted,0.8,7,4,GACCTAGGTGGGGGGGAACG,3,5023835
yjbJ_predicted,2.8,17,4,GACCTACCCGACGGACTCCG,13,5001776
yjbJ_predicted,4.8,27,4,GAACGGAGCCGCACGTAGAC,23,5029972
yjbJ_predicted,0.8,7,4,CTTTTTCTACATCGCCAACA,3,5010772
yjbJ_predicted,2.2,14,4,CTTCTTACCTAAGTCCGTTA,10,5025213
yjbJ_predicted,2.8,17,4,CTTCTACGGGGATCCGGGTC,13,5004215
yjbJ_predicted,0.6,6,4,CTTATTTCCTTATGTTCGAG,2,5011638
yjbJ_predicted,1.0,8,4,CTTAGCCATTGACCACCTAG,4,5014684
yjbJ_predicted,3.4,20,4,CTGTCGGCGTGGATTACTAA,16,5001393
yjbJ_predicted,4.2,24,4,CTGTCCTACGATGACAGATC,20,4997899
yjbJ_predicted,3.4,20,4,CTGGCAGCTCAGCGACGTTT,16,4996104
yjbJ_predicted,1.2,9,4,CTGGAGCCCTCGATGTACGC,5,5028508
yjbJ_predicted,0.4,5,4,CTGCGATGGACGGCCTTAGT,1,5019595
yjbJ_predicted,5.2,29,4,CTCTTGGACGCAGGTCTACT,25,5024442
yjbJ_predicted,0.4,5,4,CTATACTCAGTCATGTCCCT,1,5007333
yjbJ_predicted,5.6,31,4,CTAGATTAGCCTGTGAATGT,27,4995110
yjbJ_predicted,1.0,8,4,CGTTTTTCTTGATGAAATAC,4,5001371
yjbJ_predicted,3.4,20,4,CGTGTCGTCGGTTAATCGTA,16,5021276
yjbJ_predicted,3.6,21,4,CGGTTGAGGATATTGGGGAA,17,5018850
yjbJ_predicted,0.4,5,4,CGGCATAGTCATAGTGGGTA,1,5004785
yjbJ_predicted,2.8,17,4,CGCGGTTGATCCGACTACGA,13,5028188
yjbJ_predicted,5.6,31,4,CGCAAGGCCAGACATCGACC,27,4995089
yjbJ_predicted,2.8,17,4,CCTTTGAGATCCTCAGTCAT,13,4998552
yjbJ_predicted,3.2,19,4,CCTTCTCCTACAGCATGGGA,15,5029274
yjbJ_predicted,4.0,23,4,CCTTCATATATGAGCATCAT,19,5004609
yjbJ_predicted,2.2,14,4,CCTATTGCACTCGTCACTCT,10,4995705
yjbJ_predicted,3.2,19,4,CCCAACGCTCATCGCACCGA,15,4997134
yjbJ_predicted,3.2,19,4,CCATGCTTCTAGGGGAAAAG,15,4995702
yjbJ_predicted,2.4,15,4,CCAGGTAAAGCGCCTAACAA,11,5002220
yjbJ_predicted,0.4,5,4,CCAGCCGGCTGGTCGCAGGA,1,5019848
yjbJ_predicted,5.6,31,4,CCAGACTCGACTGTAGTTCG,27,5021388
yjbJ_predicted,3.0,18,4,CAGTGAGCAAGTTCTGTTGG,14,5011581
yjbJ_predicted,1.8,12,4,CAGTAGTCCAATTAAATTTA,8,5004214
yjbJ_predicted,5.2,29,4,CACGAACCTATTTAAGTCTA,25,5007444
yjbJ_predicted,1.8,12,4,CACAGCTCCCTTTTAGTGAT,8,5001267
yjbJ_predicted,4.8,27,4,CAATCGTGGCGCCTAGCGAA,23,5012569
yjbJ_predicted,3.4,20,4,CAAAGTGTTGTAGTCTCTCC,16,4995827
yjbJ_predicted,1.6,11,4,ATGTCTGGGGTGCCCATCCT,7,5009805
yjbJ_predicted,1.8,12,4,ATGGAATCGATCGCAAGGGG,8,5024966
yjbJ_predicted,2.0,13,4,ATGGAACCTAGCTGGTGACC,9,5021403
yjbJ_predicted,2.8,17,4,ATGCACACGGGTATATAGTA,13,5000805
yjbJ_predicted,4.8,27,4,ATCTCCAAGCGTCCTACCTC,23,4999645
yjbJ_predicted,6.6,36,4,ATCGCTAGGTACTATGGGCC,32,4997984
yjbJ_predicted,0.8,7,4,ATAGTGACGGGACGCCTTAA,3,5021035
yjbJ_predicted,5.2,29,4,ATAGGGAAGGGGAATGCAGC,25,5003090
yjbJ_predicted,3.6,21,4,ATAGAATGTCTCCATCTCCT,17,5017900
yjbJ_predicted,1.2,9,4,AGTTGCTCGAAGCCTTGGCT,5,5024476
yjbJ_predicted,0.4,5,4,AGTTAACTGCGGTAATATTT,1,4998431
yjbJ_predicted,2.2,14,4,AGTATGGGAAGGACTAAGCA,10,5003666
yjbJ_predicted,1.6,11,4,AGGTCCGGTTTAATAGCGGT,7,5010934
yjbJ_predicted,4.8,27,4,AGGATTACGGTCTCCAGCCC,23,5026874
yjbJ_predicted,4.8,27,4,AGCGAGACAGTCTCCCCCGG,23,5025205
yjbJ_predicted,1.6,11,4,AGCGAACCTTACAGTGGGGT,7,5002404
yjbJ_predicted,2.2,14,4,AGCCTAACCGCGCTCATCAA,10,4999375
yjbJ_predicted,1.2,9,4,AGCCCACCCTCCGGATTAGT,5,5008024
yjbJ_predicted,0.6,6,4,AGATTAATCGGCACAATAAT,2,5029298
yjbJ_predicted,1.0,8,4,ACTTTATTAAGCGCTTCCTT,4,5022960
yjbJ_predicted,2.4,15,4,ACGGCCACGTTGTGGAAAAT,11,5021935
yjbJ_predicted,2.4,15,4,ACGCTAGGTCGGCCCTCCCA,11,5016227
yjbJ_predicted,3.2,19,4,ACGCAGCTTGCGTTAGAAGA,15,5023194
yjbJ_predicted,3.8,22,4,ACCTGTTTGAGAGATTTTTG,18,5003301
yjbJ_predicted,0.4,5,4,ACCGGTTGACGATGGGTATG,1,5010811
yjbJ_predicted,1.2,9,4,ACCAACGTGATAGGTAAGGG,5,5014731
yjbJ_predicted,3.4,20,4,ACATTCGTCCACCAATGGTC,16,5027066
yjbJ_predicted,1.4,10,4,ACATGTGGAGCGAACAATCC,6,4996434
yjbJ_predicted,4.8,27,4,AATGGCCGCATACAGTGTAG,23,5022189
yjbJ_predicted,3.6,21,4,AATCTTGAGAACTTCTCCCC,17,5026925
yjbJ_predicted,4.6,26,4,AATCGCACCGCACGCGGATT,22,5001907
yjbJ_predicted,3.4,20,4,AATAACGCCTTGGGAGCGAC,16,5014362
yjbJ_predicted,1.0,8,4,AAGAGGAAGCATGGAGGCTG,4,5011907
yjbJ_predicted,3.6,21,4,AACCCACAGCACTGCCACAA,17,5007313
yjbJ_predicted,2.8,17,4,AAATCCCAGCGCCGGCCGGA,13,5008184
yjbJ_predicted,1.8,12,4,AAACAATATTTAACCATCCT,8,5001218
yjbJ_predicted,4.25,19,3,TTGATCACGCGCGTATCTAC,16,5022970
yjbJ_predicted,4.0,18,3,TTCGAGATACGTGCAGTATC,15,5002229
yjbJ_predicted,5.25,23,3,TTCCATTTTATCGACCATTA,20,5029316
yjbJ_predicted,2.0,10,3,TTCCATATGCGCCCAATGGG,7,5022845
yjbJ_predicted,2.75,13,3,TTCATCCTAGCCGCTAGTTA,10,5001911
yjbJ_predicted,1.0,6,3,TTACTACGGTATCGCGCGAC,3,4996226
yjbJ_predicted,4.5,20,3,TGTTGGACTGGCTTTTCCGA,17,5022147
yjbJ_predicted,6.25,27,3,TGGTGACTTGCCTGCTACAG,24,5010770
yjbJ_predicted,0.5,4,3,TGGCAGGATTATCGCCTATG,1,4997520
yjbJ_predicted,1.0,6,3,TGCTTTAAGGACTCTAAGGT,3,5014933
yjbJ_predicted,1.5,8,3,TGCGTCTCGCACGACGGTTA,5,5029047
yjbJ_predicted,1.0,6,3,TCTTTTACCAACGTACACAA,3,5015103
yjbJ_predicted,3.25,15,3,TCTTCGGGCCTGCCTCGCTT,12,4995183
yjbJ_predicted,1.5,8,3,TCGTATGCCGCCATGCCCTG,5,5002914
yjbJ_predicted,5.0,22,3,TCGCCACCACCGGCGTGAGG,19,4997226
yjbJ_predicted,7.75,33,3,TCCAATGATCAGGCCTCCGA,30,5001587
yjbJ_predicted,2.5,12,3,TCATCTCCTCAGCGTAACGT,9,5018352
yjbJ_predicted,3.75,17,3,TCAAATATCTTAGGCTCTAA,14,5008854
yjbJ_predicted,2.5,12,3,TATCCCTTGTATCAGGGGAT,9,5001429
yjbJ_predicted,4.25,19,3,TAGGCCTATTTGCATTTTAG,16,5025902
yjbJ_predicted,3.25,15,3,TAGCTTCCTGAAGAGAATGA,12,5015339
yjbJ_predicted,4.0,18,3,TACTAAGCCATCGTGGTTCA,15,4995386
yjbJ_predicted,1.0,6,3,TACGAATTTCATGTTCTTGT,3,5013203
yjbJ_predicted,0.5,4,3,TAATGTAGTGACCAATCGTC,1,5018293
yjbJ_predicted,5.25,23,3,TAAGGGTCCACAATGTTTCA,20,5020289
yjbJ_predicted,1.0,6,3,GTTTCCGGGACTGGAGCAAG,3,4995271
yjbJ_predicted,1.5,8,3,GTGTTGCCCAGCATAGGCGA,5,5013157
yjbJ_predicted,0.75,5,3,GTCTCACGCGCGTAAGTATT,2,5009182
yjbJ_predicted,2.75,13,3,GTCGTCTGTCAGATGCACAA,10,5027141
yjbJ_predicted,0.5,4,3,GTCATGGGGTAGTGAGCTTC,1,5027912
yjbJ_predicted,4.25,19,3,GTCAGACTGTTGTACCTAAG,16,5023083
yjbJ_predicted,2.25,11,3,GGTTGGATTTTCATAATGCA,8,5021301
yjbJ_predicted,3.0,14,3,GGTGGTGTGGCTACATGGAG,11,4999598
yjbJ_predicted,1.25,7,3,GGTATTTTCCGTGAAGCCGG,4,5021004
yjbJ_predicted,2.75,13,3,GGTATCCATTTTAGTGAAAC,10,5015975
yjbJ_predicted,0.5,4,3,GGGTTTACCACGGCCACAAA,1,5025479
yjbJ_predicted,2.5,12,3,GGGGTGTGAGTTTGTATTTG,9,4997476
yjbJ_predicted,2.75,13,3,GGGGGTAGGGCGCACTGGGT,10,5020050
yjbJ_predicted,4.5,20,3,GGGCGATGTAAGACGGTATG,17,5022094
yjbJ_predicted,1.0,6,3,GGCGCAACCCATCCTTAATT,3,4999003
yjbJ_predicted,3.75,17,3,GGCCGATTTACGTCGAGGGG,14,5004789
yjbJ_predicted,6.0,26,3,GGCATACGGAAGATGCACTA,23,5025917
yjbJ_predicted,1.5,8,3,GGAGTCAAGCTTCGAAGCAA,5,5001449
yjbJ_predicted,3.75,17,3,GGAGGTTAGCTCCCCTTACC,14,4995159
yjbJ_predicted,3.0,14,3,GGAGACCGCACGCATTTCGA,11,5017763
yjbJ_predicted,2.75,13,3,GCTCAGGTACCTCCGTCACT,10,5018594
yjbJ_predicted,4.0,18,3,GCCTAACGGGCTCTCACGGA,15,5026900
yjbJ_predicted,1.25,7,3,GCCCCTGCCCCCCCCTGAGA,4,4996178
yjbJ_predicted,0.5,4,3,GCCCAACCGCTGAATCGCAT,1,5003069
yjbJ_predicted,4.25,19,3,GCACATGGCAAGTGAGCCTT,16,5025453
yjbJ_predicted,4.75,21,3,GATAAACGTAGGCGATTAGT,18,5009550
yjbJ_predicted,0.5,4,3,GAGCGCGGATCTGCGAAGAC,1,5017331
yjbJ_predicted,0.5,4,3,GAGAAAATACGCGCCATCCA,1,5009437
yjbJ_predicted,0.75,5,3,GAATCATCCTGAACTGGTAG,2,5018666
yjbJ_predicted,6.0,26,3,GAAGCCCATCTTTACTTACC,23,5018425
yjbJ_predicted,4.5,20,3,CTTCATGGGTAACGGGACTT,17,5007390
yjbJ_predicted,2.0,10,3,CTTAGGGACATTTAGGCCCA,7,5007545
yjbJ_predicted,2.0,10,3,CTGTGCAGGATCGTAGCTTT,7,5014258
yjbJ_predicted,5.0,22,3,CTGTCGCACAGGTGCTCTGA,19,4994997
yjbJ_predicted,3.5,16,3,CTGCAAGCATTACGCCTAGA,13,5027204
yjbJ_predicted,2.0,10,3,CTGAAACGTCACTCACCCCT,7,5024706
yjbJ_predicted,4.25,19,3,CTCTTGTTGGTTTTTGTAAC,16,5023531
yjbJ_predicted,4.0,18,3,CTCGGTTAGCCAACTCACAA,15,5016980
yjbJ_predicted,7.75,33,3,CTCCGTCTATAAGAATTATT,30,5004086
yjbJ_predicted,3.0,14,3,CTCAACATTAAGTTTTGTGA,11,4996300
yjbJ_predicted,1.75,9,3,CGTTTCACAAGTCCGGTCAC,6,4998485
yjbJ_predicted,2.75,13,3,CGTTCGATGGAGGGATACGT,10,5023569
yjbJ_predicted,2.25,11,3,CGTATGGGCGGAAGTCAAAG,8,5028065
yjbJ_predicted,2.5,12,3,CGGGGGTTCGCGGAGTGTCG,9,5011461
yjbJ_predicted,1.75,9,3,CGGGCATGCGCAACGGTTAC,6,5026754
yjbJ_predicted,1.5,8,3,CGGAGGCCTACAGCAACGCG,5,5005165
yjbJ_predicted,1.5,8,3,CGCCGTTAGAGCTTATCCTT,5,5023022
yjbJ_predicted,1.0,6,3,CGCCACATCATTGCCACGCT,3,5011087
yjbJ_predicted,2.5,12,3,CGCCAACGACGCAAGTGGCT,9,5017563
yjbJ_predicted,0.5,4,3,CGCAATAATAGCAAGCCAGA,1,5015372
yjbJ_predicted,2.5,12,3,CGAGTGGTCTCACCATGGCG,9,5013971
yjbJ_predicted,1.0,6,3,CGAAGGGGGAGGGATCAGAA,3,4995533
yjbJ_predicted,3.75,17,3,CCTCATATACGTGAGACTTA,14,5030927
yjbJ_predicted,1.25,7,3,CCTAAAGGTGAAGAGGGTAT,4,5028091
yjbJ_predicted,1.0,6,3,CCGTGGCCCACAGCTATCGA,3,5016921
yjbJ_predicted,3.75,17,3,CCCAATAGAAGGACGTTTCT,14,5016179
yjbJ_predicted,2.75,13,3,CCAAGTGGTCACCTCAAAAC,10,5021750
yjbJ_predicted,2.25,11,3,CATTTCAGACCAGCGCGAAA,8,5016032
yjbJ_predicted,2.25,11,3,CATTGCCCCACGCTAGAGGG,8,5020409
yjbJ_predicted,4.25,19,3,CATGCAGGTGACTCGGAAGA,16,5000094
yjbJ_predicted,2.25,11,3,CATCTAATGCTTGTTGTAAA,8,5029853
yjbJ_predicted,6.5,28,3,CATCGACAAGACGTCCCAAC,25,4995096
yjbJ_predicted,5.0,22,3,CATCCTCCCCTACATTATCT,19,5013921
yjbJ_predicted,4.0,18,3,CAGGTCGATCTATATGATAT,15,5023352
yjbJ_predicted,3.75,17,3,CAGGGTACAGACCGCTTAAT,14,5008845
yjbJ_predicted,0.5,4,3,CAAGCGAAAAGTTTAAACAC,1,5026116
yjbJ_predicted,5.0,22,3,CAACTCACTACTGGGTCGTT,19,5020607
yjbJ_predicted,4.5,20,3,ATGTCGCGAATTTCCGCACC,17,5002446
yjbJ_predicted,1.75,9,3,ATGGATCCTGGGGATGCGGC,6,5003490
yjbJ_predicted,3.75,17,3,ATGCCATCTCCGGGAGATCC,14,5028074
yjbJ_predicted,2.5,12,3,ATATGGGCCGCCGGGTATAC,9,5024440
yjbJ_predicted,4.75,21,3,ATAGCCATATCAATAATCTA,18,5012081
yjbJ_predicted,1.5,8,3,AGTGTCAACTAGGTCCGTTG,5,5029665
yjbJ_predicted,6.0,26,3,AGTATGCAAGCATCGACGAG,23,5024136
yjbJ_predicted,1.75,9,3,AGTAGTCTATTAGATAGGTA,6,5030685
yjbJ_predicted,4.25,19,3,AGCGATCAAGAGTGCCTGTG,16,5002964
yjbJ_predicted,0.5,4,3,AGCAATGCTCTTCATCGCGA,1,4999491
yjbJ_predicted,8.25,35,3,AGACTTCCAAAGTACCTAAT,32,5004062
yjbJ_predicted,5.0,22,3,ACTCTTACCACGACGGTCGT,19,5024208
yjbJ_predicted,2.25,11,3,ACTCGTTCCCTCGCGGATGC,8,5006941
yjbJ_predicted,3.5,16,3,ACTCGAAGCACATCATGAGA,13,5005896
yjbJ_predicted,2.75,13,3,ACTCCAACACTGTCGAAGAT,10,5013897
yjbJ_predicted,3.0,14,3,ACCCCGATAGGTATACAACT,11,5029475
yjbJ_predicted,3.0,14,3,ACCCCCTTCGATCCTAGCCT,11,4998019
yjbJ_predicted,2.5,12,3,ACAGCGAGCCAACGCCATGC,9,5003021
yjbJ_predicted,3.75,17,3,AATTTTAATGTCCATAACCC,14,5005856
yjbJ_predicted,1.25,7,3,AATGCGCAGGAGACGGAAGG,4,5019040
yjbJ_predicted,0.5,4,3,AATGAGGTGGCTCTAATGAG,1,5004421
yjbJ_predicted,4.75,21,3,AATCCCGTATACCCCCCTGT,18,5000515
yjbJ_predicted,4.5,20,3,AAAGTTTCTTAACGGCAGTC,17,5017853
yjbJ_predicted,1.25,7,3,AAAGTGTCCAGAGTTTAATG,4,5006782
yjbJ_predicted,3.75,17,3,AAACATTTTTTTAGGGTCAC,14,5017412
yjbJ_predicted,4.333333333333333,14,2,TTTGGGGCGCACTCTTAGGG,12,5002181
yjbJ_predicted,2.3333333333333335,8,2,TTTGGACTACGGTCTATAAA,6,5025534
yjbJ_predicted,3.6666666666666665,12,2,TTGCTAGCGAACCGGCGTTC,10,5010046
yjbJ_predicted,5.333333333333333,17,2,TTAGAGTACTGAGATGCACA,15,5025757
yjbJ_predicted,5.0,16,2,TGGCTGTACTCTCTCTCTAG,14,5006497
yjbJ_predicted,4.0,13,2,TGAAAACGAGGTAGTTCAGT,11,5006759
yjbJ_predicted,8.666666666666666,27,2,TCTCTGATATAAGACGTTGG,25,5011749
yjbJ_predicted,5.333333333333333,17,2,TCTCGCCTGGCCAGATCTCG,15,5000414
yjbJ_predicted,0.6666666666666666,3,2,TCTCGAGGGTCCTGGAGGCC,1,5024388
yjbJ_predicted,4.666666666666667,15,2,TCTATGGCCCATCTCCTATC,13,4996901
yjbJ_predicted,2.3333333333333335,8,2,TCTAGTAGTTTACGCTGAAC,6,5026071
yjbJ_predicted,1.3333333333333333,5,2,TCGGGCACAGTCTAAGACGC,3,5008082
yjbJ_predicted,3.3333333333333335,11,2,TCGGCATGTTATTAGTTAGC,9,5012720
yjbJ_predicted,0.6666666666666666,3,2,TCGGATTCCAGACTTCAATA,1,4999379
yjbJ_predicted,1.6666666666666667,6,2,TCGAGGGATCGCCTCGGGCG,4,5029776
yjbJ_predicted,6.666666666666667,21,2,TCGACCAAATTTCACCATTA,19,5012044
yjbJ_predicted,6.333333333333333,20,2,TCCACGAGCCCCTCAAGCAG,18,5022445
yjbJ_predicted,2.6666666666666665,9,2,TCATACATGTAGCATAACCC,7,5023188
yjbJ_predicted,0.6666666666666666,3,2,TCACGTTTCTAGTGGACCAT,1,5029429
yjbJ_predicted,1.0,4,2,TCACAGATCCCCCACCATTG,2,5024717
yjbJ_predicted,2.6666666666666665,9,2,TATGTCCCTTCAGCACTTTT,7,5013500
yjbJ_predicted,3.3333333333333335,11,2,TATCTGCATTAGATGGATGT,9,5014439
yjbJ_predicted,5.0,16,2,TATCGTGAAGTAGCTCTGCT,14,5020117
yjbJ_predicted,1.3333333333333333,5,2,TAGGCACGTCACAGCCCACT,3,5001343
yjbJ_predicted,3.3333333333333335,11,2,TAGAGGGCCGGGTCCTGCTG,9,5014747
yjbJ_predicted,2.3333333333333335,8,2,TACCTCAACGGACTCCGAGA,6,5022827
yjbJ_predicted,4.0,13,2,TAAGTGGCCACCTAACTCGA,11,5016370
yjbJ_predicted,2.0,7,2,TAACTTCCGTGAATAGCGCA,5,5007587
yjbJ_predicted,0.6666666666666666,3,2,GTTATACCCGAGACAGAAGG,1,5006854
yjbJ_predicted,4.0,13,2,GTGGCGTTGTCGGGCGTGCG,11,5018544
yjbJ_predicted,4.0,13,2,GTGCCCACCTTCAGAAGTAA,11,5001981
yjbJ_predicted,4.666666666666667,15,2,GGTGGACGTAGCCCTCACCC,13,5011639
yjbJ_predicted,4.333333333333333,14,2,GGTATCTAGCACGGTCAGTA,12,5006064
yjbJ_predicted,12.333333333333334,38,2,GGGGTGCTATGTCTACTGTC,36,4996338
yjbJ_predicted,4.666666666666667,15,2,GGGGGCGGAGGCCGATGCTG,13,5002580
yjbJ_predicted,0.6666666666666666,3,2,GGGACGCTTCTTGCGTTCAG,1,4998244
yjbJ_predicted,7.333333333333333,23,2,GGCGGAGCCTGTCTGGGATT,21,5020124
yjbJ_predicted,2.3333333333333335,8,2,GGCACGGTTTGTCTCTTCGC,6,5015023
yjbJ_predicted,5.666666666666667,18,2,GGCAATGGATCAGTTTCAAG,16,5004560
yjbJ_predicted,1.0,4,2,GGATGGATCGTCTGTGCTAC,2,5023168
yjbJ_predicted,7.666666666666667,24,2,GGAATCGCACGCCCGCTCTT,22,5002262
yjbJ_predicted,8.0,25,2,GCTGCCCAGTTTTGAGACGA,23,5009032
yjbJ_predicted,0.6666666666666666,3,2,GCTCGTTCCGGACGGCACAG,1,5014983
yjbJ_predicted,2.0,7,2,GCTACTTCGGAGGCTTAGTA,5,5000020
yjbJ_predicted,0.6666666666666666,3,2,GCGTGCTATGGTAAAGCCAC,1,5029145
yjbJ_predicted,5.333333333333333,17,2,GCGATCAATTATTGAGTGAC,15,5015032
yjbJ_predicted,1.6666666666666667,6,2,GCGAGCGTCCCCTATAATTG,4,5002038
yjbJ_predicted,2.6666666666666665,9,2,GCCATTCTATTAGTAGGAAG,7,5029256
yjbJ_predicted,2.3333333333333335,8,2,GCATCGGGACTGTTCCTACT,6,5010206
yjbJ_predicted,4.0,13,2,GCATAGCGGGGTTAATACTA,11,5005150
yjbJ_predicted,4.0,13,2,GCAGATTACTCTTATCGCTA,11,4999533
yjbJ_predicted,0.6666666666666666,3,2,GCAAGAATCCACCCCATGGA,1,4997567
yjbJ_predicted,1.3333333333333333,5,2,GATTGTCGAGATTTGCGCTA,3,4998483
yjbJ_predicted,7.0,22,2,GATGGACCCGAAACCTAAAT,20,5029595
yjbJ_predicted,7.333333333333333,23,2,GATCCAATGATCCGGTAAGT,21,5030622
yjbJ_predicted,3.3333333333333335,11,2,GAGTGGCGTACGTTCCTTGC,9,5028009
yjbJ_predicted,4.333333333333333,14,2,GACTTTATGGCGTGTCTCAA,12,4995246
yjbJ_predicted,0.6666666666666666,3,2,GACCCGTGTCCGTTTCTGTG,1,5004728
yjbJ_predicted,6.0,19,2,GAATACAGTCTTTGTAGATA,17,5020382
yjbJ_predicted,3.0,10,2,GAACATTGACTATGATTTGT,8,5011798
yjbJ_predicted,0.6666666666666666,3,2,GAAAAAGCGTCACGAATAGT,1,5006162
yjbJ_predicted,5.666666666666667,18,2,CTTCGGGTACTCACGTCTTT,16,5023637
yjbJ_predicted,4.666666666666667,15,2,CTGGTGAAAATCTAAGCACT,13,5027804
yjbJ_predicted,1.6666666666666667,6,2,CTGCGGGTTAATACCAGCTT,4,5005256
yjbJ_predicted,5.0,16,2,CTCGTAGATTACAGTGTGAT,14,5010227
yjbJ_predicted,2.6666666666666665,9,2,CTATTTCATCGGTACGTAAG,7,5003370
yjbJ_predicted,1.6666666666666667,6,2,CTATCAATATAGAGACCCGA,4,5009015
yjbJ_predicted,8.666666666666666,27,2,CTATATCTTGCAATGATCTC,25,5020771
yjbJ_predicted,2.3333333333333335,8,2,CTATAGCCAGACGAATGGTT,6,5029806
yjbJ_predicted,4.0,13,2,CGGTTCGGCCGTACTGTGGA,11,5015183
yjbJ_predicted,6.0,19,2,CGCACTCGAGTGTCGGCCGT,17,4997375
yjbJ_predicted,1.3333333333333333,5,2,CGAATACAAGGCCCAAGTAG,3,5023806
yjbJ_predicted,0.6666666666666666,3,2,CCTTTCAGTCAGATTACCCT,1,5027729
yjbJ_predicted,2.0,7,2,CCTTCTTAAGGGCTTACCTA,5,5019320
yjbJ_predicted,1.3333333333333333,5,2,CCTTAGTGATCTCTGCTCTA,3,5007453
yjbJ_predicted,9.333333333333334,29,2,CCTGGTTCGTCATCCGTTTG,27,5020398
yjbJ_predicted,1.6666666666666667,6,2,CCTCTTTCAGATTTATAGTG,4,5018569
yjbJ_predicted,4.666666666666667,15,2,CCGGTATCCCGATGGACTAG,13,4995566
yjbJ_predicted,2.0,7,2,CCGGGTTTTGGTTGGAGGTG,5,5013170
yjbJ_predicted,7.333333333333333,23,2,CCGCGACACGGCGCCCTACA,21,5031254
yjbJ_predicted,0.6666666666666666,3,2,CCGCCATTTTACAGGGATCT,1,5017283
yjbJ_predicted,5.666666666666667,18,2,CCCTCCAAAAACGGTTCATG,16,5014084
yjbJ_predicted,1.0,4,2,CCCAGTGTTAGTAGACGGCG,2,4999882
yjbJ_predicted,1.0,4,2,CCACGTGTCGCGACACGGTC,2,5021355
yjbJ_predicted,2.6666666666666665,9,2,CCAACGCCGAAGTACTATCC,7,5013377
yjbJ_predicted,1.3333333333333333,5,2,CATTAAAGGTTAGCGGGCCT,3,5022228
yjbJ_predicted,4.333333333333333,14,2,CATGCGCTGAGGCCTACTGC,12,5014177
yjbJ_predicted,8.333333333333334,26,2,CATGCATTTCCGATTCCCTA,24,5015825
yjbJ_predicted,11.0,34,2,CATCGGCTAGTTCTACTTGA,32,5018621
yjbJ_predicted,9.333333333333334,29,2,CATACTAGAATAATTCCGTT,27,4998959
yjbJ_predicted,8.0,25,2,CAGGTTTTCTCGTGTCATTT,23,5028607
yjbJ_predicted,3.0,10,2,CAGGCCATGGTCCTCAGAAC,8,5030953
yjbJ_predicted,5.333333333333333,17,2,CAGCACTTCGAGCATTAGTG,15,5002556
yjbJ_predicted,3.3333333333333335,11,2,CAGCAAGTAAGCGGCGGTCC,9,5012352
yjbJ_predicted,4.0,13,2,CACTTAGTCTTAGACATGAA,11,5023526
yjbJ_predicted,1.6666666666666667,6,2,CACAGGGACTCCAGCTCTTC,4,5019916
yjbJ_predicted,0.6666666666666666,3,2,CAAGTGACATGCTTCTCCGC,1,5024167
yjbJ_predicted,9.0,28,2,ATTGCGAGAGCTCTACCCGT,26,5001262
yjbJ_predicted,7.666666666666667,24,2,ATTCTGTGTTGAGTACAACG,22,5009432
yjbJ_predicted,6.333333333333333,20,2,ATCGCTTGATTCGCGCAAAC,18,5009381
yjbJ_predicted,7.0,22,2,ATCGATAATCGAGCCTTGTC,20,5026306
yjbJ_predicted,3.0,10,2,ATCCTCGCGTCGTAATTTAG,8,4996514
yjbJ_predicted,4.0,13,2,ATCCGAGTGGACATAACTTA,11,4997455
yjbJ_predicted,1.3333333333333333,5,2,ATATCCTCCGGGCTCATCTA,3,5021501
yjbJ_predicted,4.0,13,2,ATATACATTCTTTAGTAACC,11,5014179
yjbJ_predicted,3.6666666666666665,12,2,ATAGTGCGGCACGTGAAATG,10,5002272
yjbJ_predicted,4.666666666666667,15,2,AGTTGAGATAGTGGGCCAGA,13,5016573
yjbJ_predicted,0.6666666666666666,3,2,AGTGTTGCGTGTTAAGGATA,1,5019262
yjbJ_predicted,7.333333333333333,23,2,AGTACCTCTCTTGCGAGAGA,21,5008037
yjbJ_predicted,0.6666666666666666,3,2,AGCGGCCCCCTTGTGTTTTA,1,5003737
yjbJ_predicted,7.0,22,2,AGCGAGAGCGAGGCCCGGGA,20,5027162
yjbJ_predicted,45.0,136,2,ACTTTGCGGGTCTACTAAGC,134,5002592
yjbJ_predicted,14.333333333333334,44,2,ACTTAGTCACCCTGTTCCCT,42,5026968
yjbJ_predicted,0.6666666666666666,3,2,ACTGGGTGATGTAACGCAGC,1,4997665
yjbJ_predicted,3.0,10,2,ACTAGGATCTGCATAGGTAC,8,5004612
yjbJ_predicted,6.666666666666667,21,2,ACGTTTTCGGAGGCACGGTC,19,5023160
yjbJ_predicted,4.333333333333333,14,2,ACGCGCAGCTAACCTGGCGA,12,4995358
yjbJ_predicted,3.3333333333333335,11,2,ACCGTTAGGGAATTATAACA,9,5015311
yjbJ_predicted,2.0,7,2,ACCCCAGTCAAGGGTGAACT,5,5002278
yjbJ_predicted,3.6666666666666665,12,2,ACATTATGGCACGAACCGGC,10,5001089
yjbJ_predicted,1.6666666666666667,6,2,AAGGTCAAGGCTTGTAATTA,4,5025672
yjbJ_predicted,13.666666666666666,42,2,AAGGCACCATAGTAATAGTT,40,5018010
yjbJ_predicted,6.0,19,2,AAGATCGGCCGCTTGTGAAC,17,5029228
yjbJ_predicted,0.6666666666666666,3,2,AACTATTCGTAGGCTGATTA,1,5005344
yjbJ_predicted,4.0,13,2,AACGATCTATCTACGTCATG,11,4996241
yjbJ_predicted,4.666666666666667,15,2,AACCAACGCAAGTTGCGGCT,13,5017359
yjbJ_predicted,0.6666666666666666,3,2,AAAAGAATTGAAATAGGAAC,1,5007509
yjbJ_predicted,9.0,28,2,AAAAGAAGGACGATGGCCCA,26,5010581
yjbJ_predicted,9.0,18,1,TTTCCAGATGGAGGAATTAG,17,5004275
yjbJ_predicted,8.5,17,1,TTTATGGGCACCAGGAATAA,16,4999677
yjbJ_predicted,6.5,13,1,TTGCCAGGAGTGACCGGATA,12,5028593
yjbJ_predicted,10.0,20,1,TTGACTTTTCGCAGGACACA,19,5022742
yjbJ_predicted,21.0,42,1,TTACATTTATTCGCGGTTAG,41,5012787
yjbJ_predicted,4.5,9,1,TGTCGATCAACTGCCTAAAG,8,4999455
yjbJ_predicted,1.0,2,1,TGGTTTCGTGTTCTCGAACT,1,5030114
yjbJ_predicted,16.5,33,1,TGGCACATATTTTGTAAAGG,32,5019125
yjbJ_predicted,4.5,9,1,TGATCACGAAAATCATGCGT,8,5027068
yjbJ_predicted,11.5,23,1,TGACATTGTTTCAGATGTAA,22,5018093
yjbJ_predicted,3.0,6,1,TCCCCACACAAAATATATTT,5,5012521
yjbJ_predicted,10.0,20,1,TCCATAGCTGGAGGGCTTAT,19,5002443
yjbJ_predicted,5.0,10,1,TCACCTTCTTTGCTGGACCT,9,5006444
yjbJ_predicted,2.5,5,1,TAGGTGTTCCGTCTCGGTCT,4,5000236
yjbJ_predicted,2.0,4,1,TAGGCTATTCATAGGGCCGA,3,5022785
yjbJ_predicted,1.0,2,1,TAGCCACGTTATAATTAAAT,1,5018629
yjbJ_predicted,5.5,11,1,TAGCAAATACCTTACGGCTA,10,5012394
yjbJ_predicted,6.5,13,1,TAGATGTTTAAATTCGGACC,12,4999716
yjbJ_predicted,9.0,18,1,TACTTCCTATCTTGTCCGGG,17,5006936
yjbJ_predicted,1.5,3,1,TAACGTGTGTTACCGCACCA,2,5003504
yjbJ_predicted,1.0,2,1,GTGTCACGAGGGTGCGAGGG,1,5025860
yjbJ_predicted,12.0,24,1,GTGTACTATCTCAGGTAAGT,23,5008814
yjbJ_predicted,9.0,18,1,GTCGCGGCGGGTCAGGCCGA,17,5008726
yjbJ_predicted,3.5,7,1,GTATGTTAAATATATCCTCA,6,5018270
yjbJ_predicted,1.0,2,1,GGTTCATCGTAAGAGTGCCT,1,5005023
yjbJ_predicted,4.5,9,1,GGGAGGTCAAATGCAGCAAG,8,4998768
yjbJ_predicted,7.0,14,1,GGCGTAAGATACTTGGAGGT,13,5012289
yjbJ_predicted,7.5,15,1,GGCGGAAAAGAAAATAGATA,14,5028458
yjbJ_predicted,4.0,8,1,GGCAGAGCTGATTGAAAGGT,7,5014106
yjbJ_predicted,5.0,10,1,GCTTGTGTCTTAAAAACAAC,9,5028029
yjbJ_predicted,9.0,18,1,GCTCGTACTTTGATGCGCAT,17,5013654
yjbJ_predicted,8.0,16,1,GCTACCCGGTTGTGTCTTTG,15,5011618
yjbJ_predicted,4.0,8,1,GCGGTTAGTGGGCTGTTATG,7,5013634
yjbJ_predicted,12.5,25,1,GCGCCTGTCGTTGTGCGAGT,24,5002729
yjbJ_predicted,1.5,3,1,GCCGTGGTAGAGCCCCCCTC,2,5004064
yjbJ_predicted,1.0,2,1,GCATTCATGGCGACACCTAT,1,5025585
yjbJ_predicted,3.5,7,1,GCAATTAATTCAATTGTTGT,6,5002148
yjbJ_predicted,11.0,22,1,GAGTCGTAGCCTAATACAAC,21,5008227
yjbJ_predicted,8.0,16,1,GAGTCCACTATGCCCAATCT,15,5011975
yjbJ_predicted,5.0,10,1,GAGCCCATTAGGCCCTATAG,9,5005646
yjbJ_predicted,7.5,15,1,GACCGCACCATCAGGCCAGG,14,4995455
yjbJ_predicted,8.0,16,1,GAAAGAGCTTCCCGGGCACA,15,5013904
yjbJ_predicted,1.0,2,1,GAAACCCGCCGAATATCTTT,1,5026990
yjbJ_predicted,11.5,23,1,CTTGTAATGCGTAAAAGACT,22,5021326
yjbJ_predicted,4.5,9,1,CTGTTGCTATCTGCGTAATC,8,5018460
yjbJ_predicted,2.0,4,1,CTCGAGCTGAATTCTCTGTG,3,5023654
yjbJ_predicted,8.0,16,1,CTCATCATGTCTCAGCGTGC,15,5029681
yjbJ_predicted,4.5,9,1,CTCAAGCACCACACTGCGCC,8,5017153
yjbJ_predicted,7.5,15,1,CGTATTAAGAGTTATCATAC,14,5015893
yjbJ_predicted,9.5,19,1,CGGCCTTAGCAGAAAGAATA,18,5028019
yjbJ_predicted,5.0,10,1,CGGCATACTAGTCGCCCAGA,9,5005311
yjbJ_predicted,3.5,7,1,CGCCAGAACCTGAGACCTCA,6,5026958
yjbJ_predicted,4.5,9,1,CGCCACTTAGACGAAGTTGA,8,5008485
yjbJ_predicted,1.0,2,1,CGATGCTAATAACATGCACC,1,5013990
yjbJ_predicted,3.5,7,1,CGATGCCCAACTATGCCTCT,6,5009630
yjbJ_predicted,7.0,14,1,CGATCGATGGACACCGCAGG,13,5026860
yjbJ_predicted,1.5,3,1,CGAGCTGGGTACTTAATTAA,2,5001968
yjbJ_predicted,9.0,18,1,CGAAGACGAATTAGCTAGAA,17,5024345
yjbJ_predicted,4.0,8,1,CCTAGCTGGAGGCGAAGTTA,7,5007650
yjbJ_predicted,4.5,9,1,CCGAAAACGTGCTCCTCACT,8,5029978
yjbJ_predicted,1.5,3,1,CCCTACCTCTTTGTCGAACA,2,4998693
yjbJ_predicted,3.5,7,1,CCCGCCTATACCCTTCAAAC,6,5006317
yjbJ_predicted,1.5,3,1,CCCCATTAGAATCCGTTGCA,2,5017560
yjbJ_predicted,11.0,22,1,CCATCAGCGCGGGCCTTTTG,21,5005619
yjbJ_predicted,6.0,12,1,CCATACGAAGTTTCCCATAC,11,5020458
yjbJ_predicted,3.5,7,1,CAGGTAGCATGTGTGGAGCC,6,5001919
yjbJ_predicted,6.0,12,1,CAGGATCGCATCAACATCTG,11,5027290
yjbJ_predicted,3.5,7,1,CAGGACACAAGGTTTCACCG,6,5014337
yjbJ_predicted,1.0,2,1,CAGCCACCTGTCCTTTGTCT,1,5007398
yjbJ_predicted,3.5,7,1,CAGATCTAGATGCACTACGC,6,5008093
yjbJ_predicted,5.0,10,1,CAATGCCACCTAGGGAGCGC,9,5008101
yjbJ_predicted,2.0,4,1,CAAACCTCTGCAGCACCGTT,3,5002552
yjbJ_predicted,1.0,2,1,ATTTAAAAGTTCTACGCAGT,1,4995073
yjbJ_predicted,6.0,12,1,ATTCGTGAAAATATAATAGT,11,5010815
yjbJ_predicted,8.5,17,1,ATTACGCGATGGCGTGGCAG,16,5014613
yjbJ_predicted,8.5,17,1,ATGGTCAACTTAATCCTAGG,16,5026223
yjbJ_predicted,22.5,45,1,ATGCTATAAGTCCTATCGCC,44,5016955
yjbJ_predicted,3.5,7,1,ATCGACTTATTGCGAACAGG,6,5030823
yjbJ_predicted,9.5,19,1,ATCGACAGTGTTAATATGGG,18,5027154
yjbJ_predicted,4.5,9,1,ATATTATGCCCCAAAGTTAC,8,5005342
yjbJ_predicted,4.0,8,1,ATAAACCTGGACCCCGTTGA,7,5016208
yjbJ_predicted,19.5,39,1,AGTACCTGTGCTCATACGGG,38,5004873
yjbJ_predicted,4.0,8,1,AGGTTATTATCTGGTTAGGC,7,5027845
yjbJ_predicted,8.0,16,1,AGGGAACAACCACGTGATGT,15,5018234
yjbJ_predicted,6.5,13,1,AGGCTTCACGCCCCAATATG,12,5000141
yjbJ_predicted,4.5,9,1,AGGCACGTGCGGGGTACACT,8,4999837
yjbJ_predicted,9.5,19,1,AGATACAACCGATGAAGGTG,18,4996267
yjbJ_predicted,7.5,15,1,ACTGTCTAAGCGTCAAGCCC,14,5015344
yjbJ_predicted,11.5,23,1,ACTGCTTGTGGTCATCCATT,22,5023351
yjbJ_predicted,4.0,8,1,ACTCGGCGATCGATTGACCC,7,5026880
yjbJ_predicted,12.0,24,1,ACGTGCTAACCAAAGGGCAT,23,4997531
yjbJ_predicted,4.0,8,1,ACCTCTGGTGGCCTCGGAGA,7,5011004
yjbJ_predicted,7.0,14,1,ACCGGAGCGTGCCCTCTCAA,13,5031291
yjbJ_predicted,2.0,4,1,ACCACTCTTTGGCATATCTG,3,5008701
yjbJ_predicted,4.5,9,1,ACAATAACTAGAGGATGCCC,8,5013479
yjbJ_predicted,6.0,12,1,AAGTGCATCCACATGAGTCT,11,5028369
yjbJ_predicted,2.5,5,1,AAGTACTTGCGGCTCTACAT,4,5015473
yjbJ_predicted,1.0,2,1,AAGCGGTGCAGCCTATAAAG,1,5031124
yjbJ_predicted,4.0,8,1,AAGCATGCAGAGGTTTCTCA,7,5029884
yjbJ_predicted,1.0,2,1,AAATGCGCCAATCCGGCTAT,1,5004586
yjbJ_predicted,1.0,2,1,AAAGATTTCCTCTGGGATCA,1,5028948
yjbJ_predicted,0.011111111111111112,89,89,GGTAGTGTTTGTTGTTAAAG,0,4995890
yjbJ_predicted,0.011627906976744186,85,85,TGGGGATGCGGAATCGTTTT,0,4998827
yjbJ_predicted,0.011627906976744186,85,85,TCTGCAGAGAATGTCAGTGT,0,4998108
yjbJ_predicted,0.012048192771084338,82,82,CTTCGAGGGTACTAGGAAAT,0,5001975
yjbJ_predicted,0.012987012987012988,76,76,TGGAATGGACCATCGTCCGT,0,5013386
yjbJ_predicted,0.013333333333333334,74,74,GGTTCCACACGAATCCGGGT,0,5023808
yjbJ_predicted,0.013513513513513514,73,73,TATAATTTTCTCTCCGCAGG,0,5024253
yjbJ_predicted,0.013513513513513514,73,73,CTTTTGCTGTCTGTAGCGGT,0,5026534
yjbJ_predicted,0.013513513513513514,73,73,ACTAGAGAGTGGTCCGCTAA,0,5010040
yjbJ_predicted,0.0136986301369863,72,72,GAGTGTCAGCAACCTGGCTA,0,4999966
yjbJ_predicted,0.013888888888888888,71,71,CAGTCCATAGTGGAAGTCAT,0,5005583
yjbJ_predicted,0.014285714285714285,69,69,GTGTTGGAATTTGCTTGATG,0,5003030
yjbJ_predicted,0.014492753623188406,68,68,GCCACATCGTACCTAGCTTT,0,4995365
yjbJ_predicted,0.014492753623188406,68,68,CAATACAATGCGGTTATGTA,0,5008205
yjbJ_predicted,0.014705882352941176,67,67,CTGGGTTAGCTACCGACGCA,0,4997945
yjbJ_predicted,0.015151515151515152,65,65,GCTGGGCCTGCGTCCTGTAA,0,4998201
yjbJ_predicted,0.015625,63,63,CGTGCAGTTGGCCCCCCGTA,0,5016479
yjbJ_predicted,0.015625,63,63,AAACTCAATACTAAAGGTAG,0,5013373
yjbJ_predicted,0.01639344262295082,60,60,TCTCTCGAGAGTGATAAGTT,0,4998850
yjbJ_predicted,0.01639344262295082,60,60,TAGGCAAAGTCTCTGTTAGT,0,4995330
yjbJ_predicted,0.01639344262295082,60,60,ATCAGAATCGACACATAGGT,0,4998085
yjbJ_predicted,0.016666666666666666,59,59,CTCGCAAGCTCACCGGCACT,0,5009956
yjbJ_predicted,0.016666666666666666,59,59,CCCGCTAGGGTGTCCGGGTA,0,5001660
yjbJ_predicted,0.01694915254237288,58,58,CCTGAAAAGCATTGTGAGCA,0,4994992
yjbJ_predicted,0.017241379310344827,57,57,CACTGCATATGAACGGCATG,0,5028050
yjbJ_predicted,0.017543859649122806,56,56,TTGGGTACCTTTCACCGATG,0,5011144
yjbJ_predicted,0.017543859649122806,56,56,ACGAAGTAGTACAGCATGGA,0,4996772
yjbJ_predicted,0.017857142857142856,55,55,GTACGGAGGCTGCGGATGTA,0,5008850
yjbJ_predicted,0.017857142857142856,55,55,GGTTCAGCACAGGTCGGCAT,0,5005014
yjbJ_predicted,0.017857142857142856,55,55,CCCCTGGCTACCATAAGCGA,0,5018126
yjbJ_predicted,0.01818181818181818,54,54,TGTTCGATGCTGCAGCCATA,0,5007673
yjbJ_predicted,0.01818181818181818,54,54,AGGGTCTTGAGATTGTGCAG,0,5020533
yjbJ_predicted,0.01818181818181818,54,54,AGCCAACAGTCTGCACCATC,0,5015673
yjbJ_predicted,0.018518518518518517,53,53,TAATTGCAAGGGAGAGCCGT,0,5000719
yjbJ_predicted,0.018518518518518517,53,53,CGGGGAATTTGCAGCTCACA,0,5002807
yjbJ_predicted,0.018867924528301886,52,52,GTCTTAGGTTCCTGTCGGGA,0,5021197
yjbJ_predicted,0.018867924528301886,52,52,GGTCCGGGTAGGATTGTTTG,0,5007795
yjbJ_predicted,0.018867924528301886,52,52,GCGAGCCACGGATCACTCTG,0,5019648
yjbJ_predicted,0.019230769230769232,51,51,CGGTGTACTTGTAGGATAGA,0,5011275
yjbJ_predicted,0.0196078431372549,50,50,TTGCACAGGCAGATTAGAAT,0,5021958
yjbJ_predicted,0.0196078431372549,50,50,GCGTGGAACAATGATCTTCA,0,5007120
yjbJ_predicted,0.0196078431372549,50,50,AAATCTATTTGCCATAAGCA,0,5024772
yjbJ_predicted,0.02,49,49,TGCAATAGTCGGTGTATACA,0,4995662
yjbJ_predicted,0.02,49,49,TCATTGGTCCTGACTTCAGA,0,5022295
yjbJ_predicted,0.02,49,49,GCGGCAACCTCTACATAAGG,0,5001416
yjbJ_predicted,0.02,49,49,CCCCCAGACAGTAGTCAATA,0,5020067
yjbJ_predicted,0.02,49,49,AATTCTACTATTTATGACGT,0,5008852
yjbJ_predicted,0.02040816326530612,48,48,TCGCCGACGTTCTACATCCG,0,5005795
yjbJ_predicted,0.02040816326530612,48,48,GTTTCCAGGGACCTATGAGG,0,5017067
yjbJ_predicted,0.02040816326530612,48,48,GGTAGCAGCTTGAGCTCTAA,0,5021476
yjbJ_predicted,0.02040816326530612,48,48,GATTGCTGGAAATGCGATCT,0,5009297
yjbJ_predicted,0.02040816326530612,48,48,CCCGCCCTGCTTTGTAACTA,0,5007824
yjbJ_predicted,0.02040816326530612,48,48,CATCGGACCACTGAACCCGT,0,5009329
yjbJ_predicted,0.020833333333333332,47,47,TTCCGGAAACTCGCAGGTAA,0,5031026
yjbJ_predicted,0.020833333333333332,47,47,TGTCTTCCCGGGCGGTAAGG,0,5024251
yjbJ_predicted,0.020833333333333332,47,47,TGCCACAGTTCATGGTTAAC,0,5016147
yjbJ_predicted,0.020833333333333332,47,47,TAGGTAGTCACATGGAGATG,0,5014054
yjbJ_predicted,0.020833333333333332,47,47,GGTACGAGGTACGGTCGGCA,0,5002831
yjbJ_predicted,0.020833333333333332,47,47,CTGTTGTTGCTCTAGTAGCA,0,5027911
yjbJ_predicted,0.020833333333333332,47,47,CAGCGATACGTCACCTTATA,0,5028233
yjbJ_predicted,0.020833333333333332,47,47,ATGGTTCTGTCATTAACTAG,0,5001153
yjbJ_predicted,0.02127659574468085,46,46,TATGTCTCCCTATCCGGTAA,0,5009202
yjbJ_predicted,0.02127659574468085,46,46,GGTGCTAATGGTACCAAGAA,0,4999723
yjbJ_predicted,0.02127659574468085,46,46,CGAGTGTAAGGAGCCTTCGG,0,4999829
yjbJ_predicted,0.021739130434782608,45,45,TGTCAACATGCGTCAACCGG,0,5026312
yjbJ_predicted,0.021739130434782608,45,45,TGGGAGAAGTTGAATTCGAA,0,5000760
yjbJ_predicted,0.021739130434782608,45,45,CACTTCCGTGCTGGACGCGG,0,5001446
yjbJ_predicted,0.021739130434782608,45,45,AGATTGAGCGGGTATCAGAG,0,5005812
yjbJ_predicted,0.022222222222222223,44,44,TTCATCCTATGAGTCGCGTA,0,5014108
yjbJ_predicted,0.022222222222222223,44,44,TATGGCTTGCTAGCCGGAAA,0,5002604
yjbJ_predicted,0.022222222222222223,44,44,ATTTGGCAACAATTGAGAAC,0,5005205
yjbJ_predicted,0.022727272727272728,43,43,TCCGCAAACGATCGGCCTAG,0,5009291
yjbJ_predicted,0.022727272727272728,43,43,TATCTCACGACAAAGCGCAA,0,4999582
yjbJ_predicted,0.022727272727272728,43,43,GGCTTTTAAAGATGGAAATG,0,4997551
yjbJ_predicted,0.022727272727272728,43,43,CGGACAATCGCTGCATGCAG,0,4996944
yjbJ_predicted,0.022727272727272728,43,43,CCCATTCTTACCTTGCAGCC,0,5030292
yjbJ_predicted,0.023255813953488372,42,42,TTGGACCATGATTCTTGTAA,0,5006198
yjbJ_predicted,0.023255813953488372,42,42,TGATAATAGATACAATGCTT,0,5006205
yjbJ_predicted,0.023255813953488372,42,42,TGAGGACGAGAGCGCCATTA,0,5005747
yjbJ_predicted,0.023255813953488372,42,42,TAAGACAGAGGCATATAGGA,0,5001088
yjbJ_predicted,0.023255813953488372,42,42,GTAAAGCTAAACTCTATTCA,0,5010726
yjbJ_predicted,0.023255813953488372,42,42,CGGACTTAACGGGTCCATAA,0,5010948
yjbJ_predicted,0.023255813953488372,42,42,AGAGCCGACCCCATGGTCCT,0,5018204
yjbJ_predicted,0.023255813953488372,42,42,ACAGAGGCTCCCGCCCATTG,0,5010883
yjbJ_predicted,0.023809523809523808,41,41,TCATGACCCAGTCAGCTTAC,0,5022735
yjbJ_predicted,0.023809523809523808,41,41,TATATAGCTGACTACCATTG,0,5008071
yjbJ_predicted,0.023809523809523808,41,41,TAGCACACGGGATTCTCTAA,0,5004730
yjbJ_predicted,0.023809523809523808,41,41,TACACTTTGCATTTACAACG,0,5006880
yjbJ_predicted,0.023809523809523808,41,41,GACCCTTTAAGTAGTACAGG,0,5003830
yjbJ_predicted,0.023809523809523808,41,41,CTGCTCGGGTGGCAACGGTA,0,5000339
yjbJ_predicted,0.023809523809523808,41,41,CTATGGGCATATCGTGAGCT,0,5031042
yjbJ_predicted,0.023809523809523808,41,41,CAGAATCCGCGCCCCCACAG,0,5002399
yjbJ_predicted,0.023809523809523808,41,41,CACGCGTTGACTGCACTCCT,0,5001290
yjbJ_predicted,0.023809523809523808,41,41,AGGTGAAAGAGATACGGATA,0,5006493
yjbJ_predicted,0.024390243902439025,40,40,TGTCGTAGGCCGAGGGAGCT,0,4998156
yjbJ_predicted,0.024390243902439025,40,40,TAAGTGCCGGGAGTGGGTTG,0,5001014
yjbJ_predicted,0.024390243902439025,40,40,GTAGTCCCCAACGGGTTGAG,0,5018707
yjbJ_predicted,0.024390243902439025,40,40,GGGTCGGGAGACTCACAGTC,0,5020519
yjbJ_predicted,0.024390243902439025,40,40,GGAATAGGGTCAAAATGGAT,0,5014385
yjbJ_predicted,0.024390243902439025,40,40,GATAAAAGCCGAAATATCAG,0,5001125
yjbJ_predicted,0.024390243902439025,40,40,GAGGAGCCCTGCATACACAC,0,5011385
yjbJ_predicted,0.024390243902439025,40,40,ATTCAAGCTTCAGCATACTC,0,5029976
yjbJ_predicted,0.025,39,39,TTACAGTGGCTCGGGACGTG,0,5016184
yjbJ_predicted,0.025,39,39,TGTTCCACATCGGGCCAACA,0,4996112
yjbJ_predicted,0.025,39,39,TCGTTTACGATGTTTCGAGT,0,5010914
yjbJ_predicted,0.025,39,39,TCATCGGCGCCAATGGTGCA,0,5010484
yjbJ_predicted,0.025,39,39,TAATAGCACTTAGGTATAGC,0,5011043
yjbJ_predicted,0.025,39,39,GAGAGGGATCGCCACGGAAT,0,4997715
yjbJ_predicted,0.025,39,39,CTCAGGTTTACCTTAACTAT,0,4995381
yjbJ_predicted,0.025,39,39,CGGTGGGACGCTGGTATATG,0,5005574
yjbJ_predicted,0.025,39,39,CGCATTACCGCTCTACCACA,0,5015721
yjbJ_predicted,0.025,39,39,CCTTGAATCAATCGGGTCTT,0,4996243
yjbJ_predicted,0.025,39,39,CCAAGATTAGTGTGCTCGGT,0,5005251
yjbJ_predicted,0.025,39,39,AGAATACCCGTTATTTTCGT,0,5005751
yjbJ_predicted,0.025,39,39,ACAAGTCGTTTGATCGGGAT,0,5004646
yjbJ_predicted,0.025,39,39,AACGGTGGTAACCGCACTGG,0,4996504
yjbJ_predicted,0.02564102564102564,38,38,TCTTCATGAGAGGACGCGTA,0,5016875
yjbJ_predicted,0.02564102564102564,38,38,TATGCTTCCTGGAATCGCTC,0,5015338
yjbJ_predicted,0.02564102564102564,38,38,TAGAATCCTGTCACAGTCAT,0,5006893
yjbJ_predicted,0.02564102564102564,38,38,GTACTAGGTATGCCGAAAGC,0,5017612
yjbJ_predicted,0.02564102564102564,38,38,GTAATATGCACGACAGTATA,0,5006434
yjbJ_predicted,0.02564102564102564,38,38,GGTTAGGAGGAGGAGGACTA,0,5013757
yjbJ_predicted,0.02564102564102564,38,38,GGTCAATCTCTGGATCCATT,0,5025394
yjbJ_predicted,0.02564102564102564,38,38,GCAATGCGCTACGATAGTAC,0,5014982
yjbJ_predicted,0.02564102564102564,38,38,CTCGAGGAATGACTTCGTAC,0,5015787
yjbJ_predicted,0.02564102564102564,38,38,CTAAAACAGTGGTGGGCCAG,0,5000233
yjbJ_predicted,0.02564102564102564,38,38,CATTACTGATTGGGGTGTGA,0,5018977
yjbJ_predicted,0.02564102564102564,38,38,CAAAACCGCAAGGGTGCCCA,0,5005990
yjbJ_predicted,0.02564102564102564,38,38,ATGGTAAGCAAATCTTCCCG,0,5000431
yjbJ_predicted,0.02564102564102564,38,38,ATGGAGCAACGGGGTAACAA,0,5002780
yjbJ_predicted,0.02564102564102564,38,38,ATACTACAAACTGAGGCTGG,0,5024799
yjbJ_predicted,0.02564102564102564,38,38,ACTGCGGATCGAAAAAATAG,0,5004490
yjbJ_predicted,0.02631578947368421,37,37,TTTGTTTGAGCTTGTATTGA,0,5008033
yjbJ_predicted,0.02631578947368421,37,37,TTGCGAGGTGATCTGCAAGC,0,5011349
yjbJ_predicted,0.02631578947368421,37,37,TCATACCTCGTTGCAGAGTC,0,5011934
yjbJ_predicted,0.02631578947368421,37,37,GTGCCAAGTTTGGAAACTTT,0,5004106
yjbJ_predicted,0.02631578947368421,37,37,GCTTTAGCGTGGTATCGCTT,0,5017431
yjbJ_predicted,0.02631578947368421,37,37,GAATACTCGGTGGCGATGTT,0,5012378
yjbJ_predicted,0.02631578947368421,37,37,CGTGTTAAAGCCGGGTCATT,0,5009883
yjbJ_predicted,0.02631578947368421,37,37,CATCGCTGAGTGGCATAGTA,0,5000740
yjbJ_predicted,0.02631578947368421,37,37,CACAGGACTCTAAAGGAAGT,0,4997274
yjbJ_predicted,0.02631578947368421,37,37,ATGCCATCGTGTGACTCCAT,0,5003899
yjbJ_predicted,0.02631578947368421,37,37,ATGAAGCATGACTCATACTG,0,5000638
yjbJ_predicted,0.02631578947368421,37,37,ACTCCGCTTCTCGCTAGATT,0,5023415
yjbJ_predicted,0.02631578947368421,37,37,ACTAGCGTTTCGGAATTCGT,0,4998065
yjbJ_predicted,0.02631578947368421,37,37,ACCTCCAAAGAGGGGCACTG,0,5022182
yjbJ_predicted,0.02631578947368421,37,37,ACCGCCCCTCCACCCTATAA,0,5023315
yjbJ_predicted,0.02702702702702703,36,36,TTCACTGACAATCATACGTT,0,5024089
yjbJ_predicted,0.02702702702702703,36,36,TCTAGGTAACTGCCCAACTC,0,4997591
yjbJ_predicted,0.02702702702702703,36,36,GAATTCTCCGGTAGCTACGT,0,5009122
yjbJ_predicted,0.02702702702702703,36,36,GAAGGGCCAGGCCGGGGCGT,0,5007153
yjbJ_predicted,0.02702702702702703,36,36,GAAAATACGGTACTGGAATG,0,5019036
yjbJ_predicted,0.02702702702702703,36,36,CGTTAAACGCACAGCTTCTG,0,5013013
yjbJ_predicted,0.02702702702702703,36,36,CGCCTACTCATCAAACGCAT,0,4995028
yjbJ_predicted,0.02702702702702703,36,36,AGGACGACGAGTGGCAGCCC,0,5018468
yjbJ_predicted,0.02702702702702703,36,36,AGACATTAAGAGCATTTGAA,0,5024003
yjbJ_predicted,0.02702702702702703,36,36,ACGTTGCTAGCTTTAGGGAT,0,5027586
yjbJ_predicted,0.027777777777777776,35,35,TGTCCAAACAGGGGAAAAAT,0,5021263
yjbJ_predicted,0.027777777777777776,35,35,TGCACATATTACGTTAGAGG,0,5022669
yjbJ_predicted,0.027777777777777776,35,35,TGATGCATCGCTGGGCTGGT,0,5008083
yjbJ_predicted,0.027777777777777776,35,35,TGAACGCCATCGCGTAGGGT,0,5000950
yjbJ_predicted,0.027777777777777776,35,35,TAGATCAACCATACCTCGTA,0,4996509
yjbJ_predicted,0.027777777777777776,35,35,GTGTAGGGGTCAAGGTTGAG,0,5004906
yjbJ_predicted,0.027777777777777776,35,35,GGTTTCATTGGGTTTCCCGT,0,5010080
yjbJ_predicted,0.027777777777777776,35,35,GCATCTAGGTATAAAAAAGT,0,5004004
yjbJ_predicted,0.027777777777777776,35,35,GATGTGACGGTGCAGGCTTC,0,5009061
yjbJ_predicted,0.027777777777777776,35,35,CTTATTGGATCTTAATTTCA,0,5010827
yjbJ_predicted,0.027777777777777776,35,35,CGTCGTCTTCTGCTTGGGTG,0,5017332
yjbJ_predicted,0.027777777777777776,35,35,CATGTGGCGCGTTAGATATC,0,5028827
yjbJ_predicted,0.027777777777777776,35,35,CAGGAGTGCGTGACTTGTGC,0,4997224
yjbJ_predicted,0.027777777777777776,35,35,CAATGGGCGTGCAGTGGTGC,0,5006745
yjbJ_predicted,0.027777777777777776,35,35,ATCCTAAATTGTGAAAATAA,0,5023417
yjbJ_predicted,0.027777777777777776,35,35,ATATCTCGAATAACCATGAT,0,5011101
yjbJ_predicted,0.027777777777777776,35,35,AGGTTTCCACGCTTTAAATA,0,5006355
yjbJ_predicted,0.027777777777777776,35,35,ACGTTTACTGAAATAGTGCA,0,5023899
yjbJ_predicted,0.027777777777777776,35,35,ACCGGAAGGAAGCCGAAGTA,0,4995046
yjbJ_predicted,0.027777777777777776,35,35,AATTGTGAGTTCACGCGCGG,0,5020146
yjbJ_predicted,0.02857142857142857,34,34,TTCGGTCATTTCGTTGATAA,0,5013345
yjbJ_predicted,0.02857142857142857,34,34,TTCCGTTTCACGCTGGGCCT,0,5027239
yjbJ_predicted,0.02857142857142857,34,34,TTCATTCTCCAGCTGCCGAA,0,5018330
yjbJ_predicted,0.02857142857142857,34,34,TGCTGGGACCATGTCAGTTA,0,5022142
yjbJ_predicted,0.02857142857142857,34,34,GTCATGAGAATACTTGAAAA,0,5011606
yjbJ_predicted,0.02857142857142857,34,34,GCTACTTAGTAAAGACGTAT,0,5008911
yjbJ_predicted,0.02857142857142857,34,34,GAGCTTATCGTTTGTCACCA,0,4998640
yjbJ_predicted,0.02857142857142857,34,34,GAATCGTTTTTACCAAGATA,0,5004131
yjbJ_predicted,0.02857142857142857,34,34,CCTGACGTGCAATAGCGCGA,0,5014257
yjbJ_predicted,0.02857142857142857,34,34,CCGAGATATGTGCGAAGAAA,0,5013259
yjbJ_predicted,0.02857142857142857,34,34,CAGGATGAGCACCGTATCCT,0,5001909
yjbJ_predicted,0.02857142857142857,34,34,CAGAGTAAAATTTGCCTTCA,0,5008648
yjbJ_predicted,0.02857142857142857,34,34,CAAGGCTTGGCTAAAATGAG,0,5005468
yjbJ_predicted,0.02857142857142857,34,34,ATGTTATCCACGTTAAGGCT,0,5012621
yjbJ_predicted,0.02857142857142857,34,34,ATGATCCCATTTAGTCAGCT,0,5000706
yjbJ_predicted,0.02857142857142857,34,34,AGATACTTGCATAACTATCA,0,4999376
yjbJ_predicted,0.02857142857142857,34,34,ACTTCCAACGAGAGAGTTGA,0,5025846
yjbJ_predicted,0.02857142857142857,34,34,ACACCACCTCTACCAGAACT,0,4996018
yjbJ_predicted,0.029411764705882353,33,33,GTTAAGGTTGTTCGGGCGGG,0,5021451
yjbJ_predicted,0.029411764705882353,33,33,GTAGAGGACTCCTATTGTTC,0,4995796
yjbJ_predicted,0.029411764705882353,33,33,GCCAGTTGATTAAAATCTAT,0,4995929
yjbJ_predicted,0.029411764705882353,33,33,GAGTACAACTAAATCAGGCA,0,5003194
yjbJ_predicted,0.029411764705882353,33,33,GAGACCAGCTAGACGCAGGG,0,5003274
yjbJ_predicted,0.029411764705882353,33,33,GACAGTTGACAACCGTTTCT,0,5016862
yjbJ_predicted,0.029411764705882353,33,33,GAAATAGGGGTTGTGTAGAC,0,5030552
yjbJ_predicted,0.029411764705882353,33,33,CATGTGGTCAAGCTCTTAAA,0,5008934
yjbJ_predicted,0.029411764705882353,33,33,ATCTGGGGTTTTTTGGTCAC,0,5001631
yjbJ_predicted,0.029411764705882353,33,33,ACCTGATGTGGTTGTCCACT,0,5005837
yjbJ_predicted,0.029411764705882353,33,33,AAGCGTTTTGCATTAACATG,0,5021090
yjbJ_predicted,0.030303030303030304,32,32,TTTGACTGTCTTCGCCCAAT,0,5005088
yjbJ_predicted,0.030303030303030304,32,32,TTTAGACTAGCCAAGTCTTC,0,5028049
yjbJ_predicted,0.030303030303030304,32,32,TTCCACGATTTGGGTAATGA,0,4999800
yjbJ_predicted,0.030303030303030304,32,32,TTATCTAGCTTAGGGATAAG,0,5005748
yjbJ_predicted,0.030303030303030304,32,32,TGGCTCTTGTTGGCCGTCCA,0,5029257
yjbJ_predicted,0.030303030303030304,32,32,TGGATTCTAGTTTGAGTCAG,0,5028928
yjbJ_predicted,0.030303030303030304,32,32,TGATCGCAACGAGAAGTGCA,0,5025320
yjbJ_predicted,0.030303030303030304,32,32,TCTTCCATGTTGTTGCCTTA,0,5001518
yjbJ_predicted,0.030303030303030304,32,32,TCGCGAGTTAGGCTCTATGC,0,5007012
yjbJ_predicted,0.030303030303030304,32,32,TCATCGCCCGGAACACTTCA,0,5013730
yjbJ_predicted,0.030303030303030304,32,32,TAATTCGCTTTTTGGATGGT,0,5003611
yjbJ_predicted,0.030303030303030304,32,32,GGGTCAATCTATTTTGGAGG,0,5022694
yjbJ_predicted,0.030303030303030304,32,32,GGATTAGGGTCGTACCATTT,0,5025809
yjbJ_predicted,0.030303030303030304,32,32,GCGGACTCATACACTTGGTA,0,4996251
yjbJ_predicted,0.030303030303030304,32,32,GCCGTAGGCGGCATGCTACA,0,5003662
yjbJ_predicted,0.030303030303030304,32,32,GCCCGATCGGGGGACCCATC,0,4998202
yjbJ_predicted,0.030303030303030304,32,32,GAATGGTACAGATTATAGAT,0,5012502
yjbJ_predicted,0.030303030303030304,32,32,CTGTCAGATTAACTTATACG,0,4998013
yjbJ_predicted,0.030303030303030304,32,32,CATTTATTTTACTGGGACGA,0,5015292
yjbJ_predicted,0.030303030303030304,32,32,CATCCCTCCTCAACATACAT,0,5007117
yjbJ_predicted,0.030303030303030304,32,32,CAGATTCATTTTTTGTATGC,0,4999065
yjbJ_predicted,0.030303030303030304,32,32,CAAATGTCGCCGGTACGTCA,0,5018996
yjbJ_predicted,0.030303030303030304,32,32,ATTGGTTCAAGTCTGGTATG,0,5002095
yjbJ_predicted,0.030303030303030304,32,32,ATTGGCTCGATTAACCTATG,0,5009800
yjbJ_predicted,0.030303030303030304,32,32,AGCCACTTGAGGGCTAAGGA,0,5011126
yjbJ_predicted,0.030303030303030304,32,32,AGACGCAGTAAGAATTGTAC,0,5020759
yjbJ_predicted,0.030303030303030304,32,32,ACAGTTAGGACTGCGAGCAT,0,5005854
yjbJ_predicted,0.03125,31,31,TGGCCCTGACATATGGTCAG,0,5023159
yjbJ_predicted,0.03125,31,31,TGCTCCTAGTCATGAGCGCG,0,4996217
yjbJ_predicted,0.03125,31,31,TGCCTGGCGACCAATATGCA,0,5018390
yjbJ_predicted,0.03125,31,31,TCCAGGACTTATGTTTGTAA,0,5023563
yjbJ_predicted,0.03125,31,31,GTGTTGGGAACATAAATTGT,0,5005043
yjbJ_predicted,0.03125,31,31,GTAGCCTGACACCCAAGTCC,0,5010360
yjbJ_predicted,0.03125,31,31,GGTGTGTTCATATAGCTAGG,0,5016901
yjbJ_predicted,0.03125,31,31,GGTCATCCGGGCTTCATAGG,0,5006586
yjbJ_predicted,0.03125,31,31,GGGGTGATTAGCCAGCTGTA,0,4999202
yjbJ_predicted,0.03125,31,31,GAGCTTTTAATAGCTCACAG,0,5002270
yjbJ_predicted,0.03125,31,31,GAGACGCTGCGAGGATACCT,0,5000619
yjbJ_predicted,0.03125,31,31,CTTTATTAACACAACCCGAC,0,5026783
yjbJ_predicted,0.03125,31,31,CTTTACTGGTCAGGCCCAGG,0,5020205
yjbJ_predicted,0.03125,31,31,CTAATGGGTTTAACATGATT,0,4996479
yjbJ_predicted,0.03125,31,31,CGACATGAGGGCTCGGTAGG,0,5003451
yjbJ_predicted,0.03125,31,31,CCTACCCACGCAGGTGCCAT,0,5009114
yjbJ_predicted,0.03125,31,31,ATGACCGCATGCGAGATTAT,0,5011484
yjbJ_predicted,0.03125,31,31,AGTCTGTCCGGCAGCAAGCG,0,5016740
yjbJ_predicted,0.03125,31,31,AGCGTGTGGGTCGAGACCTA,0,4998203
yjbJ_predicted,0.03125,31,31,AGAGTCCAGGTTTAAACGGC,0,5002347
yjbJ_predicted,0.03125,31,31,ACTTCATATCCAGGCAACTA,0,5002675
yjbJ_predicted,0.03125,31,31,AACAGGGGAGACATGTTGCA,0,5007455
yjbJ_predicted,0.03225806451612903,30,30,TTCGTCTTATTGGATATTGT,0,5001950
yjbJ_predicted,0.03225806451612903,30,30,TGTTAATCGGCTAAAGACGG,0,5008874
yjbJ_predicted,0.03225806451612903,30,30,TGGAATGTAGATCATTGACC,0,5014132
yjbJ_predicted,0.03225806451612903,30,30,TGCAGCGAGTCACGATGTCA,0,5000371
yjbJ_predicted,0.03225806451612903,30,30,GTTGGGAATTTCGGAGAACA,0,5022181
yjbJ_predicted,0.03225806451612903,30,30,GTTCAGGTGCCCACTTGAAC,0,5029253
yjbJ_predicted,0.03225806451612903,30,30,GGCGGGACATCATGTGTTTG,0,5005897
yjbJ_predicted,0.03225806451612903,30,30,GGAGGAGCGTATGAGAAACA,0,5027620
yjbJ_predicted,0.03225806451612903,30,30,GCTATGTAGCGGAAGTAGAG,0,5003174
yjbJ_predicted,0.03225806451612903,30,30,GCACGTTGATGCCGGCCGTA,0,5010271
yjbJ_predicted,0.03225806451612903,30,30,GATCTGTGCATGCTGCGCGA,0,5024486
yjbJ_predicted,0.03225806451612903,30,30,GAGAACGCTAGATAAGACCA,0,5015627
yjbJ_predicted,0.03225806451612903,30,30,CGGTTCCGATCCTGGTAAGA,0,5011435
yjbJ_predicted,0.03225806451612903,30,30,CGATTTTCTTATCTCCTAAG,0,5014868
yjbJ_predicted,0.03225806451612903,30,30,CCGGCTCCAGGTGTTAGCCG,0,5022052
yjbJ_predicted,0.03225806451612903,30,30,CCATGGTACTATCCTGCGGG,0,5013197
yjbJ_predicted,0.03225806451612903,30,30,ATTGACGGGAGAAGGGGCTT,0,5030849
yjbJ_predicted,0.03225806451612903,30,30,ATTACCGGGGTTGGTGTTAG,0,5027405
yjbJ_predicted,0.03225806451612903,30,30,ATCACGGACTGAATCGTGAC,0,5020760
yjbJ_predicted,0.03225806451612903,30,30,ATAGGGATATGGGAATGATG,0,5009230
yjbJ_predicted,0.03225806451612903,30,30,AGGTATCCAGGCTCGAGAAT,0,5001800
yjbJ_predicted,0.03225806451612903,30,30,AGGACGCCCGTATTCTTGTG,0,5000819
yjbJ_predicted,0.03225806451612903,30,30,AGCCAATCGCATGGGATCAT,0,5012714
yjbJ_predicted,0.03225806451612903,30,30,AGATCCGTCCGCTTACTGCA,0,5023681
yjbJ_predicted,0.03225806451612903,30,30,AGACGAGCTTAACCGCTGAA,0,5019219
yjbJ_predicted,0.03225806451612903,30,30,ACTGCTGATCGCGGGTCACA,0,5023984
yjbJ_predicted,0.03225806451612903,30,30,ACTCAGAATGAACATCTGCA,0,5024640
yjbJ_predicted,0.03225806451612903,30,30,ACGATTAAGACGAGAGGGCT,0,5011104
yjbJ_predicted,0.03225806451612903,30,30,ACGAGGCCTGGCCCCGCAGG,0,5006334
yjbJ_predicted,0.03225806451612903,30,30,AAAGTAACCTCACATAACCA,0,5019472
yjbJ_predicted,0.03333333333333333,29,29,TTCCCTCTCGTAGAGCCCAA,0,5018822
yjbJ_predicted,0.03333333333333333,29,29,TTAAGGTTATGCCGGAAGCG,0,5006515
yjbJ_predicted,0.03333333333333333,29,29,TCTGTCTCAAAGGATAATTT,0,5010643
yjbJ_predicted,0.03333333333333333,29,29,TCATACGAAGGCAGATAACG,0,5016057
yjbJ_predicted,0.03333333333333333,29,29,TACGATCGTAAGGCTTAGGG,0,4996611
yjbJ_predicted,0.03333333333333333,29,29,TAAATAGCTTTCGCACCGCG,0,5011930
yjbJ_predicted,0.03333333333333333,29,29,GTAAGTAAGGTATGGAATTA,0,5028427
yjbJ_predicted,0.03333333333333333,29,29,GTAACTACGTACAGCTCCGT,0,4999115
yjbJ_predicted,0.03333333333333333,29,29,GGTTAGGCCGTACCGGCGTC,0,5003312
yjbJ_predicted,0.03333333333333333,29,29,GGTCGGGTGAGAAAAATCAG,0,4997990
yjbJ_predicted,0.03333333333333333,29,29,GCAGCTAGGATCCTTTCGTA,0,5008717
yjbJ_predicted,0.03333333333333333,29,29,GATGCGGTACATCCCCGCGG,0,5023180
yjbJ_predicted,0.03333333333333333,29,29,CGTAGCAGTATATCCTCGGG,0,5001437
yjbJ_predicted,0.03333333333333333,29,29,CGTACTTGTTAAGAGAAATC,0,5026315
yjbJ_predicted,0.03333333333333333,29,29,CGGTACGCTCTACGCGCAGC,0,4999023
yjbJ_predicted,0.03333333333333333,29,29,CGCAACTAAAATTGATTCGT,0,5003193
yjbJ_predicted,0.03333333333333333,29,29,CAACGATCTTTGGAGATATA,0,5027785
yjbJ_predicted,0.03333333333333333,29,29,ATTGGGCTCCCAGCTCTCGA,0,5002972
yjbJ_predicted,0.03333333333333333,29,29,ATGAAGAGCAGTACGAGACA,0,5007844
yjbJ_predicted,0.03333333333333333,29,29,AGTGGTCTCAGGATCCGATG,0,5005275
yjbJ_predicted,0.03333333333333333,29,29,AGGAGCACGAGCTAATGCGG,0,4997091
yjbJ_predicted,0.03333333333333333,29,29,ACGGTTAATAGGTCTAAGTC,0,5020148
yjbJ_predicted,0.03333333333333333,29,29,AATTAACAGGTTACATGCTT,0,5013485
yjbJ_predicted,0.03333333333333333,29,29,AACTCGTCAGTCCGCCTGAA,0,5025177
yjbJ_predicted,0.034482758620689655,28,28,TTAGGATTTACGCGCTTCCG,0,5023779
yjbJ_predicted,0.034482758620689655,28,28,TGTCCTTTCTGTGTGCGTTT,0,5010061
yjbJ_predicted,0.034482758620689655,28,28,TGGTAGATCGCAAATGAGGA,0,4997256
yjbJ_predicted,0.034482758620689655,28,28,TGGGGAGTGGAGTCAGCCCG,0,5018650
yjbJ_predicted,0.034482758620689655,28,28,TGATTATGACTTGGCCACAA,0,5003486
yjbJ_predicted,0.034482758620689655,28,28,TCCAGTAATTGGGAGATCGT,0,4998752
yjbJ_predicted,0.034482758620689655,28,28,TAGATCATCGAATATCGTGT,0,5007431
yjbJ_predicted,0.034482758620689655,28,28,TACATTATACTCTCGTCTGC,0,4997385
yjbJ_predicted,0.034482758620689655,28,28,GTGAGACCTCCGTGAATTTC,0,5021864
yjbJ_predicted,0.034482758620689655,28,28,GGTCAGAGCGGAGTTACACG,0,4998181
yjbJ_predicted,0.034482758620689655,28,28,GGGTGCCAGGTGTATTGCAG,0,4998180
yjbJ_predicted,0.034482758620689655,28,28,GGAGGTAAGGGCATAGAGTC,0,5014239
yjbJ_predicted,0.034482758620689655,28,28,GCCGTTGTCAGTGGGCAAAT,0,5019680
yjbJ_predicted,0.034482758620689655,28,28,GCACCCGGAATCGCGTGGAT,0,5016024
yjbJ_predicted,0.034482758620689655,28,28,GAGACGTCGTTCACTGTTAA,0,5019897
yjbJ_predicted,0.034482758620689655,28,28,CTTGGCTGATTGATAGTAGT,0,5029890
yjbJ_predicted,0.034482758620689655,28,28,CTGTAGGTGACTTTGGCCTT,0,5015862
yjbJ_predicted,0.034482758620689655,28,28,CTAGCCCGAACCTGACGCCT,0,4995022
yjbJ_predicted,0.034482758620689655,28,28,CGAACTGGGCTGACATCTGT,0,5004765
yjbJ_predicted,0.034482758620689655,28,28,CCGACGATGCTTGTGCTTAT,0,5005578
yjbJ_predicted,0.034482758620689655,28,28,CATATGGAGGTACGCCACCA,0,5021129
yjbJ_predicted,0.034482758620689655,28,28,ATGTAGGCGCTATGTAGGCA,0,5005250
yjbJ_predicted,0.034482758620689655,28,28,ACTGCGTGGCTCCGGCTTAA,0,5002727
yjbJ_predicted,0.034482758620689655,28,28,ACGTCTTGAGTCTTGTGAGA,0,5005927
yjbJ_predicted,0.034482758620689655,28,28,ACGGTGATAGAGAGTATGTT,0,5024259
yjbJ_predicted,0.034482758620689655,28,28,ACAGAAGGCAGACGCGACCG,0,5021407
yjbJ_predicted,0.034482758620689655,28,28,AATTAGGCCTACCGCCGCGT,0,4997428
yjbJ_predicted,0.034482758620689655,28,28,AATTACTTTGACACTTCTAT,0,5004039
yjbJ_predicted,0.034482758620689655,28,28,AATATATCTAGGCACAGGTA,0,5000949
yjbJ_predicted,0.034482758620689655,28,28,AAATTTATAAATCGGGCAAT,0,5030026
yjbJ_predicted,0.03571428571428571,27,27,TTTGAGGTGATCGGAATTAG,0,4997163
yjbJ_predicted,0.03571428571428571,27,27,TTCATTTCTTACATCGGCAA,0,5031283
yjbJ_predicted,0.03571428571428571,27,27,TGTTCGCCTTTGTCAATTAC,0,5008718
yjbJ_predicted,0.03571428571428571,27,27,TGTCGTGGCTTGCTGACAGA,0,5001865
yjbJ_predicted,0.03571428571428571,27,27,TGGCTATATTCCTTGGATTA,0,5022431
yjbJ_predicted,0.03571428571428571,27,27,TGCGAAGGTTACACATATGT,0,5024470
yjbJ_predicted,0.03571428571428571,27,27,TCCGTGTAGGGAAACTTCTG,0,4998875
yjbJ_predicted,0.03571428571428571,27,27,TCCATACACTCGTAGGTACC,0,5021959
yjbJ_predicted,0.03571428571428571,27,27,TACGCCTAGATCGAATGCAG,0,5001159
yjbJ_predicted,0.03571428571428571,27,27,TAATTACGCAGCCCGCCGGT,0,5024165
yjbJ_predicted,0.03571428571428571,27,27,GTAAACTCGTAAGTCGCAAT,0,5013313
yjbJ_predicted,0.03571428571428571,27,27,GGGTACATTAGCGGATACGC,0,5008260
yjbJ_predicted,0.03571428571428571,27,27,GGCTCTGTGTGTGGCATGTA,0,5030818
yjbJ_predicted,0.03571428571428571,27,27,GCGTGTGACTCAAAGACATA,0,5007561
yjbJ_predicted,0.03571428571428571,27,27,GAGCGAGTGCGAAGAGTAAG,0,5012761
yjbJ_predicted,0.03571428571428571,27,27,GACAAAGGCTTGGATAACTT,0,4994711
yjbJ_predicted,0.03571428571428571,27,27,GAAACCGACCGGATAGAGCA,0,5025862
yjbJ_predicted,0.03571428571428571,27,27,CTGTAGACCGCAGGAAATGT,0,5021605
yjbJ_predicted,0.03571428571428571,27,27,CTCTCATGATGACTATTAAT,0,4998215
yjbJ_predicted,0.03571428571428571,27,27,CTAGGCAAGACTGTCCAACC,0,4996376
yjbJ_predicted,0.03571428571428571,27,27,CGTGTCCCCGTTTTGGAAGA,0,5028933
yjbJ_predicted,0.03571428571428571,27,27,CGGAGACAGTCTCAGCTGCA,0,5018200
yjbJ_predicted,0.03571428571428571,27,27,CGATCGTCGATTGTTCACAC,0,5029314
yjbJ_predicted,0.03571428571428571,27,27,CGACGTCAGTATGGACCTCT,0,5012705
yjbJ_predicted,0.03571428571428571,27,27,CGAATTTAACGACAAGACTG,0,5027447
yjbJ_predicted,0.03571428571428571,27,27,CCCCTCCCTAATAGGGTCTC,0,5021445
yjbJ_predicted,0.03571428571428571,27,27,CAGTATTATTCGCCCTGCCA,0,5009060
yjbJ_predicted,0.03571428571428571,27,27,CAACAGGTTGTTTTATGGTT,0,5014081
yjbJ_predicted,0.03571428571428571,27,27,ATATCTCGAAACACGAGGTC,0,5018383
yjbJ_predicted,0.03571428571428571,27,27,ATAGCTACTGGCACCTGTCG,0,5011489
yjbJ_predicted,0.03571428571428571,27,27,AGTTTACTATATGAGTGCAA,0,5008912
yjbJ_predicted,0.03571428571428571,27,27,AGGAGGATCTCGTAGACTGG,0,4995742
yjbJ_predicted,0.03571428571428571,27,27,ACTTGTGAGCATCAGTGAAC,0,5001231
yjbJ_predicted,0.03571428571428571,27,27,ACGTTCACTACCAAGCAAGG,0,5023714
yjbJ_predicted,0.03571428571428571,27,27,ACGTAGCTTGTGTACTGGGA,0,4998238
yjbJ_predicted,0.03571428571428571,27,27,ACCTAAATCTTCGATTAGAT,0,5009312
yjbJ_predicted,0.03571428571428571,27,27,ACCCGCTTGCCATGATCGCG,0,5018820
yjbJ_predicted,0.03571428571428571,27,27,AATGATTAGTTTAAGTAAAT,0,5003833
yjbJ_predicted,0.03571428571428571,27,27,AATCTGATGGAAGCCTCAGG,0,5027383
yjbJ_predicted,0.03571428571428571,27,27,AACTCCACTACAGTCAAGGA,0,5013271
yjbJ_predicted,0.037037037037037035,26,26,TTGAAAGCCGTAATGGCGCA,0,4996867
yjbJ_predicted,0.037037037037037035,26,26,TTAAGTGTACGATCCGGATC,0,5011329
yjbJ_predicted,0.037037037037037035,26,26,TGTGGACTGATATGTGATGG,0,5010160
yjbJ_predicted,0.037037037037037035,26,26,TGTGAACAGGTCATAAGCAT,0,5025153
yjbJ_predicted,0.037037037037037035,26,26,TGCATTTGATGTGACGTGTG,0,5006577
yjbJ_predicted,0.037037037037037035,26,26,TCTTGCTACTATCGTCAGAG,0,4996456
yjbJ_predicted,0.037037037037037035,26,26,TCTGCGTCAGTCTGGTGATA,0,4995551
yjbJ_predicted,0.037037037037037035,26,26,TCACTTTCTGCCCAAGACGG,0,5018773
yjbJ_predicted,0.037037037037037035,26,26,TACGTTCGCCCGCAACCCTG,0,5027531
yjbJ_predicted,0.037037037037037035,26,26,TAAACCTGGACACCGTCTAC,0,5010701
yjbJ_predicted,0.037037037037037035,26,26,GTGGCTGAATGAAATCAACT,0,5009692
yjbJ_predicted,0.037037037037037035,26,26,GTGCGCAAATACATTAGAGC,0,5003374
yjbJ_predicted,0.037037037037037035,26,26,GGTTGTATGATAACCATGCC,0,4998750
yjbJ_predicted,0.037037037037037035,26,26,GGGTTTTAATAGCGAGTAAG,0,5001734
yjbJ_predicted,0.037037037037037035,26,26,GGGGTACGGGTCCGTCTATG,0,5023816
yjbJ_predicted,0.037037037037037035,26,26,GGGCACCGTGACTCATGCGT,0,5027762
yjbJ_predicted,0.037037037037037035,26,26,GGCGGGTAGAAATGAGTCAG,0,4995205
yjbJ_predicted,0.037037037037037035,26,26,GGCCGCATGGCAATTGCTGT,0,5024105
yjbJ_predicted,0.037037037037037035,26,26,GCGATGGATGCTAGATGGGG,0,5021717
yjbJ_predicted,0.037037037037037035,26,26,GCCTACAGGGAGATTATCCA,0,5025631
yjbJ_predicted,0.037037037037037035,26,26,GAGGACGGCTGCCCAACGGT,0,4996570
yjbJ_predicted,0.037037037037037035,26,26,CTGCTAGATCGTATCCGGTC,0,5019487
yjbJ_predicted,0.037037037037037035,26,26,CGATCTGAGCCAAACTGGCC,0,4998706
yjbJ_predicted,0.037037037037037035,26,26,CGACCTGACGGACTATGGAA,0,5025621
yjbJ_predicted,0.037037037037037035,26,26,CCAAAGTGTTTACAGGAGAT,0,5005865
yjbJ_predicted,0.037037037037037035,26,26,CATTGCCGCTCTCTTAGATC,0,4997384
yjbJ_predicted,0.037037037037037035,26,26,CAGTACGACCCCGCTGTCCA,0,5016020
yjbJ_predicted,0.037037037037037035,26,26,CAGTACCGTCGGTCAGCCTT,0,5005715
yjbJ_predicted,0.037037037037037035,26,26,CAGGAAGGAGTTCGACAAGC,0,5030495
yjbJ_predicted,0.037037037037037035,26,26,ATGGATTGCTTGTCGGTTGT,0,5006820
yjbJ_predicted,0.037037037037037035,26,26,AGTTGACATGCGCCTGGTTG,0,5010584
yjbJ_predicted,0.037037037037037035,26,26,AGATTGCGTGGCAACAGAGC,0,5000970
yjbJ_predicted,0.037037037037037035,26,26,AGACAGGGGCTGGCCAGGCA,0,5000278
yjbJ_predicted,0.037037037037037035,26,26,ACGCCGCTCTTGCTGCTGAC,0,4995003
yjbJ_predicted,0.037037037037037035,26,26,ACGAGGCTACTATACTATCT,0,5003279
yjbJ_predicted,0.037037037037037035,26,26,ACATCCACAGAACTAGCTGG,0,5014720
yjbJ_predicted,0.037037037037037035,26,26,AACGTAAACGACACTTTGTC,0,5006982
yjbJ_predicted,0.037037037037037035,26,26,AACATAGAGTGTGATACCAA,0,5018754
yjbJ_predicted,0.037037037037037035,26,26,AAAGATTTTCCTCTTCGAAG,0,5011604
yjbJ_predicted,0.038461538461538464,25,25,TTTTGGTTCATTCAGCATAT,0,4997114
yjbJ_predicted,0.038461538461538464,25,25,TTGTGACCCAGTGGTAAGCA,0,5005430
yjbJ_predicted,0.038461538461538464,25,25,TTGAAGTCAGTCCTCGTGTT,0,5012700
yjbJ_predicted,0.038461538461538464,25,25,TGTACGGAAAAGTGACTCTA,0,5014233
yjbJ_predicted,0.038461538461538464,25,25,TGTACGACATTAAACCGGGG,0,5023018
yjbJ_predicted,0.038461538461538464,25,25,TGAATTCGGAAGGTGCGATG,0,5027432
yjbJ_predicted,0.038461538461538464,25,25,TCTAAAGTTAAGAAGTTTAT,0,5010918
yjbJ_predicted,0.038461538461538464,25,25,TCGAGGTTTTCGCCGTCCTA,0,5005022
yjbJ_predicted,0.038461538461538464,25,25,TATGCACCGCATGCCAGAAA,0,5001694
yjbJ_predicted,0.038461538461538464,25,25,TATAACATCAGCGACCGCCA,0,5020542
yjbJ_predicted,0.038461538461538464,25,25,TAGGCGGAGGGGGTGTTGGA,0,5029006
yjbJ_predicted,0.038461538461538464,25,25,TAGCGATCTGGATATCCTTT,0,4998246
yjbJ_predicted,0.038461538461538464,25,25,TACTTATTCGCTTGGCCGTA,0,5026700
yjbJ_predicted,0.038461538461538464,25,25,TAAAGTCCGCCTTTGATTCG,0,4998661
yjbJ_predicted,0.038461538461538464,25,25,GTACCAAATAAGCGTCGAAC,0,5003115
yjbJ_predicted,0.038461538461538464,25,25,GGTTTGCCGAATTAGCAGTA,0,4996794
yjbJ_predicted,0.038461538461538464,25,25,GGTATTTCTGCTGGGCTCAC,0,5013422
yjbJ_predicted,0.038461538461538464,25,25,GGGTTCTCTTGACTCTATAG,0,5008396
yjbJ_predicted,0.038461538461538464,25,25,GCGTATTCAACATATGTAAA,0,4999468
yjbJ_predicted,0.038461538461538464,25,25,GCAGCCACCACTTCTATTAT,0,5022703
yjbJ_predicted,0.038461538461538464,25,25,GATACTCTTGCTATCGCAGT,0,5001266
yjbJ_predicted,0.038461538461538464,25,25,GAGTTGCAGCAGCGGGTGGT,0,5027486
yjbJ_predicted,0.038461538461538464,25,25,GAGACTGGGAATGTCGGGCA,0,4994994
yjbJ_predicted,0.038461538461538464,25,25,GAGAACTCGACTTTTCCCAC,0,5007562
yjbJ_predicted,0.038461538461538464,25,25,GAAGGTAAGTGACGCCAGTT,0,4998109
yjbJ_predicted,0.038461538461538464,25,25,CTGTGATGTATATACATTAT,0,5005028
yjbJ_predicted,0.038461538461538464,25,25,CTAACCTTGAAAGTTTCTAC,0,5014977
yjbJ_predicted,0.038461538461538464,25,25,CGTGAACGTTCGCGGGGATA,0,5021732
yjbJ_predicted,0.038461538461538464,25,25,CGGCCTACAGTTCAATAAAA,0,5013986
yjbJ_predicted,0.038461538461538464,25,25,CGATAACGCATGTCTTTTGC,0,5015462
yjbJ_predicted,0.038461538461538464,25,25,CGACAGGACGATTATAGGTT,0,5005392
yjbJ_predicted,0.038461538461538464,25,25,CCTGAAAACCATGGCGGTAA,0,4998606
yjbJ_predicted,0.038461538461538464,25,25,CCCTTGTGCACGCAGGCTCC,0,4997722
yjbJ_predicted,0.038461538461538464,25,25,CCCATTGTACGCAGTGACAC,0,5000782
yjbJ_predicted,0.038461538461538464,25,25,CCACAAACGCTAAGTGGTAT,0,5024192
yjbJ_predicted,0.038461538461538464,25,25,CACGGTTATTAGGTAAAAGA,0,5012439
yjbJ_predicted,0.038461538461538464,25,25,CACATGCGGATACAAGGACA,0,5010254
yjbJ_predicted,0.038461538461538464,25,25,CAAGTGCGGCGCATGATACA,0,4997183
yjbJ_predicted,0.038461538461538464,25,25,ATTCGTCCCTCTAATTATGA,0,5001583
yjbJ_predicted,0.038461538461538464,25,25,ATTAGGTGGTAAATGAAAAA,0,5012728
yjbJ_predicted,0.038461538461538464,25,25,ATGGAACCGCCACCTAATCT,0,5008296
yjbJ_predicted,0.038461538461538464,25,25,ATCAAGGGCTTCAGGGCTTT,0,5018624
yjbJ_predicted,0.038461538461538464,25,25,AGTTGTCATCGATCCCAGAA,0,5026351
yjbJ_predicted,0.038461538461538464,25,25,AGTTGCCCCGATAATGCTGT,0,5007869
yjbJ_predicted,0.038461538461538464,25,25,AGTGGAGGTCGCGGATGGTT,0,5009533
yjbJ_predicted,0.038461538461538464,25,25,AGCGCTTGAAAGCACCAGGC,0,5009563
yjbJ_predicted,0.038461538461538464,25,25,AGACTCAAAACTGTGATTGC,0,5013164
yjbJ_predicted,0.038461538461538464,25,25,AGAAAAGAGGATTTCCCCGT,0,5009516
yjbJ_predicted,0.038461538461538464,25,25,ACCATAGCAGGATAGTGTTC,0,5021242
yjbJ_predicted,0.038461538461538464,25,25,AATAGATCCCTAGCAGTCCA,0,5013119
yjbJ_predicted,0.038461538461538464,25,25,AAGACTAAGCACTTTGACTA,0,5008565
yjbJ_predicted,0.038461538461538464,25,25,AACCGTGGTGGCCAGTTTTG,0,5013029
yjbJ_predicted,0.038461538461538464,25,25,AACCGGGTCTTCAGCAGGAG,0,5022514
yjbJ_predicted,0.04,24,24,TTGTCGCCATTAAGTGTCAT,0,4996714
yjbJ_predicted,0.04,24,24,TTAATGACCTTGTGCCAGAA,0,5014492
yjbJ_predicted,0.04,24,24,TGCTTGAGGTCATACTGTAT,0,5000799
yjbJ_predicted,0.04,24,24,TGCTGCCTAATGGAGCACTA,0,5005776
yjbJ_predicted,0.04,24,24,TGCTCGCGGAAAGCTATGCG,0,5030259
yjbJ_predicted,0.04,24,24,TGAGTACTGAGCTAGAAAAT,0,5002715
yjbJ_predicted,0.04,24,24,TGAGGATCCGAATATGCGTA,0,5025238
yjbJ_predicted,0.04,24,24,TGACCCGACGTGCCATATAG,0,5014925
yjbJ_predicted,0.04,24,24,TCTGCTACCCCTAGTACAAA,0,5030566
yjbJ_predicted,0.04,24,24,TCTCATGGCCTAGGCTCGTC,0,5010274
yjbJ_predicted,0.04,24,24,TCGTCGCTTTATAAGGTGTC,0,5004912
yjbJ_predicted,0.04,24,24,TCATTTGTACACAGTCGAGA,0,5000005
yjbJ_predicted,0.04,24,24,TATAAGCGCGGGTTTTGAGC,0,5010292
yjbJ_predicted,0.04,24,24,TAGTAAAAAGGGGTATACGT,0,5021198
yjbJ_predicted,0.04,24,24,TACGCTACTATCGGAAGGTC,0,5024949
yjbJ_predicted,0.04,24,24,TAATGTACCTCTGGTCGGGC,0,4994964
yjbJ_predicted,0.04,24,24,GTGTTGATACGACTAGGGTC,0,5025613
yjbJ_predicted,0.04,24,24,GTGCGAATCCTGGACACGTG,0,5003845
yjbJ_predicted,0.04,24,24,GTATTGTGCTTGCTCCGTGT,0,5007097
yjbJ_predicted,0.04,24,24,GTAGCCTTGACCAGTATGGT,0,5021172
yjbJ_predicted,0.04,24,24,GTAAGGGATCTAACTGTGCC,0,4996957
yjbJ_predicted,0.04,24,24,GGTATCACGTGCAGAATTTT,0,5001870
yjbJ_predicted,0.04,24,24,GGTACTCCCACAAGTTAAGG,0,5002487
yjbJ_predicted,0.04,24,24,GGCATGCGGGTAGGGTGTTA,0,5023463
yjbJ_predicted,0.04,24,24,GGCACACTAGCAACCGTTAA,0,5014219
yjbJ_predicted,0.04,24,24,GGAGACACTCTCGAGACAGG,0,5006179
yjbJ_predicted,0.04,24,24,GCTTGCTAAGTATGAAACCA,0,5022323
yjbJ_predicted,0.04,24,24,GCTGTATTATTTTCGGGCGA,0,5008839
yjbJ_predicted,0.04,24,24,GATGTGACCACCATCAATTA,0,5006414
yjbJ_predicted,0.04,24,24,GATGCTTAGGAGCACATCTA,0,5002397
yjbJ_predicted,0.04,24,24,GAGAACCGGAGTTAGATAGA,0,5011825
yjbJ_predicted,0.04,24,24,GACATAATAGATTCCGAGTT,0,5027393
yjbJ_predicted,0.04,24,24,GACAGATCGCAGATATTTGT,0,5000618
yjbJ_predicted,0.04,24,24,CTTGGCGTCGCTATAGGCGG,0,5029206
yjbJ_predicted,0.04,24,24,CTTATGATCTTCAAGAGATG,0,5012784
yjbJ_predicted,0.04,24,24,CTGAGCATCCTGGGCTTAGA,0,5012200
yjbJ_predicted,0.04,24,24,CTAGCATCCTTGTCAGGGCT,0,5023511
yjbJ_predicted,0.04,24,24,CTACTAGCATACGTTACACT,0,5001055
yjbJ_predicted,0.04,24,24,CGGGGGTGAGGAGTCTGGTA,0,5009066
yjbJ_predicted,0.04,24,24,CGGGATCTGTGCGGAGGCTC,0,5025784
yjbJ_predicted,0.04,24,24,CGGACATCGAATCAGCTCTA,0,4996154
yjbJ_predicted,0.04,24,24,CGCCTCGTCGCGAGACACAT,0,5023865
yjbJ_predicted,0.04,24,24,CGACCCCTTCGAGCCTTGCT,0,5027434
yjbJ_predicted,0.04,24,24,CCCACATCAGCCTACACGAC,0,5022145
yjbJ_predicted,0.04,24,24,CATTTCTTTGAAACCAGGGT,0,4995723
yjbJ_predicted,0.04,24,24,CAGTACGCCAGTCACTCCGT,0,5010162
yjbJ_predicted,0.04,24,24,CACATCAATGTACTCAGCGC,0,5007304
yjbJ_predicted,0.04,24,24,CACAACTAAATAACCCCTGT,0,5031156
yjbJ_predicted,0.04,24,24,CAATAGTTCTGTGGAGTGTT,0,5003236
yjbJ_predicted,0.04,24,24,AGTTGCCACACTATGGTTCG,0,5009203
yjbJ_predicted,0.04,24,24,AGTGAGAACCGGGCGGAAGG,0,5007213
yjbJ_predicted,0.04,24,24,AGTGACCCCCGTACCGCATA,0,5020470
yjbJ_predicted,0.04,24,24,AGTAGTGCGACAGGGTAAGA,0,5015203
yjbJ_predicted,0.04,24,24,AGGATGGAAAAGTGTTGGTC,0,5008887
yjbJ_predicted,0.04,24,24,AGCGCGATACACGTATCTCT,0,5028044
yjbJ_predicted,0.04,24,24,AGCCACTGTCGGTTAAATGA,0,4996931
yjbJ_predicted,0.04,24,24,AGATACCACTTCACTTAGCA,0,5002631
yjbJ_predicted,0.04,24,24,AGAATCGGCTCGCAAGAGGC,0,4996380
yjbJ_predicted,0.04,24,24,ACCGCCTTAATTAATTAATC,0,5020292
yjbJ_predicted,0.04,24,24,ACCAGGACAGAGCGCTTTCA,0,5025865
yjbJ_predicted,0.04,24,24,ACCACGTTCGCATCAAGGTA,0,5027133
yjbJ_predicted,0.04,24,24,ACAGAATGCTAAGGACCCCC,0,4996107
yjbJ_predicted,0.04,24,24,AAGTTTGGGAAAGGAGCGTG,0,5020461
yjbJ_predicted,0.04,24,24,AAGGATCTTGGACTGACCAC,0,5005254
yjbJ_predicted,0.04,24,24,AAGATCGTTCGGTACGGGAC,0,5011786
yjbJ_predicted,0.041666666666666664,23,23,TTTTTAATAGATCCCGATAT,0,5015580
yjbJ_predicted,0.041666666666666664,23,23,TTTCATCTTCCTTCTGGCGT,0,4997589
yjbJ_predicted,0.041666666666666664,23,23,TTCTAAATATTGGGAATGGT,0,5020764
yjbJ_predicted,0.041666666666666664,23,23,TTCCCTTTGATACCATAAGA,0,4994772
yjbJ_predicted,0.041666666666666664,23,23,TTCCCCATTTGGGGGGTAAA,0,5008764
yjbJ_predicted,0.041666666666666664,23,23,TTCAGGGCCGCGAGTTGTTG,0,5001804
yjbJ_predicted,0.041666666666666664,23,23,TTATAACCCTGTCTAAGCGT,0,5004398
yjbJ_predicted,0.041666666666666664,23,23,TGTGGTACCGAAATTGTGAG,0,4995611
yjbJ_predicted,0.041666666666666664,23,23,TGTAACCGGTTCTGGTTAAA,0,5003647
yjbJ_predicted,0.041666666666666664,23,23,TGCGGTGTCAGAAGATTAAT,0,5027091
yjbJ_predicted,0.041666666666666664,23,23,TGCGAACCGCCCGGACGGCG,0,5028264
yjbJ_predicted,0.041666666666666664,23,23,TGCCTTTACTACGCATGTGA,0,4996313
yjbJ_predicted,0.041666666666666664,23,23,TGCATGACTGGTCAGCATCT,0,4997913
yjbJ_predicted,0.041666666666666664,23,23,TCTCGGGTGAACCGAGTAGT,0,5023407
yjbJ_predicted,0.041666666666666664,23,23,TCTAAGGCCAGCTTTGTTTC,0,5025263
yjbJ_predicted,0.041666666666666664,23,23,TCGGCTCAACTGGGGCGCGA,0,5001656
yjbJ_predicted,0.041666666666666664,23,23,TCACTGTTAGCATCACCCTT,0,5015932
yjbJ_predicted,0.041666666666666664,23,23,TCACTCAACGGTCGTCGTGA,0,5002832
yjbJ_predicted,0.041666666666666664,23,23,TCACCGCTTACGACGCTAGT,0,5027549
yjbJ_predicted,0.041666666666666664,23,23,TATTCTGCGGCCATTATGAC,0,5001168
yjbJ_predicted,0.041666666666666664,23,23,TAGGCAAAATTCAATCCCGG,0,5008357
yjbJ_predicted,0.041666666666666664,23,23,TACACTCCGCTTACCGGTAT,0,5003797
yjbJ_predicted,0.041666666666666664,23,23,TACAACGGGGGATCGGATTT,0,5003450
yjbJ_predicted,0.041666666666666664,23,23,TAATCAACAGGAGTGAAAGG,0,5012182
yjbJ_predicted,0.041666666666666664,23,23,GTTGAACCGTGGAGATTCGA,0,5017095
yjbJ_predicted,0.041666666666666664,23,23,GTCCTGGTCCCCAAAGATTC,0,5019284
yjbJ_predicted,0.041666666666666664,23,23,GTATTATTTCCGGGAGTTGT,0,5016700
yjbJ_predicted,0.041666666666666664,23,23,GTAGTCAATGATCACAGCGT,0,5015204
yjbJ_predicted,0.041666666666666664,23,23,GGTAACACGATCGCTGTTTG,0,5008079
yjbJ_predicted,0.041666666666666664,23,23,GGTAACAAGGCCGGATCGGC,0,5006199
yjbJ_predicted,0.041666666666666664,23,23,GGATAGAGGCAGGGATGCGA,0,5024034
yjbJ_predicted,0.041666666666666664,23,23,GCAAGCTCAATTCCTGAACC,0,5005515
yjbJ_predicted,0.041666666666666664,23,23,GCAAAATAGAGAAGCAGGCC,0,5007141
yjbJ_predicted,0.041666666666666664,23,23,GATAGTTGGATCGTTTTAAT,0,5015794
yjbJ_predicted,0.041666666666666664,23,23,GAGTGATAACGAACACAACT,0,5013389
yjbJ_predicted,0.041666666666666664,23,23,GAGCACGGGCAGCGTTCACT,0,5007277
yjbJ_predicted,0.041666666666666664,23,23,GAATCGACATGCCCCATCAA,0,5019577
yjbJ_predicted,0.041666666666666664,23,23,CTGTATCTGGCAAGCAAAAA,0,5010838
yjbJ_predicted,0.041666666666666664,23,23,CTCGACCGAAAGTGAAAGCA,0,5004648
yjbJ_predicted,0.041666666666666664,23,23,CTCCATTGGTAAGTCTACAG,0,5011656
yjbJ_predicted,0.041666666666666664,23,23,CTCAGTGTGTTCCGGTAGTA,0,5011776
yjbJ_predicted,0.041666666666666664,23,23,CTCAACGACTGCAGGAAATT,0,5002603
yjbJ_predicted,0.041666666666666664,23,23,CTACGAGGGGGGATCTACCT,0,5022405
yjbJ_predicted,0.041666666666666664,23,23,CGGGCCATAAGCATGATCTG,0,4998900
yjbJ_predicted,0.041666666666666664,23,23,CGGCGGAAATCTCGTCTATA,0,5004537
yjbJ_predicted,0.041666666666666664,23,23,CGCGTCTTAAACCTGCAGCC,0,5009147
yjbJ_predicted,0.041666666666666664,23,23,CGCCACCGCATCAAAAGATC,0,5023819
yjbJ_predicted,0.041666666666666664,23,23,CGAGATACAGCACGGGTCGC,0,5017653
yjbJ_predicted,0.041666666666666664,23,23,CGACTCGTCCAAATTTTGGA,0,4996171
yjbJ_predicted,0.041666666666666664,23,23,CCTAAAATCTCTCTACATCC,0,5000959
yjbJ_predicted,0.041666666666666664,23,23,CCGAGGTCTCGATAGGAAAA,0,5025950
yjbJ_predicted,0.041666666666666664,23,23,CCCTAATAGGGTGGATTCAT,0,5010465
yjbJ_predicted,0.041666666666666664,23,23,CAGCCCGAGTTCTCCCTGCT,0,5000325
yjbJ_predicted,0.041666666666666664,23,23,CACCACCGTGAAACCTGGTA,0,5021797
yjbJ_predicted,0.041666666666666664,23,23,ATTATTTAGCTTTCTGTTAA,0,5014463
yjbJ_predicted,0.041666666666666664,23,23,ATTAGGGAAGCACTGTCCAT,0,5009728
yjbJ_predicted,0.041666666666666664,23,23,AGTCGCAATTAACAAAAGCC,0,4998060
yjbJ_predicted,0.041666666666666664,23,23,AGGTAGTGCTCCCGGGTACA,0,5010081
yjbJ_predicted,0.041666666666666664,23,23,AGGGCCGAGGTGTACAATCA,0,5025203
yjbJ_predicted,0.041666666666666664,23,23,AGCTCAGGGTATAAGGCAGA,0,5013611
yjbJ_predicted,0.041666666666666664,23,23,AGATTAGTGTCTCCATGGCC,0,5003921
yjbJ_predicted,0.041666666666666664,23,23,AGAGAGTATACACACGAAAG,0,5025542
yjbJ_predicted,0.041666666666666664,23,23,ACGCGAATAGAATATCCGCG,0,5025760
yjbJ_predicted,0.041666666666666664,23,23,ACAGGTCGAGGGAAGCAGTG,0,5004302
yjbJ_predicted,0.041666666666666664,23,23,ACAGGTCATGGCCGTCTGAT,0,5006746
yjbJ_predicted,0.041666666666666664,23,23,AATCTTAGTTACATTATTAA,0,5002269
yjbJ_predicted,0.041666666666666664,23,23,AAGTGGTAAGAGTGTCAAGC,0,4994905
yjbJ_predicted,0.041666666666666664,23,23,AAGGTGTAGACTGGCTGACT,0,5012320
yjbJ_predicted,0.041666666666666664,23,23,AAGACCGGAGACATCGTGGC,0,5024478
yjbJ_predicted,0.041666666666666664,23,23,AACTTAGAGGCTGGCAAACT,0,5001226
yjbJ_predicted,0.041666666666666664,23,23,AACAGTGACAGATTATGTTG,0,5012704
yjbJ_predicted,0.041666666666666664,23,23,AAATTGGGATAAACCCCAGA,0,5016062
yjbJ_predicted,0.041666666666666664,23,23,AAACTCAGAAGTAGGAACAT,0,5005131
yjbJ_predicted,0.043478260869565216,22,22,TTGTCGTCTTCTAAGATAAT,0,4997599
yjbJ_predicted,0.043478260869565216,22,22,TTGGTGCGATCAAGCACAAG,0,5018426
yjbJ_predicted,0.043478260869565216,22,22,TTGATGGTAAACTAAAGCCG,0,5010699
yjbJ_predicted,0.043478260869565216,22,22,TTCGGAACATCCCCTAACTC,0,5015648
yjbJ_predicted,0.043478260869565216,22,22,TTCCTTTAATTTGGTATTAA,0,5015358
yjbJ_predicted,0.043478260869565216,22,22,TTCCGCGGGGTGGTTAACGT,0,5018120
yjbJ_predicted,0.043478260869565216,22,22,TGTTATTCGTCTCATGGGCT,0,5015630
yjbJ_predicted,0.043478260869565216,22,22,TGATAACTCGGCCCATTTAG,0,4997860
yjbJ_predicted,0.043478260869565216,22,22,TCTTGGGAGTTATCTAGGAT,0,4997083
yjbJ_predicted,0.043478260869565216,22,22,TCTGCTCTATCCGTCGGAAT,0,5026806
yjbJ_predicted,0.043478260869565216,22,22,TCTAGGGGGCTTAAGTCTGG,0,5009629
yjbJ_predicted,0.043478260869565216,22,22,TCATTGACACTCTGTAGCGT,0,5012963
yjbJ_predicted,0.043478260869565216,22,22,TAGGATCGGTTCAGAACTAC,0,5009691
yjbJ_predicted,0.043478260869565216,22,22,TAGATTCTTAATCCATCAGC,0,5006098
yjbJ_predicted,0.043478260869565216,22,22,TACGCCAGGGGGCTTAAGAG,0,4997861
yjbJ_predicted,0.043478260869565216,22,22,TAAAGGAAGCAACCAAGAAG,0,5004886
yjbJ_predicted,0.043478260869565216,22,22,GTTGTCTTAGCTCAATGGGT,0,5022394
yjbJ_predicted,0.043478260869565216,22,22,GTGTTCAAAACAGCAGTTAG,0,5017090
yjbJ_predicted,0.043478260869565216,22,22,GTGTAATGTAATTTGCTCAC,0,5007596
yjbJ_predicted,0.043478260869565216,22,22,GTCTGGGCGCACGCGGGTTT,0,5003664
yjbJ_predicted,0.043478260869565216,22,22,GTAAGGAGGATAAGAGAGAT,0,5022296
yjbJ_predicted,0.043478260869565216,22,22,GGTTGCCACCTGTGCAGACT,0,5003422
yjbJ_predicted,0.043478260869565216,22,22,GGTGCTCCTGTTTGGTGACA,0,5004943
yjbJ_predicted,0.043478260869565216,22,22,GGGGGGGTTCGGGGTTGCTG,0,5014843
yjbJ_predicted,0.043478260869565216,22,22,GGGGCAAATCCTGTGCGGGG,0,5030480
yjbJ_predicted,0.043478260869565216,22,22,GGGCCTTCGTGGTATCTGAC,0,4995768
yjbJ_predicted,0.043478260869565216,22,22,GGGCATCGGAGGCGCAAGGA,0,5001871
yjbJ_predicted,0.043478260869565216,22,22,GGGATATTATTGCGGGGTTT,0,4997429
yjbJ_predicted,0.043478260869565216,22,22,GGGAGATACAGTTCATCGTT,0,4995579
yjbJ_predicted,0.043478260869565216,22,22,GGCATATAAGGGAGCAGCTA,0,5000506
yjbJ_predicted,0.043478260869565216,22,22,GGATCGCTCCGTAAATGGCT,0,5019525
yjbJ_predicted,0.043478260869565216,22,22,GCGTGGTACGCAGTGTGGCA,0,4995373
yjbJ_predicted,0.043478260869565216,22,22,GCGCTAGCTCAATAAACTCA,0,5029022
yjbJ_predicted,0.043478260869565216,22,22,GATTAGGCGTATCTCAACAG,0,5008266
yjbJ_predicted,0.043478260869565216,22,22,GACTCCTTACCAAAAGCTAC,0,5017907
yjbJ_predicted,0.043478260869565216,22,22,GAATCTCTAAACACGGCTTA,0,5007947
yjbJ_predicted,0.043478260869565216,22,22,GAACTGGTCTGTTCCCCGGC,0,5017289
yjbJ_predicted,0.043478260869565216,22,22,CTTGTATATAAAGAGAGGGG,0,5026433
yjbJ_predicted,0.043478260869565216,22,22,CTTATAGGGGATACCTAGGT,0,4995438
yjbJ_predicted,0.043478260869565216,22,22,CTGCGTGGGTAAGCTTTGAG,0,5019555
yjbJ_predicted,0.043478260869565216,22,22,CTGCGTCTGAAGGCATCGAA,0,5017360
yjbJ_predicted,0.043478260869565216,22,22,CTGAAAGATTTGGTACGAAT,0,5007964
yjbJ_predicted,0.043478260869565216,22,22,CTCAGGAATACGATTGGTCA,0,5002459
yjbJ_predicted,0.043478260869565216,22,22,CGTAATTTGGTTAAGTCCAG,0,5022815
yjbJ_predicted,0.043478260869565216,22,22,CGCGTTTCCCGTGGAGGCGT,0,5010419
yjbJ_predicted,0.043478260869565216,22,22,CGCACCATTTCAGTGCGTAT,0,5029095
yjbJ_predicted,0.043478260869565216,22,22,CGAGCTATGCTTAGGTGCAA,0,5010528
yjbJ_predicted,0.043478260869565216,22,22,CGAAAGTCCTAATGGTGAAT,0,5020604
yjbJ_predicted,0.043478260869565216,22,22,CCGGTGAATAGTTGAACTGC,0,5023366
yjbJ_predicted,0.043478260869565216,22,22,CCCCAGTCTTGATGATAAGA,0,4995331
yjbJ_predicted,0.043478260869565216,22,22,CCAGCGCGGAATTTTCCCTT,0,5018861
yjbJ_predicted,0.043478260869565216,22,22,CATCGCCGTGCAAACGTTTT,0,4998020
yjbJ_predicted,0.043478260869565216,22,22,CATCGACAGGGCTGCGTGTT,0,5009693
yjbJ_predicted,0.043478260869565216,22,22,CATAGAATAATTAGTGCGGA,0,5009522
yjbJ_predicted,0.043478260869565216,22,22,CAACGATATGCGCCTCCAGT,0,5029447
yjbJ_predicted,0.043478260869565216,22,22,CAACAACAAAAAATGTTACT,0,5021987
yjbJ_predicted,0.043478260869565216,22,22,ATTTGTGGACTTTCGACGTA,0,5011637
yjbJ_predicted,0.043478260869565216,22,22,ATTTCCGTTTGGGTCGCGGG,0,5028442
yjbJ_predicted,0.043478260869565216,22,22,ATTCTGGTAGTAGATAATGA,0,5006905
yjbJ_predicted,0.043478260869565216,22,22,ATGCTTTCTGGGGTTATACG,0,5008758
yjbJ_predicted,0.043478260869565216,22,22,ATGCGCGAGTGATCTTGTGG,0,5001753
yjbJ_predicted,0.043478260869565216,22,22,ATAGGTAGTGATCAGACTGG,0,4996037
yjbJ_predicted,0.043478260869565216,22,22,AGTGATGCGGACTCTCGCCC,0,5015915
yjbJ_predicted,0.043478260869565216,22,22,AGGTTAGTGCTGGCGGCATG,0,5028183
yjbJ_predicted,0.043478260869565216,22,22,AGATGAGCTAGAAGCTTATA,0,5008465
yjbJ_predicted,0.043478260869565216,22,22,ACGTCCGTTCACGTTCATAT,0,5014262
yjbJ_predicted,0.043478260869565216,22,22,ACGGGATAGGGACGTACAAG,0,5002551
yjbJ_predicted,0.043478260869565216,22,22,ACGCTGCGGATCGATCGCAT,0,5018361
yjbJ_predicted,0.043478260869565216,22,22,ACCGAGATCTCCAGACAGGT,0,5004038
yjbJ_predicted,0.043478260869565216,22,22,ACAGGGCGCAAGACACATAA,0,5027104
yjbJ_predicted,0.043478260869565216,22,22,ACAAAAGGCCGAGTCGCACT,0,4995277
yjbJ_predicted,0.043478260869565216,22,22,AAGTCAATAGGATCGTACTG,0,5019055
yjbJ_predicted,0.043478260869565216,22,22,AAGGAATGCACGTGACTGAG,0,4997387
yjbJ_predicted,0.043478260869565216,22,22,AACTTGTCAGTTTGCCGGCT,0,5025019
yjbJ_predicted,0.045454545454545456,21,21,TTTGTGACCGTTCATTGTCG,0,5029229
yjbJ_predicted,0.045454545454545456,21,21,TTTCGACGAAGGTAGTTTTG,0,5014926
yjbJ_predicted,0.045454545454545456,21,21,TTTCACCGGTGGGCTGCGCT,0,5022995
yjbJ_predicted,0.045454545454545456,21,21,TTGGTTACCGCCGATGATTT,0,5006796
yjbJ_predicted,0.045454545454545456,21,21,TTCCCGACGTCCTTTAAAAG,0,4998054
yjbJ_predicted,0.045454545454545456,21,21,TTCATCTGCCTTCTAAGGCA,0,5014381
yjbJ_predicted,0.045454545454545456,21,21,TGTGTCACAGCCTGCCTAGT,0,5012718
yjbJ_predicted,0.045454545454545456,21,21,TGGGTCTAGCTAACTCCTGT,0,4999313
yjbJ_predicted,0.045454545454545456,21,21,TGGCCGTCGCTCAAATAGTA,0,5002789
yjbJ_predicted,0.045454545454545456,21,21,TGGCCATTGGTTACTTGAGG,0,5000034
yjbJ_predicted,0.045454545454545456,21,21,TGACCTTTGTTTGGGTTCGC,0,5022534
yjbJ_predicted,0.045454545454545456,21,21,TGAAGCACTTGTTTTCGTTG,0,5001313
yjbJ_predicted,0.045454545454545456,21,21,TCGTTGGGTTGTAGGGAAAG,0,4999513
yjbJ_predicted,0.045454545454545456,21,21,TCGCTGGTCCACAGTGTGCA,0,4998104
yjbJ_predicted,0.045454545454545456,21,21,TCGCGAGATATGAAGAATAG,0,5006349
yjbJ_predicted,0.045454545454545456,21,21,TCCTTCCACGTGTCCGACAT,0,5019373
yjbJ_predicted,0.045454545454545456,21,21,TCCTAGTATTTCTCGGCGTA,0,5022166
yjbJ_predicted,0.045454545454545456,21,21,TCATGTATTCTCCTGCATCT,0,4998273
yjbJ_predicted,0.045454545454545456,21,21,TATAAATATCAAACCTCTCA,0,5003512
yjbJ_predicted,0.045454545454545456,21,21,TAGCCTTAATACCGTGCACT,0,5007310
yjbJ_predicted,0.045454545454545456,21,21,TAGAGTATCCCGGGGGGTAT,0,5028131
yjbJ_predicted,0.045454545454545456,21,21,TACTACACACCTCAATTTGG,0,5010824
yjbJ_predicted,0.045454545454545456,21,21,TACACTGCTTGTTGACTGGT,0,5030581
yjbJ_predicted,0.045454545454545456,21,21,GTTTATACGATCCTATCTAC,0,5021871
yjbJ_predicted,0.045454545454545456,21,21,GTTTAAGGCAGAAACAATGG,0,5006852
yjbJ_predicted,0.045454545454545456,21,21,GTGTACGGGCAATGGCATCC,0,4995494
yjbJ_predicted,0.045454545454545456,21,21,GTGAACCTTGTTTGGTGACT,0,4996893
yjbJ_predicted,0.045454545454545456,21,21,GTCTCGACATGGAAATTATC,0,5028254
yjbJ_predicted,0.045454545454545456,21,21,GTACTCGGGACGGCCCTAGT,0,5026881
yjbJ_predicted,0.045454545454545456,21,21,GTAAAACTTTTTCCATAGGG,0,4999806
yjbJ_predicted,0.045454545454545456,21,21,GGTCTGATCGTTAAAAATGG,0,5015931
yjbJ_predicted,0.045454545454545456,21,21,GGTACCCACAAACCCCCGTG,0,5020975
yjbJ_predicted,0.045454545454545456,21,21,GGGGAGTAACGGACTGGTGA,0,5007900
yjbJ_predicted,0.045454545454545456,21,21,GGGCGCTTTCCGGCGTTCGG,0,5014290
yjbJ_predicted,0.045454545454545456,21,21,GGGAATAAGCCCGGTGACAT,0,5008750
yjbJ_predicted,0.045454545454545456,21,21,GGCACAAATCTTCGCGGAGG,0,4996230
yjbJ_predicted,0.045454545454545456,21,21,GATGTTCGCAAACCTGATAA,0,4996072
yjbJ_predicted,0.045454545454545456,21,21,GATCCGCGTGGACTGACGAA,0,5014225
yjbJ_predicted,0.045454545454545456,21,21,GAGGCGTAAAAGGTGGGCCG,0,5004361
yjbJ_predicted,0.045454545454545456,21,21,GACCAATTACGTGTTGAGTC,0,5020378
yjbJ_predicted,0.045454545454545456,21,21,GAAGGTCTGAAAAGGCCTTG,0,5009778
yjbJ_predicted,0.045454545454545456,21,21,CTTTAGCCATGGCCTATCGT,0,5019727
yjbJ_predicted,0.045454545454545456,21,21,CTGCTGCGGCTCGGCAGCAG,0,5014033
yjbJ_predicted,0.045454545454545456,21,21,CTGCGGGAGACTCAACCATA,0,5013088
yjbJ_predicted,0.045454545454545456,21,21,CTGCCGGAAGAAAGCCCACG,0,5025700
yjbJ_predicted,0.045454545454545456,21,21,CTGACAACGTGATCCCACCT,0,5030341
yjbJ_predicted,0.045454545454545456,21,21,CTCGACGTTTGGTGGGCTAA,0,5012270
yjbJ_predicted,0.045454545454545456,21,21,CTACACTCTTTTTATGGTGT,0,5000505
yjbJ_predicted,0.045454545454545456,21,21,CGTTAAACGTTAGAAACGGA,0,5003455
yjbJ_predicted,0.045454545454545456,21,21,CGTATCCATCCCCGATGAGT,0,5011350
yjbJ_predicted,0.045454545454545456,21,21,CGCTGCCCTCTACAGAGTTT,0,5001310
yjbJ_predicted,0.045454545454545456,21,21,CGACATCGTTAAGCGAAAAG,0,5027299
yjbJ_predicted,0.045454545454545456,21,21,CCTTCGCTTACGTCGCTTAC,0,5012005
yjbJ_predicted,0.045454545454545456,21,21,CCTGGATCGCAGGGCCTCGT,0,5026092
yjbJ_predicted,0.045454545454545456,21,21,CCTAGAAAATAATGATACAT,0,5003373
yjbJ_predicted,0.045454545454545456,21,21,CAAGTTGGTTATGTCGTAAC,0,5010685
yjbJ_predicted,0.045454545454545456,21,21,CAAGGCAACGGAAATTACAG,0,5006263
yjbJ_predicted,0.045454545454545456,21,21,CAAAATACTTTGGAGGGCAT,0,5023562
yjbJ_predicted,0.045454545454545456,21,21,ATTCAGGAAAGTCCCGCCTT,0,5029830
yjbJ_predicted,0.045454545454545456,21,21,ATGTTCTGCCGGTTCTCAAC,0,5000044
yjbJ_predicted,0.045454545454545456,21,21,ATGGAAACCCAAGTCGGATG,0,5029139
yjbJ_predicted,0.045454545454545456,21,21,ATCGAAATCATAGAACGTTG,0,5015186
yjbJ_predicted,0.045454545454545456,21,21,ATCCCGTCACATTCATGATG,0,5023506
yjbJ_predicted,0.045454545454545456,21,21,ATACGTATAACTAATGGTAT,0,5011764
yjbJ_predicted,0.045454545454545456,21,21,ATAACTGACTGATCCTTGTT,0,5015363
yjbJ_predicted,0.045454545454545456,21,21,AGTGTAAGATATTCCGTGGG,0,5020743
yjbJ_predicted,0.045454545454545456,21,21,AGTCTTGAATGGAACAGACT,0,5003010
yjbJ_predicted,0.045454545454545456,21,21,AGAAGCCAGATGGGGGACAT,0,5023566
yjbJ_predicted,0.045454545454545456,21,21,AGAAAGTCTGGTTGGTTATT,0,5019803
yjbJ_predicted,0.045454545454545456,21,21,ACTGGTTAGAGCCCAGGGCT,0,5006106
yjbJ_predicted,0.045454545454545456,21,21,ACGGGCCGGTGGAACGCTTA,0,4995424
yjbJ_predicted,0.045454545454545456,21,21,ACGGCGAATCCTGTGCAAGG,0,5000808
yjbJ_predicted,0.045454545454545456,21,21,ACGCATATCACCAGAGCAAC,0,4998400
yjbJ_predicted,0.045454545454545456,21,21,ACCTGACCGGCGATGTGCTC,0,5029908
yjbJ_predicted,0.045454545454545456,21,21,ACACGTATGGCAGCTTCGCG,0,5012286
yjbJ_predicted,0.045454545454545456,21,21,AATACATCGCACAACGGTTT,0,5011989
yjbJ_predicted,0.045454545454545456,21,21,AAGTATGAGGATAAACGGGA,0,5004662
yjbJ_predicted,0.045454545454545456,21,21,AAGGCTGAGGTACGTTGCCT,0,4998800
yjbJ_predicted,0.045454545454545456,21,21,AAATGCCAGGGACCAGCGGA,0,5004209
yjbJ_predicted,0.045454545454545456,21,21,AAAGCTCTGCACAAACTGCA,0,5011300
yjbJ_predicted,0.045454545454545456,21,21,AAAGATGCCGGGTTGTGTAA,0,5003197
yjbJ_predicted,0.045454545454545456,21,21,AAACAACGGTGCGACTCCAA,0,5015757
yjbJ_predicted,0.047619047619047616,20,20,TTGGTTGAAAAGGGCGTTTA,0,5016242
yjbJ_predicted,0.047619047619047616,20,20,TTCTTTGAAATGTAAGTGGG,0,4995540
yjbJ_predicted,0.047619047619047616,20,20,TTATGTATATCCACTTTTTA,0,5016949
yjbJ_predicted,0.047619047619047616,20,20,TTATGGATCTACGTAAAATA,0,5000248
yjbJ_predicted,0.047619047619047616,20,20,TGTGATTCTGATGCCAGTGT,0,4998887
yjbJ_predicted,0.047619047619047616,20,20,TGTCAGGAGGGGTCGGCCTC,0,5018687
yjbJ_predicted,0.047619047619047616,20,20,TGGTTCTGCCATGGAAATTG,0,5011904
yjbJ_predicted,0.047619047619047616,20,20,TGGTAAAACTGGGAAAACAT,0,5025951
yjbJ_predicted,0.047619047619047616,20,20,TGGATTTCTGGCCCATCCAA,0,5005621
yjbJ_predicted,0.047619047619047616,20,20,TGCGAGCCTTAATATGAAGC,0,5006763
yjbJ_predicted,0.047619047619047616,20,20,TGCGACCATGATCGGCTAGT,0,5005620
yjbJ_predicted,0.047619047619047616,20,20,TGCCGAAAGAGTCAAAAATC,0,5000535
yjbJ_predicted,0.047619047619047616,20,20,TGCATGGGCTGTCGAACGAA,0,5008752
yjbJ_predicted,0.047619047619047616,20,20,TGAGCTATTTTCCCCCCTGT,0,4996685
yjbJ_predicted,0.047619047619047616,20,20,TCGGAGTCTAATCAAACTCA,0,5005522
yjbJ_predicted,0.047619047619047616,20,20,TCGCTGAGAAGCTACATCAG,0,5027035
yjbJ_predicted,0.047619047619047616,20,20,TCGATCAGCGCATTACTTCT,0,5022989
yjbJ_predicted,0.047619047619047616,20,20,TCGATACGGTTCGGTTGAGG,0,4999788
yjbJ_predicted,0.047619047619047616,20,20,TCCGGCTCCGGGATTCACTA,0,5014312
yjbJ_predicted,0.047619047619047616,20,20,TCCAGGGATCTCATGAATAA,0,5014847
yjbJ_predicted,0.047619047619047616,20,20,TCCAATACATGTGCCAGGTC,0,5020645
yjbJ_predicted,0.047619047619047616,20,20,TCATCTCAGAAGCATGGGCA,0,4998707
yjbJ_predicted,0.047619047619047616,20,20,TATGCACGTATTGACCAGAG,0,5028640
yjbJ_predicted,0.047619047619047616,20,20,TATCATGGTGTGCCGTCACC,0,4999057
yjbJ_predicted,0.047619047619047616,20,20,TATAAGGGTGTAATCTACAA,0,5020506
yjbJ_predicted,0.047619047619047616,20,20,TACGCTTGCAGCTTTTCAGG,0,5022196
yjbJ_predicted,0.047619047619047616,20,20,TACCCAGGCGACTGAAATGC,0,4995428
yjbJ_predicted,0.047619047619047616,20,20,TACAGATCTACATTCTCCAT,0,5001496
yjbJ_predicted,0.047619047619047616,20,20,TACAAACAGCATGTTCTATT,0,5008261
yjbJ_predicted,0.047619047619047616,20,20,TAACTGGCGGGGGGCCTGGT,0,5016298
yjbJ_predicted,0.047619047619047616,20,20,GTTGCTAGAGGTAAGGTAAG,0,5019431
yjbJ_predicted,0.047619047619047616,20,20,GTGTATTTCGTCGCTCGATC,0,5000214
yjbJ_predicted,0.047619047619047616,20,20,GTATTGTCCCACCCAGCTAA,0,5017432
yjbJ_predicted,0.047619047619047616,20,20,GTACAACTAAACCCCACGTT,0,5025358
yjbJ_predicted,0.047619047619047616,20,20,GTAATGAATGTGCGGAGTGC,0,5004505
yjbJ_predicted,0.047619047619047616,20,20,GGTTGAACTAGAACTGAGCA,0,5007379
yjbJ_predicted,0.047619047619047616,20,20,GGGTAGCGTTTCTCCGTATT,0,5009358
yjbJ_predicted,0.047619047619047616,20,20,GGATACACTATTTCACTCGT,0,5010727
yjbJ_predicted,0.047619047619047616,20,20,GCTTATACTCGAATTGACAG,0,5021307
yjbJ_predicted,0.047619047619047616,20,20,GATTTGGGTTTAGGGCAATA,0,5012265
yjbJ_predicted,0.047619047619047616,20,20,GATCCCTGTCTGTTTCGCTG,0,5001841
yjbJ_predicted,0.047619047619047616,20,20,GAGTGAACCTTGCGCTGACG,0,5009365
yjbJ_predicted,0.047619047619047616,20,20,GAGCCGCACAATCTGCTGCG,0,5000355
yjbJ_predicted,0.047619047619047616,20,20,GAGCACATCAGAGCGGTCAA,0,5020754
yjbJ_predicted,0.047619047619047616,20,20,GACCAGCCAAAGATCGCGAA,0,5005675
yjbJ_predicted,0.047619047619047616,20,20,CTTGCGACCTTAGCTCCCCT,0,5021534
yjbJ_predicted,0.047619047619047616,20,20,CTTCTGAAGGGCTCTTTATA,0,5013866
yjbJ_predicted,0.047619047619047616,20,20,CTTACCCCGTAGCATCATTA,0,5004947
yjbJ_predicted,0.047619047619047616,20,20,CTGAATGATCTATTGACAGT,0,5026229
yjbJ_predicted,0.047619047619047616,20,20,CTCCGATGACTACTTGTAGT,0,5029275
yjbJ_predicted,0.047619047619047616,20,20,CTATGCGTTGACGAGTAGGA,0,4995195
yjbJ_predicted,0.047619047619047616,20,20,CTACTTAAACGCAATGAGAT,0,5005457
yjbJ_predicted,0.047619047619047616,20,20,CGTTAAGAAAAATCGTCAGA,0,5026542
yjbJ_predicted,0.047619047619047616,20,20,CGTGAAGTGTGCCCCTGTCA,0,5002365
yjbJ_predicted,0.047619047619047616,20,20,CGGGTTTCATACCGGGGGAT,0,5010364
yjbJ_predicted,0.047619047619047616,20,20,CGGAGCTCCATTGAGTATTG,0,5012362
yjbJ_predicted,0.047619047619047616,20,20,CGCTGACAGGTAACAAATGA,0,5020731
yjbJ_predicted,0.047619047619047616,20,20,CCTCACTCAGCGTGTTGAGC,0,5006448
yjbJ_predicted,0.047619047619047616,20,20,CCGTTCATGTCGGGATTATG,0,4999929
yjbJ_predicted,0.047619047619047616,20,20,CCGGCTTCATGTGGAAGTAG,0,5018593
yjbJ_predicted,0.047619047619047616,20,20,CCGGAACGCATTTAACTTAT,0,5018002
yjbJ_predicted,0.047619047619047616,20,20,CCGACGGGCTATACGGCAAA,0,5015674
yjbJ_predicted,0.047619047619047616,20,20,CCGAAGGCGTAATGTGCCGA,0,5011503
yjbJ_predicted,0.047619047619047616,20,20,CCCTTTAAGGTCGTTAATAG,0,5029628
yjbJ_predicted,0.047619047619047616,20,20,CCCAGTGGGAACAAAACAGC,0,5000595
yjbJ_predicted,0.047619047619047616,20,20,CCATTAACTTAGCCGCGCAT,0,5013788
yjbJ_predicted,0.047619047619047616,20,20,CCAACACCGGCATATGGCGG,0,4996043
yjbJ_predicted,0.047619047619047616,20,20,CATGAGATTAACCGCAGTGA,0,5021932
yjbJ_predicted,0.047619047619047616,20,20,CATAACTCCTCCGGTCATAT,0,5008638
yjbJ_predicted,0.047619047619047616,20,20,CAGTGAATCGTTAATCGCGT,0,5005953
yjbJ_predicted,0.047619047619047616,20,20,CACGTAGGCTCTTATGCACG,0,5008072
yjbJ_predicted,0.047619047619047616,20,20,CACAGAGGCTCGTGCTAGGA,0,5027807
yjbJ_predicted,0.047619047619047616,20,20,CAAGGAGTGGGCGGGGCGAG,0,5011987
yjbJ_predicted,0.047619047619047616,20,20,ATTCCGTTATATACGATCCA,0,4999353
yjbJ_predicted,0.047619047619047616,20,20,ATTATCTCGTAGCCCGACTT,0,5002662
yjbJ_predicted,0.047619047619047616,20,20,ATGTACATAGAATCAGTGAT,0,5012269
yjbJ_predicted,0.047619047619047616,20,20,ATGTAACATACCTCAGATGC,0,5014234
yjbJ_predicted,0.047619047619047616,20,20,ATAGCGCACGGATCAATGTG,0,5008452
yjbJ_predicted,0.047619047619047616,20,20,AGTTGGTCCCGCGGCCAGTT,0,5006575
yjbJ_predicted,0.047619047619047616,20,20,AGGTACCTCAGGACGGTAAA,0,5010836
yjbJ_predicted,0.047619047619047616,20,20,AGGCGGGTGAATAGGTAGCA,0,5018751
yjbJ_predicted,0.047619047619047616,20,20,AGCTACCAATCAAGTAGACT,0,5018595
yjbJ_predicted,0.047619047619047616,20,20,AGCGGGTTCGTCATTTTCAA,0,5013676
yjbJ_predicted,0.047619047619047616,20,20,AGCACGTATGCGATCGTAAA,0,5002906
yjbJ_predicted,0.047619047619047616,20,20,AGATGTCGATTACATGAGTC,0,5007018
yjbJ_predicted,0.047619047619047616,20,20,AGACGGTCGAACCCGATCGT,0,5019248
yjbJ_predicted,0.047619047619047616,20,20,ACTTAAATTCCTGAAGGGAA,0,4997586
yjbJ_predicted,0.047619047619047616,20,20,ACGGACGTGATAGGACGCTT,0,5011173
yjbJ_predicted,0.047619047619047616,20,20,ACGCGTATATGATGAAAACG,0,5006643
yjbJ_predicted,0.047619047619047616,20,20,ACATTAAGTGTACAGCTACT,0,4998206
yjbJ_predicted,0.047619047619047616,20,20,ACATAGGCCCAGAAAGGTAG,0,5031147
yjbJ_predicted,0.047619047619047616,20,20,ACACGGCAGTGTAACCGTTG,0,5022019
yjbJ_predicted,0.047619047619047616,20,20,AATTTAGGGTCGTTTCGCAT,0,5028170
yjbJ_predicted,0.047619047619047616,20,20,AATTGGTGTAGTTCCTGCGC,0,5017619
yjbJ_predicted,0.047619047619047616,20,20,AATCGGCTCTTCTGCACTCG,0,5013220
yjbJ_predicted,0.047619047619047616,20,20,AATACGATGCTCATAGGCTA,0,5017798
yjbJ_predicted,0.047619047619047616,20,20,AAGTGGGATCCAATCGTCCC,0,5029361
yjbJ_predicted,0.047619047619047616,20,20,AAGGTAATTTTACAATTGTG,0,5017423
yjbJ_predicted,0.047619047619047616,20,20,AACTACCTCTAACGCAGGAC,0,5002311
yjbJ_predicted,0.047619047619047616,20,20,AAATACCAATGGACTACAAC,0,5012822
yjbJ_predicted,0.047619047619047616,20,20,AAACGTATTCGGGCAGGGGT,0,5027520
yjbJ_predicted,0.05,19,19,TTTAATAGGCTCTCGAGGGC,0,5014722
yjbJ_predicted,0.05,19,19,TTGTCAGGGGACCACAGACT,0,5010956
yjbJ_predicted,0.05,19,19,TTGGAAAGCAGATACGTTTA,0,5014818
yjbJ_predicted,0.05,19,19,TTGCACCTTCAAGATTCTGA,0,5018345
yjbJ_predicted,0.05,19,19,TTGAATGCAAGCGGTAAGCT,0,5005780
yjbJ_predicted,0.05,19,19,TTCGCCGTTACCAAATTTAA,0,5012866
yjbJ_predicted,0.05,19,19,TTATAGGATTGGAAAGCCCA,0,5002854
yjbJ_predicted,0.05,19,19,TTAACTGGAGGACAGAATAG,0,5022609
yjbJ_predicted,0.05,19,19,TGTTGAAATTATTATTATAG,0,5012762
yjbJ_predicted,0.05,19,19,TGTCCGACCCTCTAGTCTCA,0,4999504
yjbJ_predicted,0.05,19,19,TGGTTTGGTGCTACAAGCCT,0,5022884
yjbJ_predicted,0.05,19,19,TGGGCTTCTTGGGTTGTCCA,0,4997812
yjbJ_predicted,0.05,19,19,TGCTCTCATCTTCGGTTCGG,0,5026649
yjbJ_predicted,0.05,19,19,TGCTATTCATGGCAACCTTC,0,5005772
yjbJ_predicted,0.05,19,19,TCTCCGATAGTCAGCAGACA,0,5013375
yjbJ_predicted,0.05,19,19,TCTAACATGGATGCGGAAAG,0,5018050
yjbJ_predicted,0.05,19,19,TCCAAGTAAATTCAGCAGTG,0,5017291
yjbJ_predicted,0.05,19,19,TATGGAGACATGGACTCAAC,0,5021821
yjbJ_predicted,0.05,19,19,TATACGCTATGGGTACCTAA,0,4997760
yjbJ_predicted,0.05,19,19,TAGGTTGTAGCCCCAAACCC,0,5007226
yjbJ_predicted,0.05,19,19,TACTCGCAACTCATTCTTCG,0,5002890
yjbJ_predicted,0.05,19,19,TACCGGGCAGAAACTTAGTG,0,5024795
yjbJ_predicted,0.05,19,19,TACAGTTAAATGGTGTCGAA,0,4998457
yjbJ_predicted,0.05,19,19,TAAGTGTCATTGGAAGGTAG,0,5003853
yjbJ_predicted,0.05,19,19,TAAGGTGCTTCAGGGAAATT,0,5029541
yjbJ_predicted,0.05,19,19,TAAATCTCATCGGGGGGTAT,0,5028372
yjbJ_predicted,0.05,19,19,TAAACAACTCCAGTCCGGGT,0,5026731
yjbJ_predicted,0.05,19,19,TAAAATATCGGACGGCCGCC,0,5016023
yjbJ_predicted,0.05,19,19,GTTTCCAGCCGTGGGGTCGC,0,5030294
yjbJ_predicted,0.05,19,19,GTCTGGCGTCGGATATGGGG,0,5009127
yjbJ_predicted,0.05,19,19,GTCCTTGGTCTAGCAATAAT,0,5026291
yjbJ_predicted,0.05,19,19,GTCATTTGGCCTAGAATTCT,0,5013920
yjbJ_predicted,0.05,19,19,GTAGTCCGTTATGTTCAAGT,0,5008957
yjbJ_predicted,0.05,19,19,GTAATGGCCGTGAGATAAGG,0,4998208
yjbJ_predicted,0.05,19,19,GGTACGACGCTGATTGTAGT,0,5005983
yjbJ_predicted,0.05,19,19,GGGTGATAGTAACGGTCCAA,0,4995772
yjbJ_predicted,0.05,19,19,GGGTCGTATACATTGCCTTG,0,5026650
yjbJ_predicted,0.05,19,19,GGGGTTCATTAGCCGCACAC,0,5024233
yjbJ_predicted,0.05,19,19,GGGCTTCACTCTCCAGACGA,0,5025179
yjbJ_predicted,0.05,19,19,GGGATGGGCACGTTAGCGTG,0,4999662
yjbJ_predicted,0.05,19,19,GGCGTCTTGAGCTACTAGGC,0,5015435
yjbJ_predicted,0.05,19,19,GGCAGAAATGCGGTTGTATG,0,5002012
yjbJ_predicted,0.05,19,19,GGATTCCGCGGCTTCGAGCA,0,5009360
yjbJ_predicted,0.05,19,19,GGATCGCGCAGCAGAAATCT,0,5015910
yjbJ_predicted,0.05,19,19,GGATAAGGATTAAGAAACGG,0,5000842
yjbJ_predicted,0.05,19,19,GGAGCAGGGCGTTGAAACAT,0,5007111
yjbJ_predicted,0.05,19,19,GCTGGCACATACGAGTGCTT,0,5008919
yjbJ_predicted,0.05,19,19,GCTAGGTATAGCGGGTCCGG,0,5024369
yjbJ_predicted,0.05,19,19,GCGTTATTGGAGCGAATTAG,0,5027639
yjbJ_predicted,0.05,19,19,GCGTGGAACCCGGCGATAGG,0,5003573
yjbJ_predicted,0.05,19,19,GCCGCAGGTTACGGGATCGA,0,4996218
yjbJ_predicted,0.05,19,19,GCCGACTTTCGCAGGGGGCT,0,5003210
yjbJ_predicted,0.05,19,19,GACTAAAATAGACTTGGGAA,0,5030679
yjbJ_predicted,0.05,19,19,GACGCCGAAGCGCTTGACAA,0,5009955
yjbJ_predicted,0.05,19,19,GAATAACGACAGCTCCATTC,0,4997917
yjbJ_predicted,0.05,19,19,GAACAATACATCGACTTCAC,0,5017676
yjbJ_predicted,0.05,19,19,CTTGAGATGCTGCAAGTGAA,0,4998794
yjbJ_predicted,0.05,19,19,CGTTCGGCTCTTGCTACTTC,0,4996015
yjbJ_predicted,0.05,19,19,CGCTGGTATCGTGGTAATTG,0,5023266
yjbJ_predicted,0.05,19,19,CGATTAACGGTCTGAACTAT,0,4998675
yjbJ_predicted,0.05,19,19,CCTTCGGCGATACACTCGAG,0,5030352
yjbJ_predicted,0.05,19,19,CCTTATAACATGGTATTCGT,0,5016209
yjbJ_predicted,0.05,19,19,CCTCCTCGCCCCAAGGCCGT,0,5022485
yjbJ_predicted,0.05,19,19,CCTAACTTCTACCAGGATAA,0,5015926
yjbJ_predicted,0.05,19,19,CATTTTGTCACATCAAAAAC,0,4997243
yjbJ_predicted,0.05,19,19,CATTCTCGACGGACTTGTGC,0,5013226
yjbJ_predicted,0.05,19,19,CATGAGATATTTCACGATAT,0,5028202
yjbJ_predicted,0.05,19,19,CAGTTCACTCAAGACCGTAA,0,5010251
yjbJ_predicted,0.05,19,19,CAGGAACAAGCTAGAGATGT,0,5023839
yjbJ_predicted,0.05,19,19,CACGGCGCCGACACCCGATC,0,5026998
yjbJ_predicted,0.05,19,19,CACGCACGGGACTTTCTGGT,0,5001091
yjbJ_predicted,0.05,19,19,CAATGGGTTTCGGATGACTA,0,5009969
yjbJ_predicted,0.05,19,19,CAATACTTAGCACAGCGTTT,0,5004299
yjbJ_predicted,0.05,19,19,CAACCCGAAAGTGATTACGG,0,4999083
yjbJ_predicted,0.05,19,19,CAACCACGTAGTTATCTCCT,0,4997950
yjbJ_predicted,0.05,19,19,CAAAACTCCCGCGACAAACA,0,5001758
yjbJ_predicted,0.05,19,19,ATTCCTAAATGTGCTCTTCC,0,4999004
yjbJ_predicted,0.05,19,19,ATTAAGCGAGCTTCACAATC,0,5016694
yjbJ_predicted,0.05,19,19,ATGCGCTGGACGTCTCCATG,0,4999374
yjbJ_predicted,0.05,19,19,ATGCAAGGTAAAACCGCATT,0,5007149
yjbJ_predicted,0.05,19,19,ATCTTGTTATGTCTGGCCAG,0,5028755
yjbJ_predicted,0.05,19,19,ATCTTCTAATGGGAATGGCA,0,5019309
yjbJ_predicted,0.05,19,19,ATCGATAGGCTGGGGTTCAC,0,5022942
yjbJ_predicted,0.05,19,19,ATAGGCTTACTCTAACTTAT,0,5011044
yjbJ_predicted,0.05,19,19,ATACTTTAAGCGGTGGTTTT,0,4999507
yjbJ_predicted,0.05,19,19,AGTTCACCGGGGAGGGTCAT,0,4996624
yjbJ_predicted,0.05,19,19,AGTGTCAGGCACGTACGAAT,0,4997416
yjbJ_predicted,0.05,19,19,AGTGACCCAGTCTTGGGGGA,0,5012259
yjbJ_predicted,0.05,19,19,AGGAGCCATAGTAATGTTTG,0,5022306
yjbJ_predicted,0.05,19,19,AGGACGCACTACAATATCGC,0,5005119
yjbJ_predicted,0.05,19,19,AGCTATGTCTCGACGTAAAT,0,5017130
yjbJ_predicted,0.05,19,19,AGCGACGCCTGAGGTCATGC,0,5022689
yjbJ_predicted,0.05,19,19,AGACATGACCGTAGCCTTGA,0,5005834
yjbJ_predicted,0.05,19,19,AGACAGTCCCCGCCAAGTAA,0,5014370
yjbJ_predicted,0.05,19,19,AGAAGTGTTGGTCCGAGTTG,0,5000239
yjbJ_predicted,0.05,19,19,ACTTTTTTTTGGACGTCTCA,0,4995591
yjbJ_predicted,0.05,19,19,ACTGAGGTGAAAGATGTAAG,0,5018596
yjbJ_predicted,0.05,19,19,ACTCTAAGTTAATGAAACTG,0,5001315
yjbJ_predicted,0.05,19,19,ACTAGGTGCTTACGTTGGAT,0,5007995
yjbJ_predicted,0.05,19,19,ACGATACCAGGCTTTAAAGC,0,5011103
yjbJ_predicted,0.05,19,19,ACCTGATTACGTCTCAGATT,0,5006170
yjbJ_predicted,0.05,19,19,ACCTACGCAGACATGGGCGC,0,5004817
yjbJ_predicted,0.05,19,19,ACCCATGGGCTGTATTTTCT,0,5001242
yjbJ_predicted,0.05,19,19,ACATGTGGGGTATGGAAGAT,0,5022630
yjbJ_predicted,0.05,19,19,ACACCAGCTGAATCCGCCTA,0,5011985
yjbJ_predicted,0.05,19,19,ACACAGGACTTCGGGCAGGT,0,4994696
yjbJ_predicted,0.05,19,19,AATTCTCTATGGACCTGGGT,0,5023751
yjbJ_predicted,0.05,19,19,AATATCTGGCGATAGATGCA,0,5006091
yjbJ_predicted,0.05,19,19,AATAGTTGGAACTGTTTCAC,0,5002208
yjbJ_predicted,0.05,19,19,AAGTTGACATTTTGCTAAGA,0,5021199
yjbJ_predicted,0.05,19,19,AAGGGAACTGAAATCTTGGT,0,5017825
yjbJ_predicted,0.05,19,19,AACTCAGGAAGTATAACTCT,0,5019370
yjbJ_predicted,0.05,19,19,AACGGGTAAATCAGGCTTTA,0,5017508
yjbJ_predicted,0.05,19,19,AACCGTTAGGACCGAACATT,0,5027053
yjbJ_predicted,0.05,19,19,AAAGGCTTTTCTCTCGGATA,0,5020897
yjbJ_predicted,0.05,19,19,AAAGAGCAGCGCAGTGGGCC,0,5010624
yjbJ_predicted,0.05,19,19,AAAAGAATCCAGGATGTAGA,0,5005407
yjbJ_predicted,0.05,19,19,AAAACATGAACGTCCCGCTT,0,5005911
yjbJ_predicted,0.05,19,19,AAAACACACGTGATAGACAA,0,5011734
yjbJ_predicted,0.05263157894736842,18,18,TTTTTGGAGTACTACGAGCT,0,5023320
yjbJ_predicted,0.05263157894736842,18,18,TTTTGACCAGGAACCCGGAT,0,5031108
yjbJ_predicted,0.05263157894736842,18,18,TTTCAGCCGGTATTAAGTGT,0,5018206
yjbJ_predicted,0.05263157894736842,18,18,TTTATGATTGAATAAGCCAC,0,5027499
yjbJ_predicted,0.05263157894736842,18,18,TTGTGTTGATGCACCTAAAG,0,5018183
yjbJ_predicted,0.05263157894736842,18,18,TTGCCGCTCATAGAATCTCA,0,5020238
yjbJ_predicted,0.05263157894736842,18,18,TTGAGTTCCGTAAAGAGGAT,0,5018088
yjbJ_predicted,0.05263157894736842,18,18,TTCTGCATTCACATAGGGAA,0,5010108
yjbJ_predicted,0.05263157894736842,18,18,TTAGGACCAAATCGACGTTC,0,5018031
yjbJ_predicted,0.05263157894736842,18,18,TTAGCCATCATGCACCTGGA,0,5028760
yjbJ_predicted,0.05263157894736842,18,18,TTAATGTGCGTTCCAGGGTA,0,5019641
yjbJ_predicted,0.05263157894736842,18,18,TTAAGATCGTCAGTCGAAGT,0,5029877
yjbJ_predicted,0.05263157894736842,18,18,TGTTTAATTATGGGCGTTAG,0,5021141
yjbJ_predicted,0.05263157894736842,18,18,TGTTGCTCTCCCCCGAATGC,0,4996851
yjbJ_predicted,0.05263157894736842,18,18,TGTTCCGCGCCTTCCCTCCG,0,5024352
yjbJ_predicted,0.05263157894736842,18,18,TGTATACGCGATTTATAGCA,0,5011352
yjbJ_predicted,0.05263157894736842,18,18,TGGCATGATGTCTGAGGTCA,0,5030678
yjbJ_predicted,0.05263157894736842,18,18,TGCTACGATATTCTCCCGAC,0,5007796
yjbJ_predicted,0.05263157894736842,18,18,TGCCCGCGAGGGAGCTTAAT,0,5002348
yjbJ_predicted,0.05263157894736842,18,18,TGCATGGGATCAGATTGCGG,0,5012396
yjbJ_predicted,0.05263157894736842,18,18,TGAGGCCTGGGGCCAAGTAT,0,5002694
yjbJ_predicted,0.05263157894736842,18,18,TGACCTTACACATAGCCTAA,0,5028310
yjbJ_predicted,0.05263157894736842,18,18,TCTCCGACAGTCCTGAGCAA,0,5022055
yjbJ_predicted,0.05263157894736842,18,18,TCGTTTAACAGGGTACGGGG,0,5024708
yjbJ_predicted,0.05263157894736842,18,18,TCGAACGGGTACCGTTTGTG,0,4996039
yjbJ_predicted,0.05263157894736842,18,18,TCCGTGATGCAAAAGCATAT,0,4996208
yjbJ_predicted,0.05263157894736842,18,18,TCCGCATATAAATAGATGTT,0,5005259
yjbJ_predicted,0.05263157894736842,18,18,TCCATGAGTTCTACACAGAA,0,5000945
yjbJ_predicted,0.05263157894736842,18,18,TCATTCCCAAGGAGGCTAGA,0,5015843
yjbJ_predicted,0.05263157894736842,18,18,TCATCGTTGCCTCGGCCCTA,0,5021778
yjbJ_predicted,0.05263157894736842,18,18,TCATCAGAAGGTTCAGTGTT,0,5022434
yjbJ_predicted,0.05263157894736842,18,18,TCACTCCGGTATGGATAAGC,0,5028695
yjbJ_predicted,0.05263157894736842,18,18,TCACGCAAGCGAACGTACTT,0,5011057
yjbJ_predicted,0.05263157894736842,18,18,TATGCCCCAATGCGATGTAT,0,5021450
yjbJ_predicted,0.05263157894736842,18,18,TATCTTTTGTGCTTGGTGCC,0,5017421
yjbJ_predicted,0.05263157894736842,18,18,TATCTCGAGGTTTAGCGTGT,0,5025965
yjbJ_predicted,0.05263157894736842,18,18,TATCGGCCCGCGCGATATAG,0,5031052
yjbJ_predicted,0.05263157894736842,18,18,TATAAAAGTATAAAGGGTGC,0,4998869
yjbJ_predicted,0.05263157894736842,18,18,TAGGGTTATGCATACTAGAA,0,5020093
yjbJ_predicted,0.05263157894736842,18,18,TAGCGACTTCATTAGGTCGG,0,5027283
yjbJ_predicted,0.05263157894736842,18,18,TACCACATCTTGAGTAGTAT,0,5005664
yjbJ_predicted,0.05263157894736842,18,18,TAACACGTGTCAACCAGTGT,0,5029301
yjbJ_predicted,0.05263157894736842,18,18,GTTGTGGCACTAAATGGGCA,0,5020939
yjbJ_predicted,0.05263157894736842,18,18,GTTGGAATTATGGGCCAACA,0,5010692
yjbJ_predicted,0.05263157894736842,18,18,GTTACCGAATGTACCGACCC,0,5020873
yjbJ_predicted,0.05263157894736842,18,18,GTGATCGAGTTCTATGTGAA,0,4996780
yjbJ_predicted,0.05263157894736842,18,18,GTCGGAACACTGCCGTGGTC,0,5005337
yjbJ_predicted,0.05263157894736842,18,18,GTCCAATTCCCGGCCCCGTG,0,4996395
yjbJ_predicted,0.05263157894736842,18,18,GTCATCGGTACGTCAGGAAC,0,5005455
yjbJ_predicted,0.05263157894736842,18,18,GTCACCTGGCGACTGTGGAT,0,5001908
yjbJ_predicted,0.05263157894736842,18,18,GTATGTTCCTCTTCAGGAAG,0,5010400
yjbJ_predicted,0.05263157894736842,18,18,GTAGGTTTCCCTGATCAAAC,0,5011603
yjbJ_predicted,0.05263157894736842,18,18,GTAGGACCTTAGCAGTTGGG,0,5020441
yjbJ_predicted,0.05263157894736842,18,18,GGTGCCCGCGTGGCCAACCT,0,5016420
yjbJ_predicted,0.05263157894736842,18,18,GGTCTGTAAAGCCGTTTGCA,0,4997004
yjbJ_predicted,0.05263157894736842,18,18,GGGGACAAAGCAACAGTTCT,0,5001754
yjbJ_predicted,0.05263157894736842,18,18,GGGAGTCATGGGTACATAAC,0,5030305
yjbJ_predicted,0.05263157894736842,18,18,GGAAATACGACCAGTGGCTT,0,4999935
yjbJ_predicted,0.05263157894736842,18,18,GCGATGGGTAGTAACGACCG,0,5019774
yjbJ_predicted,0.05263157894736842,18,18,GCCTCTTCGCAACGGCGAGA,0,5018774
yjbJ_predicted,0.05263157894736842,18,18,GCCGATATGACCCGCCATTC,0,5011483
yjbJ_predicted,0.05263157894736842,18,18,GCCCCGGGCTAAAGCCGCGC,0,5022462
yjbJ_predicted,0.05263157894736842,18,18,GCACCCGCGCATGATTGCGG,0,5009999
yjbJ_predicted,0.05263157894736842,18,18,GATGGCTACAGGCTTAAATT,0,5028947
yjbJ_predicted,0.05263157894736842,18,18,GATAATCTACGCAACAATGT,0,5012399
yjbJ_predicted,0.05263157894736842,18,18,GAGGTCAGGAAGGCAGCTAA,0,4995041
yjbJ_predicted,0.05263157894736842,18,18,GAGGATTAGCTAGGACCTAA,0,5008413
yjbJ_predicted,0.05263157894736842,18,18,GAGAAGGCCATTTCTTTAGG,0,5008061
yjbJ_predicted,0.05263157894736842,18,18,GACTGCTTTGTCCACCGTTA,0,5029404
yjbJ_predicted,0.05263157894736842,18,18,GACGTGCGCCCGCACTTGGC,0,5018378
yjbJ_predicted,0.05263157894736842,18,18,GAAGGCTATCACGGAACTAG,0,5002841
yjbJ_predicted,0.05263157894736842,18,18,GAAACGTGGGCGGGAGCTCA,0,5022183
yjbJ_predicted,0.05263157894736842,18,18,CTTATTCCGTGCTCGGCCAC,0,5024062
yjbJ_predicted,0.05263157894736842,18,18,CTGCATAAGCCTGTTAGCAT,0,5000846
yjbJ_predicted,0.05263157894736842,18,18,CTGCAAGTGTCCATACGTAA,0,5029607
yjbJ_predicted,0.05263157894736842,18,18,CTGACCGCAGAAAACACTGG,0,5010579
yjbJ_predicted,0.05263157894736842,18,18,CTAGGTGGGTTGGAGTGTGT,0,5027200
yjbJ_predicted,0.05263157894736842,18,18,CGTGAGACCCCTCGATTATT,0,5018340
yjbJ_predicted,0.05263157894736842,18,18,CGACGTGCCGTGGCGACCTC,0,4996283
yjbJ_predicted,0.05263157894736842,18,18,CGAAGGTCATAGAGGGCATG,0,5014724
yjbJ_predicted,0.05263157894736842,18,18,CCTTCCCAGCTAAACGATGA,0,5026950
yjbJ_predicted,0.05263157894736842,18,18,CCTATACGCAGGTAGGTACA,0,5013587
yjbJ_predicted,0.05263157894736842,18,18,CCATACGCCTTCGTCTCAGC,0,5008398
yjbJ_predicted,0.05263157894736842,18,18,CCAGCCAGCGGATATACGCG,0,5023638
yjbJ_predicted,0.05263157894736842,18,18,CATGAGAAGAGGGGTGTTCC,0,5005384
yjbJ_predicted,0.05263157894736842,18,18,CATCGCCCACGAAGTCGTTT,0,5010189
yjbJ_predicted,0.05263157894736842,18,18,CACAAAGCACCATGAGATAG,0,4997192
yjbJ_predicted,0.05263157894736842,18,18,CAATTAGACGCCTACTTGTG,0,5014922
yjbJ_predicted,0.05263157894736842,18,18,CAATGTGGATACCGAGAAGG,0,5003196
yjbJ_predicted,0.05263157894736842,18,18,CAATCCCATTCTAGACGGGT,0,5019736
yjbJ_predicted,0.05263157894736842,18,18,CAACTAAGGGGGTTGGCGAC,0,5016775
yjbJ_predicted,0.05263157894736842,18,18,CAAACAAAGGAGCCTCAAGA,0,5000890
yjbJ_predicted,0.05263157894736842,18,18,CAAAAGAGATGCAGGATTAG,0,5013598
yjbJ_predicted,0.05263157894736842,18,18,ATTGGCGCAGCAAGTGAATA,0,5009586
yjbJ_predicted,0.05263157894736842,18,18,ATGGGAGGTTATCGATCGGT,0,5021176
yjbJ_predicted,0.05263157894736842,18,18,ATGAGGATAATGGGATCATA,0,5026999
yjbJ_predicted,0.05263157894736842,18,18,ATCTTGCTCACGGCAGCCTC,0,5022140
yjbJ_predicted,0.05263157894736842,18,18,ATCTGTATAAATGCACGAGT,0,5006536
yjbJ_predicted,0.05263157894736842,18,18,ATCGTGGTTAGGGTTGCCGG,0,5012756
yjbJ_predicted,0.05263157894736842,18,18,ATCGGTGGGAAATATGCATC,0,5001050
yjbJ_predicted,0.05263157894736842,18,18,ATCATTTCGGTAATCGGCCC,0,4995429
yjbJ_predicted,0.05263157894736842,18,18,ATAGATTTAATCTGCTTGAA,0,4996843
yjbJ_predicted,0.05263157894736842,18,18,ATACTCCGAGCGTGTCTCGT,0,5014599
yjbJ_predicted,0.05263157894736842,18,18,AGTCGTTAACTGCTACAAAA,0,5007507
yjbJ_predicted,0.05263157894736842,18,18,AGTCCACGACCACCAAATTA,0,5016987
yjbJ_predicted,0.05263157894736842,18,18,AGTAGTAGCGAAAAGGAGCA,0,5000242
yjbJ_predicted,0.05263157894736842,18,18,AGGACTAGCATATGCTACAT,0,5015074
yjbJ_predicted,0.05263157894736842,18,18,AGGACGTTTCTAGGATAGAA,0,5008372
yjbJ_predicted,0.05263157894736842,18,18,AGATACACGCGGTTCATAGT,0,5009412
yjbJ_predicted,0.05263157894736842,18,18,ACTAAAGTCAGTGGTCCTCT,0,5000264
yjbJ_predicted,0.05263157894736842,18,18,ACGCCATCATTTCCCAGCGT,0,5018153
yjbJ_predicted,0.05263157894736842,18,18,ACCTAATCCGCGCATTCATT,0,5014333
yjbJ_predicted,0.05263157894736842,18,18,ACACATGACAGACAATCATA,0,5030599
yjbJ_predicted,0.05263157894736842,18,18,AATTGTCAAAAGCAGTAGTT,0,5001974
yjbJ_predicted,0.05263157894736842,18,18,AATTCAGAGCATAGCCAATT,0,5023013
yjbJ_predicted,0.05263157894736842,18,18,AAGCCTGAGGAATAAGCTCA,0,5024328
yjbJ_predicted,0.05263157894736842,18,18,AACTTTGAACCCACGTTCGT,0,5022076
yjbJ_predicted,0.05263157894736842,18,18,AACTTTCTGGCTGAGGATTG,0,4999556
yjbJ_predicted,0.05263157894736842,18,18,AACTTGCACTAGCTCATGAT,0,5028402
yjbJ_predicted,0.05263157894736842,18,18,AAAGGAAATCTTGAACATAC,0,5027878
yjbJ_predicted,0.05555555555555555,17,17,TTTGAAAACTAGATTGCACT,0,5018761
yjbJ_predicted,0.05555555555555555,17,17,TTTCGCATGTAGGGCAGAGT,0,4995485
yjbJ_predicted,0.05555555555555555,17,17,TTCTCGATTGCTGTTTGCAT,0,5019888
yjbJ_predicted,0.05555555555555555,17,17,TTCTATTCGCCGGTAAAAGT,0,5029035
yjbJ_predicted,0.05555555555555555,17,17,TTCAGATCATGTTAAAGTGG,0,5024313
yjbJ_predicted,0.05555555555555555,17,17,TTCAAGTCCACAGCGTCATG,0,5009471
yjbJ_predicted,0.05555555555555555,17,17,TTAGGGACGCCACTTCTCGA,0,5002461
yjbJ_predicted,0.05555555555555555,17,17,TGTATAACCCTCTCATCATA,0,5029372
yjbJ_predicted,0.05555555555555555,17,17,TGGGTCTACCGGCTTTGAGT,0,5030479
yjbJ_predicted,0.05555555555555555,17,17,TGGCAGTATAAGGCTGACAT,0,5029318
yjbJ_predicted,0.05555555555555555,17,17,TGCGCCAGGAGTGGTACCAA,0,5008644
yjbJ_predicted,0.05555555555555555,17,17,TGCCTATGACAGACGTCTTA,0,4995608
yjbJ_predicted,0.05555555555555555,17,17,TGCCTATCACCTGTCGAAAT,0,5008567
yjbJ_predicted,0.05555555555555555,17,17,TGCATCGAATCATTCATGGC,0,5003840
yjbJ_predicted,0.05555555555555555,17,17,TGCATATGAGGCATTCCCGA,0,5018598
yjbJ_predicted,0.05555555555555555,17,17,TGCAGGCTAGGAGAGATGGA,0,5026592
yjbJ_predicted,0.05555555555555555,17,17,TGACACCGCTCCGTAGGCAA,0,5026074
yjbJ_predicted,0.05555555555555555,17,17,TGAACATCGAGCCACAGTCG,0,5004428
yjbJ_predicted,0.05555555555555555,17,17,TCTGCATCGCATGACGAGGG,0,5011513
yjbJ_predicted,0.05555555555555555,17,17,TCGTTCAAATGCACTGGGGA,0,5003302
yjbJ_predicted,0.05555555555555555,17,17,TCGGATGGATGTCCAGGGTG,0,5002989
yjbJ_predicted,0.05555555555555555,17,17,TCCAGGATGTGAACTTCCGG,0,5014466
yjbJ_predicted,0.05555555555555555,17,17,TCATGGAGTAAAGGGTGGGT,0,5003569
yjbJ_predicted,0.05555555555555555,17,17,TCAGTGGCCTATGACTTAGA,0,5006832
yjbJ_predicted,0.05555555555555555,17,17,TCAGTAGGACACTCCGTAGG,0,5015328
yjbJ_predicted,0.05555555555555555,17,17,TATGTCCGTAGTTCGATAGC,0,5014536
yjbJ_predicted,0.05555555555555555,17,17,TAGGATTTAGATTTCGTTCT,0,5003932
yjbJ_predicted,0.05555555555555555,17,17,TAGCTCCGAGTGTAACAGGA,0,5016248
yjbJ_predicted,0.05555555555555555,17,17,TAAAGGGTACGACGCAGTAG,0,5019027
yjbJ_predicted,0.05555555555555555,17,17,GTTCTCTGTTGTTCAAACCA,0,5008935
yjbJ_predicted,0.05555555555555555,17,17,GTTCGCGGCCGGTCGAAGCT,0,5029461
yjbJ_predicted,0.05555555555555555,17,17,GTGCTCGCGCGTGAATACTC,0,5005731
yjbJ_predicted,0.05555555555555555,17,17,GTGATGGCGCTTCGATCTAG,0,5003803
yjbJ_predicted,0.05555555555555555,17,17,GTGAGTCCGTTCTGACTCCT,0,5019394
yjbJ_predicted,0.05555555555555555,17,17,GTATAAGCCACCTTCTTGAC,0,5002566
yjbJ_predicted,0.05555555555555555,17,17,GTAGGTATCGCTTTCGGTCA,0,5020578
yjbJ_predicted,0.05555555555555555,17,17,GGTTACAGTAAAGTCTTACA,0,4997827
yjbJ_predicted,0.05555555555555555,17,17,GGTATGTGCATTCATCTCAT,0,5004692
yjbJ_predicted,0.05555555555555555,17,17,GGTATGGCATTAAGTCGGAG,0,5015343
yjbJ_predicted,0.05555555555555555,17,17,GGGTTAATCATGACGTCTGT,0,5000200
yjbJ_predicted,0.05555555555555555,17,17,GGGGACTTGGAGCGAAACGA,0,5022111
yjbJ_predicted,0.05555555555555555,17,17,GGGATATACATCTGACGATT,0,5008364
yjbJ_predicted,0.05555555555555555,17,17,GGCTCTTAAGGCGTTGCCTG,0,4996869
yjbJ_predicted,0.05555555555555555,17,17,GGCCGGGCTTAGTCATACAT,0,5005782
yjbJ_predicted,0.05555555555555555,17,17,GGCAACCACGGATACACTGT,0,5016742
yjbJ_predicted,0.05555555555555555,17,17,GGATGAACCTCGGCTACAGA,0,4998280
yjbJ_predicted,0.05555555555555555,17,17,GGACGTGCTTTCCACATTAG,0,5012513
yjbJ_predicted,0.05555555555555555,17,17,GGAAGTGCTCCTAGGGATAA,0,5006963
yjbJ_predicted,0.05555555555555555,17,17,GCTTGGTTGTGTGAATTGCT,0,5003297
yjbJ_predicted,0.05555555555555555,17,17,GCTTCTTTAGGCCGCTCCGT,0,5001785
yjbJ_predicted,0.05555555555555555,17,17,GCTTCACGTAGAGATCACGG,0,5019408
yjbJ_predicted,0.05555555555555555,17,17,GCTCGTCCTACTCCTCAGCA,0,4997225
yjbJ_predicted,0.05555555555555555,17,17,GCTCGGGCGGCTCATGATGA,0,5007408
yjbJ_predicted,0.05555555555555555,17,17,GCTCAGCTAGTATTATTCGG,0,4996038
yjbJ_predicted,0.05555555555555555,17,17,GCGTCCACCTATGCGATCGG,0,4998252
yjbJ_predicted,0.05555555555555555,17,17,GCCCGTACCTACGTTTCTAA,0,5002682
yjbJ_predicted,0.05555555555555555,17,17,GCAGCCCCCGTAACTTACAA,0,5010326
yjbJ_predicted,0.05555555555555555,17,17,GCAGATAACCCTAAAGCTTC,0,5021332
yjbJ_predicted,0.05555555555555555,17,17,GCAGAATATGTGTTGGTTGA,0,4995992
yjbJ_predicted,0.05555555555555555,17,17,GATAACTGCCATACTGATTC,0,5003571
yjbJ_predicted,0.05555555555555555,17,17,GATAAATGAGGGGCTCGAAT,0,5017794
yjbJ_predicted,0.05555555555555555,17,17,GAGTACAGTGTAGCTGAAAA,0,5010393
yjbJ_predicted,0.05555555555555555,17,17,GAGGTGCTGTTTCACGTTAT,0,5013046
yjbJ_predicted,0.05555555555555555,17,17,GAGGACTACGCAAGGAAGGA,0,5028965
yjbJ_predicted,0.05555555555555555,17,17,GAATGTAGGCTTAATATACT,0,4999900
yjbJ_predicted,0.05555555555555555,17,17,GAAGTTGTCCTGGAGCACTG,0,4999789
yjbJ_predicted,0.05555555555555555,17,17,GAAGCCATGCTCATTCCTGT,0,5007653
yjbJ_predicted,0.05555555555555555,17,17,CTGTCTTCGTGCCCAATCAT,0,4995903
yjbJ_predicted,0.05555555555555555,17,17,CTGTCCGGCCATTAAGCCCT,0,5012363
yjbJ_predicted,0.05555555555555555,17,17,CTGTACATTTCAATCTTAGT,0,5023329
yjbJ_predicted,0.05555555555555555,17,17,CTGCTCGCCCGTGTCGGCAT,0,5014431
yjbJ_predicted,0.05555555555555555,17,17,CTGCCCCTCCCTAACCCTAC,0,5011547
yjbJ_predicted,0.05555555555555555,17,17,CTGATCGGCTGATCGCCGTA,0,5024066
yjbJ_predicted,0.05555555555555555,17,17,CTGAACGTAACCTAAACGAT,0,5018938
yjbJ_predicted,0.05555555555555555,17,17,CTCTAAAACAGTGCTCGACC,0,5012827
yjbJ_predicted,0.05555555555555555,17,17,CTCAACGCAGCTTATCAACA,0,5030206
yjbJ_predicted,0.05555555555555555,17,17,CTACAAAGAGCCGATTCTAT,0,5018307
yjbJ_predicted,0.05555555555555555,17,17,CTAAGGCTTAGGAGAGCCTC,0,5017656
yjbJ_predicted,0.05555555555555555,17,17,CGTTGTTGCACGTTTAGCCC,0,5022218
yjbJ_predicted,0.05555555555555555,17,17,CGTTGTGTTGTTTATCCTAA,0,5000357
yjbJ_predicted,0.05555555555555555,17,17,CGTGTCTCTGCGGGAGGCCC,0,5024663
yjbJ_predicted,0.05555555555555555,17,17,CGTACAGCTTATGTGCCCCA,0,5005797
yjbJ_predicted,0.05555555555555555,17,17,CGGGGGCGCTTGGCTACCGC,0,5014126
yjbJ_predicted,0.05555555555555555,17,17,CGGGCGCAGGTACCCGAGAA,0,5014783
yjbJ_predicted,0.05555555555555555,17,17,CGGCCTGCAGCAAATGTGGT,0,5023129
yjbJ_predicted,0.05555555555555555,17,17,CGGAAACCTCAAAGGTGGCT,0,5026823
yjbJ_predicted,0.05555555555555555,17,17,CGCGCCCACGAGTCCACGTT,0,5013047
yjbJ_predicted,0.05555555555555555,17,17,CGCAATAATTTCTACGGAAC,0,5000324
yjbJ_predicted,0.05555555555555555,17,17,CGCAAGGCCAACTTGCCTCT,0,4999878
yjbJ_predicted,0.05555555555555555,17,17,CGCAAATTTTGGGAACGCAA,0,5019298
yjbJ_predicted,0.05555555555555555,17,17,CGAGGAAGGCCACCGAAACC,0,5021092
yjbJ_predicted,0.05555555555555555,17,17,CCTTGAACACTAAGTAAAGA,0,5031102
yjbJ_predicted,0.05555555555555555,17,17,CCTTCGGAAGGCAGCCCCAG,0,5007531
yjbJ_predicted,0.05555555555555555,17,17,CCGTTAGATCTCCCTAATCC,0,5003522
yjbJ_predicted,0.05555555555555555,17,17,CCGAATACCGAGCACATTTG,0,4999119
yjbJ_predicted,0.05555555555555555,17,17,CCCACTCGTGGATTATAGTA,0,5016829
yjbJ_predicted,0.05555555555555555,17,17,CCAGTCCACGGGGGTCCGCA,0,5000742
yjbJ_predicted,0.05555555555555555,17,17,CATGTGGTAAGCGATAGAGG,0,4995180
yjbJ_predicted,0.05555555555555555,17,17,CATCGCCGAATGGCCCGCTC,0,4995333
yjbJ_predicted,0.05555555555555555,17,17,CATCGCAAAAGAGTAATGGG,0,5000677
yjbJ_predicted,0.05555555555555555,17,17,CATCCTAACGATTAATAAAT,0,5005769
yjbJ_predicted,0.05555555555555555,17,17,CATAGGGGTGTTGGTGCTGC,0,5006047
yjbJ_predicted,0.05555555555555555,17,17,CATAAGTGAGGTTGATTTTA,0,5008337
yjbJ_predicted,0.05555555555555555,17,17,CAGTGAGTCGGAATACTGTC,0,5005327
yjbJ_predicted,0.05555555555555555,17,17,CAGGTTTGAAGTAGTCGGAT,0,5029519
yjbJ_predicted,0.05555555555555555,17,17,CACCCCCAGATTTCCTCCAT,0,5019981
yjbJ_predicted,0.05555555555555555,17,17,CAAGCCGCTCAGCAGGCCCG,0,5020144
yjbJ_predicted,0.05555555555555555,17,17,CAACTTTCAACAGATGCAGT,0,4997443
yjbJ_predicted,0.05555555555555555,17,17,ATTTGCTAGACTCCACAGGA,0,5012765
yjbJ_predicted,0.05555555555555555,17,17,ATTTAAACTGCTGAGCAGAG,0,5006070
yjbJ_predicted,0.05555555555555555,17,17,ATTACCCATATTTCGCGCCT,0,5007076
yjbJ_predicted,0.05555555555555555,17,17,ATGTTGGGACTAGATTGTGC,0,5026363
yjbJ_predicted,0.05555555555555555,17,17,ATGTAGAGTGGCTGGAAAGC,0,4999278
yjbJ_predicted,0.05555555555555555,17,17,ATCGTAGCCTTGGAAACATC,0,5011953
yjbJ_predicted,0.05555555555555555,17,17,ATAGATCTATAGGTCGGGCA,0,5013357
yjbJ_predicted,0.05555555555555555,17,17,ATACGGTGGCCTAATTCCAG,0,5006496
yjbJ_predicted,0.05555555555555555,17,17,ATACGGCACGCTGGAAGAAA,0,5030978
yjbJ_predicted,0.05555555555555555,17,17,ATACGATTCGTCAATAATAA,0,4998440
yjbJ_predicted,0.05555555555555555,17,17,ATACCAGTGCTTAAAGGAAT,0,5011463
yjbJ_predicted,0.05555555555555555,17,17,ATAATACCGACTTGGCCTTC,0,5023166
yjbJ_predicted,0.05555555555555555,17,17,ATAAAGAACGGAATAGACTG,0,5014765
yjbJ_predicted,0.05555555555555555,17,17,AGTTCTTACGTAGGTCAACA,0,5025247
yjbJ_predicted,0.05555555555555555,17,17,AGTCGGCCTCGGTTTGGAGC,0,5007272
yjbJ_predicted,0.05555555555555555,17,17,AGTAAATAGGGCGCCAACCA,0,5004198
yjbJ_predicted,0.05555555555555555,17,17,AGGTTGACCACTCCGGACGT,0,4996374
yjbJ_predicted,0.05555555555555555,17,17,AGGCGTGTTGGAGCCATCTC,0,5027400
yjbJ_predicted,0.05555555555555555,17,17,AGGAAGTAACGCATATCTGG,0,5003604
yjbJ_predicted,0.05555555555555555,17,17,AGCTCTTACTGGCATTTGAA,0,5016306
yjbJ_predicted,0.05555555555555555,17,17,AGCATGGGATTAAGCACCAG,0,5020570
yjbJ_predicted,0.05555555555555555,17,17,AGATCTCAATAGATCACTGA,0,5013900
yjbJ_predicted,0.05555555555555555,17,17,AGACTCACAGTAAAGCGAGG,0,5020164
yjbJ_predicted,0.05555555555555555,17,17,ACTTTTAGTTCGCCGTGAAG,0,5016450
yjbJ_predicted,0.05555555555555555,17,17,ACTCCTAAACGCGGTTATTA,0,5026112
yjbJ_predicted,0.05555555555555555,17,17,ACTATGCTTGGGCATTGAGC,0,5017469
yjbJ_predicted,0.05555555555555555,17,17,ACGGTTCTCCTGCGCCCTAT,0,5023279
yjbJ_predicted,0.05555555555555555,17,17,ACGGCTAATGACGCCTTGTC,0,5021990
yjbJ_predicted,0.05555555555555555,17,17,ACCGGTTAGATACTCAAGAT,0,5015436
yjbJ_predicted,0.05555555555555555,17,17,ACCCACGTTGGATTAAGTTA,0,5018182
yjbJ_predicted,0.05555555555555555,17,17,AATGGGTGTGGGTACGTGAA,0,5027088
yjbJ_predicted,0.05555555555555555,17,17,AATCTAGCCTTTTTATCGAG,0,5019814
yjbJ_predicted,0.05555555555555555,17,17,AATAAGACATGTGCTCGTTC,0,5020924
yjbJ_predicted,0.05555555555555555,17,17,AAGATGAGACCCTAGGGTAA,0,5004015
yjbJ_predicted,0.05555555555555555,17,17,AAGACTAAGCACGGGACTGA,0,5004250
yjbJ_predicted,0.05555555555555555,17,17,AACTTCGATTGATTCATGAT,0,5007106
yjbJ_predicted,0.05555555555555555,17,17,AACCCCGATGTTAGCCCTTC,0,5015445
yjbJ_predicted,0.05555555555555555,17,17,AACATGATAACGTGGGGTAG,0,5004800
yjbJ_predicted,0.05555555555555555,17,17,AACAAGATCGGGTTAGGTGC,0,5003987
yjbJ_predicted,0.05555555555555555,17,17,AAAGATGGTCGCCCGTTGTC,0,5024367
yjbJ_predicted,0.05555555555555555,17,17,AAACGCGGGGCATCTTCTCC,0,5013438
yjbJ_predicted,0.058823529411764705,16,16,TTTTCAGGGCTCACAATGAG,0,5006253
yjbJ_predicted,0.058823529411764705,16,16,TTTGGGATTTCGTGACGGAA,0,5018683
yjbJ_predicted,0.058823529411764705,16,16,TTTGCCTTTTGCTCAGATTT,0,5013270
yjbJ_predicted,0.058823529411764705,16,16,TTGGTCCATATCAATCGGCT,0,5002521
yjbJ_predicted,0.058823529411764705,16,16,TTGCCTTCCCCCGTCTTTGG,0,5012915
yjbJ_predicted,0.058823529411764705,16,16,TTGCATAGTAGGTATTTCCC,0,5002873
yjbJ_predicted,0.058823529411764705,16,16,TTGAACGACGAAATTAAAAT,0,4999883
yjbJ_predicted,0.058823529411764705,16,16,TTGAACCGACAAAAATATCA,0,5024613
yjbJ_predicted,0.058823529411764705,16,16,TTCTTCGTTGGAACGAAATT,0,4994731
yjbJ_predicted,0.058823529411764705,16,16,TTCGAAGGTCCAAGTGGAAC,0,5019386
yjbJ_predicted,0.058823529411764705,16,16,TTAACTCTGGGCTTCACATA,0,5023852
yjbJ_predicted,0.058823529411764705,16,16,TGTGTCAGTGGATACCATTC,0,5019795
yjbJ_predicted,0.058823529411764705,16,16,TGTCAATGTGATTTTTGAGA,0,5006985
yjbJ_predicted,0.058823529411764705,16,16,TGGGCAAGAATTTGGCTCAT,0,5007140
yjbJ_predicted,0.058823529411764705,16,16,TGGGAGCATCTGGCAGTTGA,0,5004968
yjbJ_predicted,0.058823529411764705,16,16,TGCGTAAGGGTGCGATATAT,0,5010675
yjbJ_predicted,0.058823529411764705,16,16,TGCGGGAAGATTGTGGAATA,0,4998848
yjbJ_predicted,0.058823529411764705,16,16,TGATACGATAATAGGCCAGG,0,5003166
yjbJ_predicted,0.058823529411764705,16,16,TGAAACGGGGGCTCTGATCC,0,5021841
yjbJ_predicted,0.058823529411764705,16,16,TCTTACGTTTGCGTCGGCGC,0,5004045
yjbJ_predicted,0.058823529411764705,16,16,TCTAAGGTTAGCCTGAACTT,0,5019851
yjbJ_predicted,0.058823529411764705,16,16,TCGGGCGCAATGCGTGTCCA,0,5003672
yjbJ_predicted,0.058823529411764705,16,16,TCCGGTTCCGGCACCTTGGT,0,5026136
yjbJ_predicted,0.058823529411764705,16,16,TCCGAAACCTCACCCAGGAC,0,5016876
yjbJ_predicted,0.058823529411764705,16,16,TCCAGGGTCTATTGCCGTAG,0,5020217
yjbJ_predicted,0.058823529411764705,16,16,TCAGTCCGAGGGATTGGAGC,0,5024982
yjbJ_predicted,0.058823529411764705,16,16,TCACTTGTGCATGCTGGAAT,0,5021912
yjbJ_predicted,0.058823529411764705,16,16,TATCCTACTATTGGATATGG,0,5001163
yjbJ_predicted,0.058823529411764705,16,16,TATCCCACTACCCTAGTCGC,0,5009018
yjbJ_predicted,0.058823529411764705,16,16,TAGGTGTCTCAACCTCTTCG,0,5009591
yjbJ_predicted,0.058823529411764705,16,16,TAGGAGAAATGATTTGACTG,0,5017782
yjbJ_predicted,0.058823529411764705,16,16,TAGCATCAGTGATGATATGT,0,5016453
yjbJ_predicted,0.058823529411764705,16,16,TACGCTGCTGGTGGCGTTGG,0,5005637
yjbJ_predicted,0.058823529411764705,16,16,GTTAGCCGAAAAGATTTCGG,0,4999855
yjbJ_predicted,0.058823529411764705,16,16,GTTAACTCGCTGGTAATCCA,0,5001345
yjbJ_predicted,0.058823529411764705,16,16,GTCCTTCCAATCCTTACGTT,0,5019908
yjbJ_predicted,0.058823529411764705,16,16,GTCCCTATTAAGGCGATCGT,0,5001979
yjbJ_predicted,0.058823529411764705,16,16,GTAATACGCTCTCCCAGGAA,0,5024495
yjbJ_predicted,0.058823529411764705,16,16,GGTTAACGGGTTCAGTGTGG,0,4996478
yjbJ_predicted,0.058823529411764705,16,16,GGTCCGTGCCGTCTTTCGTT,0,5003037
yjbJ_predicted,0.058823529411764705,16,16,GGTAACTGGTCGGTTCGAAC,0,5011708
yjbJ_predicted,0.058823529411764705,16,16,GGGTGAATTATGGGTAGGTG,0,4996754
yjbJ_predicted,0.058823529411764705,16,16,GGGTCAGACTTATTAATCGC,0,5002703
yjbJ_predicted,0.058823529411764705,16,16,GGGTAAGCTCCACACGCACA,0,5004491
yjbJ_predicted,0.058823529411764705,16,16,GGGAATACGTAGAAGGTAGC,0,5020228
yjbJ_predicted,0.058823529411764705,16,16,GGCTGGGCATTCTCTATAGA,0,5027946
yjbJ_predicted,0.058823529411764705,16,16,GGCCTGCAGATCTCAAACTA,0,5013657
yjbJ_predicted,0.058823529411764705,16,16,GGCCGTGACTAGAGCTCGAC,0,5004976
yjbJ_predicted,0.058823529411764705,16,16,GGCACCGTTCGTGACAACAT,0,4999252
yjbJ_predicted,0.058823529411764705,16,16,GGAGATACAGACTCAACTCG,0,5004005
yjbJ_predicted,0.058823529411764705,16,16,GGAGAAATGTCCTGGACACT,0,5013371
yjbJ_predicted,0.058823529411764705,16,16,GGAACCTCATTATTCGCTTG,0,5013804
yjbJ_predicted,0.058823529411764705,16,16,GCTTTGACGCCATAGTGTCA,0,5012140
yjbJ_predicted,0.058823529411764705,16,16,GCTTGGCTATCACGCACGGT,0,5011984
yjbJ_predicted,0.058823529411764705,16,16,GCTTCCCCGAAAACCCCGTC,0,5006578
yjbJ_predicted,0.058823529411764705,16,16,GCGCTACCGAGCGTGTACAT,0,4997318
yjbJ_predicted,0.058823529411764705,16,16,GCATATTAATAGAAAAAACT,0,5006846
yjbJ_predicted,0.058823529411764705,16,16,GCAGTGTGATGGGTTACCTC,0,5031117
yjbJ_predicted,0.058823529411764705,16,16,GATAATTCAGTTATGTTATC,0,5014962
yjbJ_predicted,0.058823529411764705,16,16,GATAAGATCCACTAATGCGG,0,5020147
yjbJ_predicted,0.058823529411764705,16,16,GAGTCTGGACACAATCACTC,0,5020027
yjbJ_predicted,0.058823529411764705,16,16,GAGCTTCAAATGTGGCCTCA,0,5023895
yjbJ_predicted,0.058823529411764705,16,16,GAGCCCTAATAGCTGGAGCA,0,4998385
yjbJ_predicted,0.058823529411764705,16,16,GACACTCAAATGTACATGCA,0,5001654
yjbJ_predicted,0.058823529411764705,16,16,GACAACCACGCACATAGATA,0,5027624
yjbJ_predicted,0.058823529411764705,16,16,GAAGGGTTCTTCGTTCTGTA,0,5025474
yjbJ_predicted,0.058823529411764705,16,16,GAAAGAGGAGGAGTAGTTTC,0,5022501
yjbJ_predicted,0.058823529411764705,16,16,CTTTATTGGGCACAGAGTGT,0,5004559
yjbJ_predicted,0.058823529411764705,16,16,CTGCAACGGACAGTTAGCTG,0,5008855
yjbJ_predicted,0.058823529411764705,16,16,CTCCTTGGTCTTCACTGGGA,0,5020652
yjbJ_predicted,0.058823529411764705,16,16,CTCATAAGGATTTCTAAAAT,0,4998313
yjbJ_predicted,0.058823529411764705,16,16,CTATTCAAAGAACATCAGCG,0,5030639
yjbJ_predicted,0.058823529411764705,16,16,CTAGGCTTCAATCGTACCAA,0,5022320
yjbJ_predicted,0.058823529411764705,16,16,CTAGCACGCGGTCCACTTAT,0,5002177
yjbJ_predicted,0.058823529411764705,16,16,CTAGAGCACATGGTAGTCGA,0,4997432
yjbJ_predicted,0.058823529411764705,16,16,CTACATGTGCCCCCGCAGCT,0,5002652
yjbJ_predicted,0.058823529411764705,16,16,CTAAACTCCTATAGAGCCTG,0,5009880
yjbJ_predicted,0.058823529411764705,16,16,CGTGTTAAGATGCCAGAGAG,0,5027334
yjbJ_predicted,0.058823529411764705,16,16,CGTGCTCTGTGTGTAGAGAG,0,4994933
yjbJ_predicted,0.058823529411764705,16,16,CGTGCCCAACAAGCAAGGCC,0,4995366
yjbJ_predicted,0.058823529411764705,16,16,CGTGAGATATGGAGAACTTA,0,5001372
yjbJ_predicted,0.058823529411764705,16,16,CGTGAGAGCCGGAATAGCTT,0,5016635
yjbJ_predicted,0.058823529411764705,16,16,CGTGAACAGACAGGTCGTGG,0,5006561
yjbJ_predicted,0.058823529411764705,16,16,CGGTATTCATGGAGCAGCGT,0,5020127
yjbJ_predicted,0.058823529411764705,16,16,CGGACTAACCGACCCAGTAC,0,4998435
yjbJ_predicted,0.058823529411764705,16,16,CGATAAAGCGGGTGACAGAA,0,5001155
yjbJ_predicted,0.058823529411764705,16,16,CGACTGGGGGGTGCGGGTTC,0,5019344
yjbJ_predicted,0.058823529411764705,16,16,CCTTAAAGACATGTATGATG,0,5019053
yjbJ_predicted,0.058823529411764705,16,16,CCTCGGGGTTACATAAACGA,0,5025948
yjbJ_predicted,0.058823529411764705,16,16,CCTCGCTTGACACATGAGAT,0,5027575
yjbJ_predicted,0.058823529411764705,16,16,CCTCGCGGTATTCCAACCTT,0,4996601
yjbJ_predicted,0.058823529411764705,16,16,CCTACCCTCTTGTGAACACT,0,5011510
yjbJ_predicted,0.058823529411764705,16,16,CCGTCTGATCTCAATATGCT,0,5000579
yjbJ_predicted,0.058823529411764705,16,16,CCGGACGAAGTTTGAGTGTG,0,5005924
yjbJ_predicted,0.058823529411764705,16,16,CCCGCCTAGCTGAAGCCAAC,0,5013055
yjbJ_predicted,0.058823529411764705,16,16,CCCGAGGTCTCGACTTAGTT,0,5029268
yjbJ_predicted,0.058823529411764705,16,16,CCCCGAGGTTAACCAACGCA,0,5018864
yjbJ_predicted,0.058823529411764705,16,16,CCAGTTTACCTATAAAAGGT,0,5006437
yjbJ_predicted,0.058823529411764705,16,16,CCAGAGCATCTACTAAGGCA,0,5027598
yjbJ_predicted,0.058823529411764705,16,16,CATGCTCGGCCTGACGGGAT,0,4994952
yjbJ_predicted,0.058823529411764705,16,16,CATCGGTCTCCCTTCAAGCA,0,4996847
yjbJ_predicted,0.058823529411764705,16,16,CATACGTCGGTTAAAAGCGT,0,5003281
yjbJ_predicted,0.058823529411764705,16,16,CAGGTAAGCGGGTACTGTAG,0,5030387
yjbJ_predicted,0.058823529411764705,16,16,CAGGGTTACGCTTCAATTCC,0,4996971
yjbJ_predicted,0.058823529411764705,16,16,CAGGCTACCCGACGGAGTTG,0,5013242
yjbJ_predicted,0.058823529411764705,16,16,CACTCCCACATGGCTTAGGG,0,5004866
yjbJ_predicted,0.058823529411764705,16,16,CACCCCTCACGATAGAGTGT,0,5012800
yjbJ_predicted,0.058823529411764705,16,16,CACACGAATGTGATGTATCT,0,5025336
yjbJ_predicted,0.058823529411764705,16,16,CAATTCTCATTCGCCGCCTG,0,5013642
yjbJ_predicted,0.058823529411764705,16,16,CAATCTGGGTCCGTCATTAT,0,5010935
yjbJ_predicted,0.058823529411764705,16,16,ATTGATGTTCCTACGAAGTC,0,4998612
yjbJ_predicted,0.058823529411764705,16,16,ATTACTTTCGGCACTGCACT,0,5029810
yjbJ_predicted,0.058823529411764705,16,16,ATTACTATCTAGGACATTCA,0,5016409
yjbJ_predicted,0.058823529411764705,16,16,ATGGGATGTGCATATAGATA,0,4998371
yjbJ_predicted,0.058823529411764705,16,16,ATGGCTGGATGCTTAATTAT,0,4999599
yjbJ_predicted,0.058823529411764705,16,16,ATGCTGGCTAATTACCCCCT,0,5020804
yjbJ_predicted,0.058823529411764705,16,16,ATGAGTTTGTAGCTCGCCAT,0,5007891
yjbJ_predicted,0.058823529411764705,16,16,ATGAGTAACCCACCCGGGCA,0,5002081
yjbJ_predicted,0.058823529411764705,16,16,ATCGTTTCCCACCTGGAGAT,0,5015196
yjbJ_predicted,0.058823529411764705,16,16,ATATATGTCGATTTAGATTG,0,5018281
yjbJ_predicted,0.058823529411764705,16,16,ATATACGCACAGAAGATATA,0,5019246
yjbJ_predicted,0.058823529411764705,16,16,ATAGGTATAACCTTTGAGAG,0,4999352
yjbJ_predicted,0.058823529411764705,16,16,ATAATTTCTGGCATTAGAGC,0,4998705
yjbJ_predicted,0.058823529411764705,16,16,ATAACAATGCTAATCTCAAA,0,5014770
yjbJ_predicted,0.058823529411764705,16,16,AGTTGTGATGGCATCACCAA,0,5025170
yjbJ_predicted,0.058823529411764705,16,16,AGTGTGGAGCTCATGCTGGT,0,5003140
yjbJ_predicted,0.058823529411764705,16,16,AGTGGATCTAGCGGACTAGG,0,5021050
yjbJ_predicted,0.058823529411764705,16,16,AGTAGCGTAGTATTTAAACA,0,5017679
yjbJ_predicted,0.058823529411764705,16,16,AGGAAAGCGAAGGTCTCGGC,0,4998117
yjbJ_predicted,0.058823529411764705,16,16,AGCTAAGTACAGTGGACGCC,0,5009058
yjbJ_predicted,0.058823529411764705,16,16,AGACCACTTCTCTACGCTAA,0,5003064
yjbJ_predicted,0.058823529411764705,16,16,AGACAGATCCAGTGTCCGCG,0,5002460
yjbJ_predicted,0.058823529411764705,16,16,ACTGGCGTGTATACAGTGGC,0,5008577
yjbJ_predicted,0.058823529411764705,16,16,ACTAGAGTCTCATTCCGTAA,0,5028646
yjbJ_predicted,0.058823529411764705,16,16,ACTACGGGGTGACGATCAAT,0,5026896
yjbJ_predicted,0.058823529411764705,16,16,ACGGACGCGGACATATCTAG,0,5019012
yjbJ_predicted,0.058823529411764705,16,16,ACCGGGGGCGGTCACAAGAA,0,5028901
yjbJ_predicted,0.058823529411764705,16,16,ACCACGTGTCAGGGTTATCT,0,5014397
yjbJ_predicted,0.058823529411764705,16,16,ACAGTGATTATGCTGCTTGT,0,4995720
yjbJ_predicted,0.058823529411764705,16,16,ACAGCTCTCCTAGAAGGTCT,0,5016945
yjbJ_predicted,0.058823529411764705,16,16,ACAGACTCTGTTTTTCCGCT,0,5012058
yjbJ_predicted,0.058823529411764705,16,16,ACAAGTGGAAACATATAATC,0,5014750
yjbJ_predicted,0.058823529411764705,16,16,AATTGAGCGTATGGCCAAGG,0,5005171
yjbJ_predicted,0.058823529411764705,16,16,AATGGGTAAATAAGGGTTCA,0,5029683
yjbJ_predicted,0.058823529411764705,16,16,AATAGGGACTGGCCGTTAGA,0,4998576
yjbJ_predicted,0.058823529411764705,16,16,AAGGCTTGGCAATAGATACT,0,4995231
yjbJ_predicted,0.058823529411764705,16,16,AAGCGTTTTCTTTACAGCAG,0,5020944
yjbJ_predicted,0.058823529411764705,16,16,AAGACCTGTAGGTGCACGGA,0,5007221
yjbJ_predicted,0.058823529411764705,16,16,AAGAACCCGCGAGGCGACGG,0,5001451
yjbJ_predicted,0.058823529411764705,16,16,AACTCCTGGGTAGTATGTCT,0,5012366
yjbJ_predicted,0.058823529411764705,16,16,AACGGCTTTACCGAAGTATA,0,5020462
yjbJ_predicted,0.058823529411764705,16,16,AAATCATTTGGGAGATCTAA,0,5017958
yjbJ_predicted,0.0625,15,15,TTTTGCGTTGTCATTCATCG,0,5023318
yjbJ_predicted,0.0625,15,15,TTTTCAAGCTTGATTCGGGA,0,5008123
yjbJ_predicted,0.0625,15,15,TTTCAATTAGTTTTTACGCT,0,5012586
yjbJ_predicted,0.0625,15,15,TTGTGTCAAGACAATTTGTC,0,5004723
yjbJ_predicted,0.0625,15,15,TTGTCACACCAATGGTGCTA,0,5030436
yjbJ_predicted,0.0625,15,15,TTGGATGATTAGTAGCGGCA,0,5016678
yjbJ_predicted,0.0625,15,15,TTGAGTGTCTTAGATCCTGA,0,5002855
yjbJ_predicted,0.0625,15,15,TTCACCCAGGGTGTGTCGCT,0,5006652
yjbJ_predicted,0.0625,15,15,TTAGCTAGTTCCAGCTAGGC,0,5007699
yjbJ_predicted,0.0625,15,15,TTACCGCGTGTTACGGTCGT,0,5022484
yjbJ_predicted,0.0625,15,15,TGTTCGAAAGACAGGGTTCA,0,5018339
yjbJ_predicted,0.0625,15,15,TGTGTTCGTAAGGATAGAAA,0,4995859
yjbJ_predicted,0.0625,15,15,TGTCTAAGGGATTGGCACCT,0,5001866
yjbJ_predicted,0.0625,15,15,TGTAGCCATTGTCCCCTAAG,0,5015811
yjbJ_predicted,0.0625,15,15,TGGGTAACCTGGAGGTCACT,0,5028900
yjbJ_predicted,0.0625,15,15,TGGCTCTTCACTCAAGGCAT,0,5000728
yjbJ_predicted,0.0625,15,15,TGGCGCAAGATCGAGTTATA,0,5010835
yjbJ_predicted,0.0625,15,15,TGCTGTAAGTACGCTATTAC,0,5023833
yjbJ_predicted,0.0625,15,15,TGCCCGCCGTTATATCTCAG,0,4998525
yjbJ_predicted,0.0625,15,15,TGAGTAGAGTGCGGAGTTAG,0,5006720
yjbJ_predicted,0.0625,15,15,TGAAGCTGGCTAGAAATTTC,0,5005589
yjbJ_predicted,0.0625,15,15,TCGTTATGTTGGCTACAAGC,0,4997077
yjbJ_predicted,0.0625,15,15,TCGCATTAAGCAGGTTAGCG,0,5001495
yjbJ_predicted,0.0625,15,15,TCGAAGCTCCCCGCTCACTT,0,5030359
yjbJ_predicted,0.0625,15,15,TCAGCGCGCGTCCGGAGGTT,0,4998812
yjbJ_predicted,0.0625,15,15,TATGTTCGTTGCATCATTAG,0,4996057
yjbJ_predicted,0.0625,15,15,TATCTCAGTTCGTCCGATAA,0,5030896
yjbJ_predicted,0.0625,15,15,TATCGCAGACACGGCGCTTT,0,5010887
yjbJ_predicted,0.0625,15,15,TATATGGCGGACATCGTGAA,0,5012601
yjbJ_predicted,0.0625,15,15,TAGGAACGTGTGACAGAAAT,0,5028898
yjbJ_predicted,0.0625,15,15,TAGATCACGTGCGGAACAGA,0,5003745
yjbJ_predicted,0.0625,15,15,TACACCATCGAGAAGGGTCG,0,5027013
yjbJ_predicted,0.0625,15,15,TAATCTGCTGATATGGCCCA,0,5014436
yjbJ_predicted,0.0625,15,15,TAAGTAAGCCGCATATACCG,0,5022074
yjbJ_predicted,0.0625,15,15,GTTTGGCCCCTCCGGCCAGC,0,5030704
yjbJ_predicted,0.0625,15,15,GTTGTAATTGAGAGAGAATC,0,5025645
yjbJ_predicted,0.0625,15,15,GTTCCAGCGGTGGTGATTCC,0,5029078
yjbJ_predicted,0.0625,15,15,GTTAAAATCCACAACCCGTT,0,4996105
yjbJ_predicted,0.0625,15,15,GTGGGGGGTAGCGTCAGCTC,0,4995047
yjbJ_predicted,0.0625,15,15,GTGAATAGATCATGGGCGCA,0,5011794
yjbJ_predicted,0.0625,15,15,GTCGGGCCAATTCCCGGAAC,0,5016115
yjbJ_predicted,0.0625,15,15,GTAGAATGCACTCCCTTAAG,0,4998810
yjbJ_predicted,0.0625,15,15,GTACATCGACTTATAAAACG,0,5027793
yjbJ_predicted,0.0625,15,15,GGTTATTACTTAGGCGCAAC,0,5005215
yjbJ_predicted,0.0625,15,15,GGTCAGGTGGCTTAGCTATT,0,5013881
yjbJ_predicted,0.0625,15,15,GGTATTCCTTATTCCATCAT,0,5025443
yjbJ_predicted,0.0625,15,15,GGCATAAGGAGTTCTATCAT,0,5002990
yjbJ_predicted,0.0625,15,15,GGAGTTTCGGACCAGGGTTT,0,5004341
yjbJ_predicted,0.0625,15,15,GGAATGGTTTGTACAGTTAT,0,5004869
yjbJ_predicted,0.0625,15,15,GCTTCGTGGTCAATACCGGC,0,5011207
yjbJ_predicted,0.0625,15,15,GCTGTCAACGCGGGGCTCTA,0,5007726
yjbJ_predicted,0.0625,15,15,GCTAAGGGCTTAGCGATCAC,0,5008125
yjbJ_predicted,0.0625,15,15,GCCGGCTGACAGACAAGACC,0,5018360
yjbJ_predicted,0.0625,15,15,GCCGAGCTAATGTGGAAGCA,0,5011080
yjbJ_predicted,0.0625,15,15,GATCTTTAATTATTATGACA,0,5018056
yjbJ_predicted,0.0625,15,15,GATCTAGAACCTGGGTCGGA,0,5007215
yjbJ_predicted,0.0625,15,15,GAGTCGCTCCGCGGTTATAA,0,5024149
yjbJ_predicted,0.0625,15,15,GAGTACCGCGTGATGTCCCA,0,5001532
yjbJ_predicted,0.0625,15,15,GACCCGATGCGATACCCGAT,0,5007104
yjbJ_predicted,0.0625,15,15,GACATATTTCGTTACGCCAC,0,5013793
yjbJ_predicted,0.0625,15,15,GAAGATGGACTGACTTCGCT,0,5030506
yjbJ_predicted,0.0625,15,15,GAACGACGCTCTATGTACGA,0,4995335
yjbJ_predicted,0.0625,15,15,GAAATAAGATAGATACGTGA,0,4994906
yjbJ_predicted,0.0625,15,15,CTTATTGCATTACAAGCCCC,0,5019874
yjbJ_predicted,0.0625,15,15,CTGTCCCCTAAAAGACCGCT,0,5012429
yjbJ_predicted,0.0625,15,15,CTGTATCCACGAACAAGCGC,0,5023908
yjbJ_predicted,0.0625,15,15,CTGGTTTCTTACTACGGAAG,0,5020507
yjbJ_predicted,0.0625,15,15,CTGCTATGACACTATGAGAT,0,5006878
yjbJ_predicted,0.0625,15,15,CTGCGAACGTGTGTTGCCTT,0,5020210
yjbJ_predicted,0.0625,15,15,CTCATATCGCTTGAATGTGT,0,5003537
yjbJ_predicted,0.0625,15,15,CTCAAGACAGAGCAGTTTGT,0,5017448
yjbJ_predicted,0.0625,15,15,CTATTTACATGTGGGTCGAA,0,5027146
yjbJ_predicted,0.0625,15,15,CTATAACATAAGATTTAAAT,0,5026546
yjbJ_predicted,0.0625,15,15,CTAGGTGGTCTGTTCTTTAG,0,5024701
yjbJ_predicted,0.0625,15,15,CTAGGGTTAACACGAACGGT,0,5002127
yjbJ_predicted,0.0625,15,15,CTACGAAGTCCGGACCGCCC,0,5007712
yjbJ_predicted,0.0625,15,15,CTAACTCCGATATCACATGA,0,4994969
yjbJ_predicted,0.0625,15,15,CGTCACGCCAACTAGGCAAA,0,5014130
yjbJ_predicted,0.0625,15,15,CGGTCAGAAAGGTAGCTCTT,0,5010477
yjbJ_predicted,0.0625,15,15,CGGTACTCGAACTCAGCGTA,0,5018211
yjbJ_predicted,0.0625,15,15,CGGCTGTGCTTGATAGGGGC,0,5016903
yjbJ_predicted,0.0625,15,15,CGATCGGTAAGGTTCAAGGT,0,5011589
yjbJ_predicted,0.0625,15,15,CGATCAGATAGCATATATTT,0,4995933
yjbJ_predicted,0.0625,15,15,CGAGTCTACTAACATTGAGT,0,5002517
yjbJ_predicted,0.0625,15,15,CGAGGCGCCACTCCGGTCCC,0,5026205
yjbJ_predicted,0.0625,15,15,CGAGGCACTAGTTAGGTCGT,0,5020528
yjbJ_predicted,0.0625,15,15,CGAAGCCTATAAAGTTTCCA,0,5029165
yjbJ_predicted,0.0625,15,15,CGAACTCTACACGGTCTATA,0,5020734
yjbJ_predicted,0.0625,15,15,CGAAAGGATGACTTCGTAGT,0,5015726
yjbJ_predicted,0.0625,15,15,CCTTGACTAGCGCTGGGACT,0,5010913
yjbJ_predicted,0.0625,15,15,CCTTCTGCCCATGAGGCGTA,0,5019109
yjbJ_predicted,0.0625,15,15,CCTTCGGTCCCCCTAGCCTA,0,5014795
yjbJ_predicted,0.0625,15,15,CCTCTTACCGGGAGTAGCGT,0,5013787
yjbJ_predicted,0.0625,15,15,CCGGATGCTCAGAGTAAACA,0,5022057
yjbJ_predicted,0.0625,15,15,CCCCCCGAGATTGTGAGAGA,0,5012445
yjbJ_predicted,0.0625,15,15,CCCCACAATCCTCTGCCCTG,0,4995936
yjbJ_predicted,0.0625,15,15,CCCAACTTGATGTAGCAGGA,0,5009571
yjbJ_predicted,0.0625,15,15,CCACGTTGGAGTAGGTCAGA,0,5003978
yjbJ_predicted,0.0625,15,15,CCACGCGAGTTTGCTGTCCA,0,5023814
yjbJ_predicted,0.0625,15,15,CATGTTCCTTTTATTCTCGC,0,5010690
yjbJ_predicted,0.0625,15,15,CATGCACGATTACCTTGGCC,0,5025975
yjbJ_predicted,0.0625,15,15,CATCAGTGAGGGGTATGATC,0,5002895
yjbJ_predicted,0.0625,15,15,CATCAAAGTCTCGTCCGCAG,0,5017394
yjbJ_predicted,0.0625,15,15,CAGTGTTGCGTTAGGACGGC,0,5013742
yjbJ_predicted,0.0625,15,15,CAGGTGCGGGGGCTTGTCGA,0,5020190
yjbJ_predicted,0.0625,15,15,CAGCACATATTACGAACCGG,0,5022841
yjbJ_predicted,0.0625,15,15,CACGGCCTGGAAGAAGAGAC,0,5025439
yjbJ_predicted,0.0625,15,15,CACCCTTATGCACTCGGAGA,0,5011796
yjbJ_predicted,0.0625,15,15,CACCCTCTGTAACTTGGCTT,0,4999530
yjbJ_predicted,0.0625,15,15,CAACAACCCGCTTGTACTGG,0,4994689
yjbJ_predicted,0.0625,15,15,ATTGTTTCTTCTTCTGGTAG,0,5013243
yjbJ_predicted,0.0625,15,15,ATTGATTTCAAATATTACTC,0,4996962
yjbJ_predicted,0.0625,15,15,ATTACGACCTTTCGCCATGA,0,5013238
yjbJ_predicted,0.0625,15,15,ATGGCATGTAAGCATGTCCA,0,5009110
yjbJ_predicted,0.0625,15,15,ATGGAACCGGAAGTCTAGTT,0,5018821
yjbJ_predicted,0.0625,15,15,ATCGGTTATTACGAAGGTCC,0,5008564
yjbJ_predicted,0.0625,15,15,ATCAGTTGTTCATACCATCC,0,5029208
yjbJ_predicted,0.0625,15,15,ATCAGTTACCAGAAGAGCAT,0,5005143
yjbJ_predicted,0.0625,15,15,ATACGGAGTAGGTCCGACCT,0,5021047
yjbJ_predicted,0.0625,15,15,ATAAGTAAGACGGGATTTAG,0,5012579
yjbJ_predicted,0.0625,15,15,ATAAATTGTTGGCACTTTGG,0,5014487
yjbJ_predicted,0.0625,15,15,AGTCACCGGGGTAACGCCTA,0,5019183
yjbJ_predicted,0.0625,15,15,AGGTGACCTCCATCAATCAC,0,5025539
yjbJ_predicted,0.0625,15,15,AGGGGAGTGCATTTGTGGGC,0,5002096
yjbJ_predicted,0.0625,15,15,AGGCGGTGGCGGTGGAGAAC,0,5009628
yjbJ_predicted,0.0625,15,15,AGGCCGTGATTCCTAATTTA,0,5015373
yjbJ_predicted,0.0625,15,15,AGCTCGAACCGTGCATCTCC,0,5018600
yjbJ_predicted,0.0625,15,15,AGCTCCTCGGCCTACCGGGT,0,5028259
yjbJ_predicted,0.0625,15,15,AGCACCACTCTCATTATCCG,0,5027979
yjbJ_predicted,0.0625,15,15,AGAGGATATAAGATCTTTGA,0,5030439
yjbJ_predicted,0.0625,15,15,AGAGCGGCTACCACGCGGAT,0,5021878
yjbJ_predicted,0.0625,15,15,AGAGCACTATTGACAGTCTT,0,4998792
yjbJ_predicted,0.0625,15,15,AGAGAGTAGTAAGTTCAGTT,0,5028497
yjbJ_predicted,0.0625,15,15,AGACGGGAATCTTACGCCGT,0,5031293
yjbJ_predicted,0.0625,15,15,ACTGGACGGGCGGAGATCAG,0,5003925
yjbJ_predicted,0.0625,15,15,ACTCACGGTGCCCCGGGATG,0,5028115
yjbJ_predicted,0.0625,15,15,ACTATCAAAAGGGTCAATGA,0,5001730
yjbJ_predicted,0.0625,15,15,ACGTGTTGTACGAGTGCCTA,0,5006432
yjbJ_predicted,0.0625,15,15,ACGGATGGTTCTACTTTGTT,0,5009116
yjbJ_predicted,0.0625,15,15,ACGCGCAAACGGAATGCGCA,0,5013099
yjbJ_predicted,0.0625,15,15,ACGCAAATGGGTTTGCCCGT,0,5019014
yjbJ_predicted,0.0625,15,15,ACGAATGTCCCAATGAGCAG,0,5008039
yjbJ_predicted,0.0625,15,15,ACGAACTTGGCCCCCGGTTA,0,5005452
yjbJ_predicted,0.0625,15,15,ACCTGCTACTTGGAGTCAAG,0,5005202
yjbJ_predicted,0.0625,15,15,ACCTGCCCGGGAGCAGGTCT,0,5025429
yjbJ_predicted,0.0625,15,15,ACCGGTAAGCGACCATGAAT,0,5022195
yjbJ_predicted,0.0625,15,15,ACCGGCTCCGGTCCTTGTCG,0,5018990
yjbJ_predicted,0.0625,15,15,ACCGCTGGGAAAGATCTGCC,0,5015131
yjbJ_predicted,0.0625,15,15,ACCAATAGGTAAGGTGTCGC,0,5011748
yjbJ_predicted,0.0625,15,15,ACAGTCGAAGTCGGTCTGAT,0,5023408
yjbJ_predicted,0.0625,15,15,AATTTTTCCGGCGACGACGG,0,5013862
yjbJ_predicted,0.0625,15,15,AATGTTCTATTCCCTGATCC,0,5031196
yjbJ_predicted,0.0625,15,15,AATGTTATATTGGTTACGAA,0,5016692
yjbJ_predicted,0.0625,15,15,AATGTCGCGTTCACTGAATC,0,5016166
yjbJ_predicted,0.0625,15,15,AATGAGCCGGGACCCTGCCC,0,5001901
yjbJ_predicted,0.0625,15,15,AATCCTCCTTGGAGGGCAGT,0,5017589
yjbJ_predicted,0.0625,15,15,AATACTTTCTGGCATCGTGC,0,5014160
yjbJ_predicted,0.0625,15,15,AATACCCAGTCTTTTAGGCA,0,5012274
yjbJ_predicted,0.0625,15,15,AAGTTAAAGTAAGAAGCCTG,0,5003740
yjbJ_predicted,0.0625,15,15,AAGTGATAACTAAGGGGCGC,0,5030870
yjbJ_predicted,0.0625,15,15,AAGTATAGTGTGCACGGTAC,0,5018064
yjbJ_predicted,0.0625,15,15,AACATATATCGTAACCACGG,0,5029523
yjbJ_predicted,0.0625,15,15,AAATAGACATCACCCGCTGT,0,5021866
yjbJ_predicted,0.06666666666666667,14,14,TTTAGGATGGATAGTTATTG,0,5028445
yjbJ_predicted,0.06666666666666667,14,14,TTGGCTGGACCGGATATGAT,0,5010302
yjbJ_predicted,0.06666666666666667,14,14,TTGCACATTGCCTCCAGATA,0,4999830
yjbJ_predicted,0.06666666666666667,14,14,TTCTCGTCTGTAGCGCCGGA,0,5021432
yjbJ_predicted,0.06666666666666667,14,14,TTCTATGCCGAAAAATGAAG,0,5013600
yjbJ_predicted,0.06666666666666667,14,14,TTCGGGGATAGGCGCTGCAT,0,5028005
yjbJ_predicted,0.06666666666666667,14,14,TTCCTCCGGCTATTGTCCGT,0,4996203
yjbJ_predicted,0.06666666666666667,14,14,TTATATAGTGGATTGACGAT,0,5030834
yjbJ_predicted,0.06666666666666667,14,14,TTAGACTGGAAACAACGCTA,0,5012100
yjbJ_predicted,0.06666666666666667,14,14,TTAAGTATCCACCGGAACGG,0,5020006
yjbJ_predicted,0.06666666666666667,14,14,TGTTATCCATTTCGGCTTCA,0,5015581
yjbJ_predicted,0.06666666666666667,14,14,TGGGTGCTTTCCCATGGGCT,0,5009867
yjbJ_predicted,0.06666666666666667,14,14,TGGGCGTGCTCTCAGGGAGG,0,5013867
yjbJ_predicted,0.06666666666666667,14,14,TGGCCTAACAGTATATACAG,0,5010706
yjbJ_predicted,0.06666666666666667,14,14,TGGATTGGGAACGCGAGGGG,0,5029427
yjbJ_predicted,0.06666666666666667,14,14,TGCTGCCTATTATAGTATAA,0,4996801
yjbJ_predicted,0.06666666666666667,14,14,TGCTAACGCACCGCTTACGA,0,5022103
yjbJ_predicted,0.06666666666666667,14,14,TGCCTCGGGAAATAAAAGAT,0,5001995
yjbJ_predicted,0.06666666666666667,14,14,TGCAGTTGGGCAAATAACCG,0,5020309
yjbJ_predicted,0.06666666666666667,14,14,TGCAAGCAGTGCGTTTCAGA,0,5002315
yjbJ_predicted,0.06666666666666667,14,14,TGACCCTACATTCTTAACTC,0,5025510
yjbJ_predicted,0.06666666666666667,14,14,TGAAGTGACACATACGGCTC,0,5006190
yjbJ_predicted,0.06666666666666667,14,14,TCGGACCACTTAGCGAACAT,0,5005347
yjbJ_predicted,0.06666666666666667,14,14,TCGCTGATCAATACGTTCAT,0,5011933
yjbJ_predicted,0.06666666666666667,14,14,TCCTAGTCTATCCAGCAATA,0,5006674
yjbJ_predicted,0.06666666666666667,14,14,TCCGCATTTCATTGCAATCA,0,4997157
yjbJ_predicted,0.06666666666666667,14,14,TCCGATGTATGCGTCGTGGT,0,4997485
yjbJ_predicted,0.06666666666666667,14,14,TCCAGGAGTCCGGCGGTCAG,0,4997622
yjbJ_predicted,0.06666666666666667,14,14,TCAGTGCAGTTCGTTTGGAC,0,4998713
yjbJ_predicted,0.06666666666666667,14,14,TATTAAGTCTGACTCGCGCT,0,5018335
yjbJ_predicted,0.06666666666666667,14,14,TATCCAGAAACGATGTCATT,0,4998540
yjbJ_predicted,0.06666666666666667,14,14,TATAGCCTCAGGATCATTGT,0,5023462
yjbJ_predicted,0.06666666666666667,14,14,TATACTTGCCGGACTATGGG,0,5009031
yjbJ_predicted,0.06666666666666667,14,14,TAGCTACCCTGTTTACGTGG,0,5022727
yjbJ_predicted,0.06666666666666667,14,14,TAGATTGGACTACCAGGTGG,0,5025042
yjbJ_predicted,0.06666666666666667,14,14,TAGACTGTCGGGTGTGGTTA,0,5005796
yjbJ_predicted,0.06666666666666667,14,14,TACTGCAGACACAAATAGAT,0,5016813
yjbJ_predicted,0.06666666666666667,14,14,TACTAAAGGCTAATTGTCAA,0,4997640
yjbJ_predicted,0.06666666666666667,14,14,TACGGTAATCGGTTATCGCG,0,5009434
yjbJ_predicted,0.06666666666666667,14,14,TACCCAAATTCCCAATGATT,0,5011211
yjbJ_predicted,0.06666666666666667,14,14,TACATTGTGTCGAATAGCAA,0,5016407
yjbJ_predicted,0.06666666666666667,14,14,TACATCGGGAGATCATAGCG,0,5022614
yjbJ_predicted,0.06666666666666667,14,14,TACAGTGTTGTACAGATTGT,0,5001053
yjbJ_predicted,0.06666666666666667,14,14,TAAGCTCTGGCCAAACGGAC,0,5001230
yjbJ_predicted,0.06666666666666667,14,14,TAAAGTTACAGGGAGTGAAG,0,4999701
yjbJ_predicted,0.06666666666666667,14,14,GTTTACTAGGAATTGATGGG,0,5001171
yjbJ_predicted,0.06666666666666667,14,14,GTTGACGGAGGGGTGCCACA,0,4998303
yjbJ_predicted,0.06666666666666667,14,14,GTGGGGTAATGGTCCTCAAG,0,5016718
yjbJ_predicted,0.06666666666666667,14,14,GTGATAACAGAATGGACCTG,0,4996686
yjbJ_predicted,0.06666666666666667,14,14,GTCTCGTCACGCTCGGCGAC,0,5011077
yjbJ_predicted,0.06666666666666667,14,14,GTCTCAAACGTTGAGGACTA,0,5013584
yjbJ_predicted,0.06666666666666667,14,14,GTCGGTTTTGACGTCTTGGT,0,5026904
yjbJ_predicted,0.06666666666666667,14,14,GTCCCATTAGAACGTTTCCA,0,5001100
yjbJ_predicted,0.06666666666666667,14,14,GTCATACATTACCCTAACGC,0,4998120
yjbJ_predicted,0.06666666666666667,14,14,GTCACATATTTAGGCATCTA,0,4998925
yjbJ_predicted,0.06666666666666667,14,14,GTCAACCATAGTAGCGGAGC,0,5017023
yjbJ_predicted,0.06666666666666667,14,14,GTAGAATAAGTACAAACACT,0,5021692
yjbJ_predicted,0.06666666666666667,14,14,GTACGCTTGCGGCACGAGGC,0,4998144
yjbJ_predicted,0.06666666666666667,14,14,GTACAGTGGGTATATTCACT,0,5022930
yjbJ_predicted,0.06666666666666667,14,14,GTAAGAGTTACTTTCCCGAC,0,5001036
yjbJ_predicted,0.06666666666666667,14,14,GGTTTCGCTCTTGTACACCC,0,5009409
yjbJ_predicted,0.06666666666666667,14,14,GGTTGGGCCGAAGGTAATCG,0,5009544
yjbJ_predicted,0.06666666666666667,14,14,GGTAAAAGCACCCGGCTCAC,0,5020449
yjbJ_predicted,0.06666666666666667,14,14,GGGTTTGGATCACTTATCTC,0,5030702
yjbJ_predicted,0.06666666666666667,14,14,GGGTAGTTTGGAGTATCAGT,0,5001701
yjbJ_predicted,0.06666666666666667,14,14,GGGCAATACATCAGTGCGGG,0,4995599
yjbJ_predicted,0.06666666666666667,14,14,GGCGAGGTGCTGTCATCTGA,0,4999445
yjbJ_predicted,0.06666666666666667,14,14,GGCCTCGCGCGCATTCCAGT,0,5029144
yjbJ_predicted,0.06666666666666667,14,14,GGCCGCTCTTTCTACGAGGT,0,5010761
yjbJ_predicted,0.06666666666666667,14,14,GGCATATATGCCGATTCCGT,0,5011905
yjbJ_predicted,0.06666666666666667,14,14,GGCACGGACAAATGACTAGG,0,5000089
yjbJ_predicted,0.06666666666666667,14,14,GGATGGAGATTAGGCAAGAA,0,5011210
yjbJ_predicted,0.06666666666666667,14,14,GCTTCTAAATAGATACACAA,0,5005489
yjbJ_predicted,0.06666666666666667,14,14,GCTCCTAGAATTAAAACCTG,0,5002814
yjbJ_predicted,0.06666666666666667,14,14,GCTATTCGATTGTGGTATAC,0,4994862
yjbJ_predicted,0.06666666666666667,14,14,GCGTTTTATGTCCCTTTGTA,0,4995592
yjbJ_predicted,0.06666666666666667,14,14,GCGTTGTCGATCCTTCGTAT,0,5026353
yjbJ_predicted,0.06666666666666667,14,14,GCGACGGCCCGGGTTGGCAG,0,5021989
yjbJ_predicted,0.06666666666666667,14,14,GCCTCTGCCGCACACTTAAA,0,5001073
yjbJ_predicted,0.06666666666666667,14,14,GCCTCTAATGCTGCATGTGC,0,4998404
yjbJ_predicted,0.06666666666666667,14,14,GCAGAGCTTTTGGTGAGAGA,0,5024803
yjbJ_predicted,0.06666666666666667,14,14,GCACGTCAAATGGGCCTAAT,0,5001948
yjbJ_predicted,0.06666666666666667,14,14,GATTTGAATCTGTTAATGGT,0,5020312
yjbJ_predicted,0.06666666666666667,14,14,GATGGGTTTACCTCGGAAAT,0,5031232
yjbJ_predicted,0.06666666666666667,14,14,GATCGACCCGCAGGGATATG,0,5004397
yjbJ_predicted,0.06666666666666667,14,14,GAGCACTTGGCCGGCAGTCA,0,4997844
yjbJ_predicted,0.06666666666666667,14,14,GACTGAAAACGAGACCATTA,0,5009754
yjbJ_predicted,0.06666666666666667,14,14,GACGTACCGCAGTAAACCGA,0,5000033
yjbJ_predicted,0.06666666666666667,14,14,GACATAAAAATATTAATTAG,0,5027970
yjbJ_predicted,0.06666666666666667,14,14,GAAGGTTCAGAGGAGAGTGT,0,5002732
yjbJ_predicted,0.06666666666666667,14,14,GAAGGTCCGGTTGTGTGGTT,0,5025072
yjbJ_predicted,0.06666666666666667,14,14,GAAGGATACCTGTATAAATC,0,5028995
yjbJ_predicted,0.06666666666666667,14,14,GAAGCACGTATAGGACACGA,0,4997846
yjbJ_predicted,0.06666666666666667,14,14,GAAGATGGAGGGATTTCAAA,0,5026399
yjbJ_predicted,0.06666666666666667,14,14,GAAAAAGTGGACCCGTTAGG,0,5027155
yjbJ_predicted,0.06666666666666667,14,14,CTTTTGTCGGAGAAAGCGTG,0,5020457
yjbJ_predicted,0.06666666666666667,14,14,CTTTACTTTAACTTAGGGAG,0,4995950
yjbJ_predicted,0.06666666666666667,14,14,CTTCGTCCGATGGTATATAG,0,4998732
yjbJ_predicted,0.06666666666666667,14,14,CTTAGTCCCAAGCAAACCCC,0,5029446
yjbJ_predicted,0.06666666666666667,14,14,CTTACTTTGGTTGGAATGGT,0,5008311
yjbJ_predicted,0.06666666666666667,14,14,CTTACCAGGATCTACCCAAA,0,5026394
yjbJ_predicted,0.06666666666666667,14,14,CTGTTTCATAATTTCTGGCA,0,4995275
yjbJ_predicted,0.06666666666666667,14,14,CTGTCAAGTTACGGTAGTCA,0,5024351
yjbJ_predicted,0.06666666666666667,14,14,CTGCGGGAAACTTGGTGGAA,0,5013222
yjbJ_predicted,0.06666666666666667,14,14,CTGCCAGCAGAAATATACGG,0,4996602
yjbJ_predicted,0.06666666666666667,14,14,CTCCGGCGGTTAGCAAGCAG,0,5021845
yjbJ_predicted,0.06666666666666667,14,14,CTAGGCGTAAGGGGTATCGG,0,5017227
yjbJ_predicted,0.06666666666666667,14,14,CTACCGACCGTCGGGCTTCC,0,4997415
yjbJ_predicted,0.06666666666666667,14,14,CTACATGCGATCTCACGAAA,0,5025367
yjbJ_predicted,0.06666666666666667,14,14,CGTGCAGGTGTATTGGTAAG,0,4998359
yjbJ_predicted,0.06666666666666667,14,14,CGTCTAAAAACGATGTAGAG,0,5009465
yjbJ_predicted,0.06666666666666667,14,14,CGTCGTTGGACTCGTACTTT,0,5011147
yjbJ_predicted,0.06666666666666667,14,14,CGTAATCTAACTATATAGCC,0,5009428
yjbJ_predicted,0.06666666666666667,14,14,CGGTCGCGACCCTAGTTGCA,0,5005846
yjbJ_predicted,0.06666666666666667,14,14,CGGGGGGTTACGTGGGATAC,0,5021873
yjbJ_predicted,0.06666666666666667,14,14,CGGGGGGAGTGCCACAATTG,0,5000440
yjbJ_predicted,0.06666666666666667,14,14,CGGCCATTTGCACTCCAATA,0,5017054
yjbJ_predicted,0.06666666666666667,14,14,CGGCAAACTTATTCGGAGCT,0,5003900
yjbJ_predicted,0.06666666666666667,14,14,CGGATACCGGCCTGAGAGGC,0,5002234
yjbJ_predicted,0.06666666666666667,14,14,CGCTGTATCGGTGTCAAGGT,0,4995804
yjbJ_predicted,0.06666666666666667,14,14,CGCGCTCGATGTCAATATGC,0,5004984
yjbJ_predicted,0.06666666666666667,14,14,CGCGACGACACACCACAGCT,0,4997867
yjbJ_predicted,0.06666666666666667,14,14,CGCCCCGGGACTTGCAAAAG,0,5007977
yjbJ_predicted,0.06666666666666667,14,14,CGCACGACCCGGTACTGATC,0,5009166
yjbJ_predicted,0.06666666666666667,14,14,CGATGAACCAACAATGTCAG,0,5011705
yjbJ_predicted,0.06666666666666667,14,14,CCTTTCATAACCATTTCTGA,0,5020103
yjbJ_predicted,0.06666666666666667,14,14,CCTGTCTTTACGTCACAGTA,0,5020352
yjbJ_predicted,0.06666666666666667,14,14,CCTCATGAGGACCTAGTGTG,0,5019753
yjbJ_predicted,0.06666666666666667,14,14,CCTACCAAAGCTTCGCTTAG,0,5023979
yjbJ_predicted,0.06666666666666667,14,14,CCTACACGGCATCTAACGGG,0,5025459
yjbJ_predicted,0.06666666666666667,14,14,CCGTACATCGAGGATTATCC,0,5012776
yjbJ_predicted,0.06666666666666667,14,14,CCGGTTCTACATGACAGTAC,0,5005411
yjbJ_predicted,0.06666666666666667,14,14,CCGGCTTAGGAATTGCGAGT,0,5016295
yjbJ_predicted,0.06666666666666667,14,14,CCGGAGGCCATAAGGACCTC,0,5022644
yjbJ_predicted,0.06666666666666667,14,14,CCGGAAGAATGACATGGGGA,0,5026441
yjbJ_predicted,0.06666666666666667,14,14,CCGCTTTGTATATCAAAGTA,0,5007674
yjbJ_predicted,0.06666666666666667,14,14,CCGAGGAGCTCGTATGGCAA,0,5007224
yjbJ_predicted,0.06666666666666667,14,14,CCCGGATCAGGCGTCTCTTT,0,5010002
yjbJ_predicted,0.06666666666666667,14,14,CCCCCTCTCCGTCGGAGTCA,0,5012847
yjbJ_predicted,0.06666666666666667,14,14,CCCCCGCAAACACCGGAGGT,0,5014471
yjbJ_predicted,0.06666666666666667,14,14,CCCAATGATGTCGAGTACAT,0,5011091
yjbJ_predicted,0.06666666666666667,14,14,CCAGGTTCCTTCGTGAAAAG,0,5011121
yjbJ_predicted,0.06666666666666667,14,14,CCAGGCCGTACGAGTTTATA,0,5024168
yjbJ_predicted,0.06666666666666667,14,14,CCACTAGCGCGTAACTGGTT,0,5022470
yjbJ_predicted,0.06666666666666667,14,14,CATGGAGGGGAGCCTTACAT,0,5008546
yjbJ_predicted,0.06666666666666667,14,14,CATACCATCGATACAACCCC,0,5016748
yjbJ_predicted,0.06666666666666667,14,14,CATAATCCGTAGAGACACGA,0,5001317
yjbJ_predicted,0.06666666666666667,14,14,CAGTAAATTCTAACAGATCC,0,5025139
yjbJ_predicted,0.06666666666666667,14,14,CAGGTCGAGGACGCAGGCAA,0,5000165
yjbJ_predicted,0.06666666666666667,14,14,CAGGCGTGGTACGGCAGCGA,0,5025471
yjbJ_predicted,0.06666666666666667,14,14,CAGGATGCATAAAGGCGTTA,0,5000361
yjbJ_predicted,0.06666666666666667,14,14,CAGCGTCGAAGAATTAGTGT,0,5029470
yjbJ_predicted,0.06666666666666667,14,14,CAGCGAAGGAGATATGCAAA,0,4996310
yjbJ_predicted,0.06666666666666667,14,14,CACCTCCCTGCTTGGTCCAA,0,5023958
yjbJ_predicted,0.06666666666666667,14,14,CACAGTATACTCTTCCTACA,0,5002173
yjbJ_predicted,0.06666666666666667,14,14,CACAGTACCTGGCCCTTTGC,0,5012552
yjbJ_predicted,0.06666666666666667,14,14,CACAGCGCAGAATCGCCGAA,0,5014176
yjbJ_predicted,0.06666666666666667,14,14,CACACGTGATTCAAGGGACA,0,5005955
yjbJ_predicted,0.06666666666666667,14,14,CAATGTACTCGTCTATTGAT,0,4997400
yjbJ_predicted,0.06666666666666667,14,14,CAATCCGGATTACGTGCAGG,0,5015929
yjbJ_predicted,0.06666666666666667,14,14,CAAGGCATGCGTGCTAATCC,0,5026978
yjbJ_predicted,0.06666666666666667,14,14,ATTGTCCGGTCTCAGCTCGG,0,5004164
yjbJ_predicted,0.06666666666666667,14,14,ATGTGTTCCTCGCCTAAACG,0,5018014
yjbJ_predicted,0.06666666666666667,14,14,ATGGCTTTATTCGGTGTCAG,0,4996872
yjbJ_predicted,0.06666666666666667,14,14,ATGGCTCGTCGTCCTTATAA,0,4997489
yjbJ_predicted,0.06666666666666667,14,14,ATGCTATTGATGTGACAATA,0,5027981
yjbJ_predicted,0.06666666666666667,14,14,ATCTCATGCTAGGTAAGGTT,0,5017602
yjbJ_predicted,0.06666666666666667,14,14,ATCTCAAGGTTATGGTAACA,0,5027921
yjbJ_predicted,0.06666666666666667,14,14,ATCCCGCGCGTTAAATAAAC,0,5027637
yjbJ_predicted,0.06666666666666667,14,14,ATATCCGTGTCTACTCATAG,0,5006510
yjbJ_predicted,0.06666666666666667,14,14,ATACTGGTTTGCATGCTAGT,0,4999895
yjbJ_predicted,0.06666666666666667,14,14,ATAACGCTGTGTAAGTTGGT,0,4998512
yjbJ_predicted,0.06666666666666667,14,14,ATAACGATTGTAGTCGGCAT,0,5011324
yjbJ_predicted,0.06666666666666667,14,14,AGTGCTACTCCCCAGGGACA,0,5008334
yjbJ_predicted,0.06666666666666667,14,14,AGGCATCTCTGGACGTTAGA,0,5012617
yjbJ_predicted,0.06666666666666667,14,14,AGGAGAGTCCGCTGTCGAGC,0,5009019
yjbJ_predicted,0.06666666666666667,14,14,AGCCAATTAGTGTCCATGTT,0,5029973
yjbJ_predicted,0.06666666666666667,14,14,AGCCAACATGTTTGTTGTAG,0,4998672
yjbJ_predicted,0.06666666666666667,14,14,AGCATACGTTCCTACAGGCG,0,5031158
yjbJ_predicted,0.06666666666666667,14,14,AGCAACTGGTACCTAGGGTT,0,5016290
yjbJ_predicted,0.06666666666666667,14,14,AGAGTGCTGTCCGCTCACAA,0,5011202
yjbJ_predicted,0.06666666666666667,14,14,AGACCCTGGGCACGGAGTAG,0,5017188
yjbJ_predicted,0.06666666666666667,14,14,AGACAGCCGAGTGCACGCAT,0,5029991
yjbJ_predicted,0.06666666666666667,14,14,ACTTGTCACAAGTGGGGACC,0,5001843
yjbJ_predicted,0.06666666666666667,14,14,ACTCGATTACTGAGACTTTC,0,4996202
yjbJ_predicted,0.06666666666666667,14,14,ACGTGACGTAAGTATCTCGC,0,4998903
yjbJ_predicted,0.06666666666666667,14,14,ACGTCTTTGTGTGTTGGGAA,0,5030897
yjbJ_predicted,0.06666666666666667,14,14,ACGTCGTATAAGAGCGCGCC,0,5001664
yjbJ_predicted,0.06666666666666667,14,14,ACGTAGAAATCTGAGATAAG,0,5017285
yjbJ_predicted,0.06666666666666667,14,14,ACGGGTTTCACGTGATAAGT,0,5019858
yjbJ_predicted,0.06666666666666667,14,14,ACGGATCCACGACTTATTCT,0,4998895
yjbJ_predicted,0.06666666666666667,14,14,ACGCCTCAAGCGGTGTAATC,0,5017815
yjbJ_predicted,0.06666666666666667,14,14,ACCTAGTATTGGACATGGGA,0,5029692
yjbJ_predicted,0.06666666666666667,14,14,ACCGAGACCACCTGCGCAAT,0,5010110
yjbJ_predicted,0.06666666666666667,14,14,ACCAATATTTATGGATCTTC,0,5016338
yjbJ_predicted,0.06666666666666667,14,14,ACATGACAAGGTCACCCTTG,0,5017340
yjbJ_predicted,0.06666666666666667,14,14,ACAGTTGGAACGCTCATCAA,0,5000738
yjbJ_predicted,0.06666666666666667,14,14,ACAAGTTCATTCCAGCCGGT,0,5005458
yjbJ_predicted,0.06666666666666667,14,14,AATGGGAGTTGCGGCATCTC,0,5001605
yjbJ_predicted,0.06666666666666667,14,14,AATGAGCCTTTGTGGATTGG,0,5023332
yjbJ_predicted,0.06666666666666667,14,14,AATCAGTCGTTCGGGGATCG,0,5002803
yjbJ_predicted,0.06666666666666667,14,14,AAGCGGTCGGGCTGTACCGT,0,5003317
yjbJ_predicted,0.06666666666666667,14,14,AAGATTTGACTATCGTTCCA,0,5002880
yjbJ_predicted,0.06666666666666667,14,14,AAGATATGTTGAAATTGGAC,0,5003922
yjbJ_predicted,0.06666666666666667,14,14,AACTCCCAGAGAATTCTCGA,0,5004221
yjbJ_predicted,0.06666666666666667,14,14,AACGCTCTGCTGTAGCATTC,0,5030451
yjbJ_predicted,0.06666666666666667,14,14,AACGCGAGGTTGGCAAAAAA,0,5018159
yjbJ_predicted,0.06666666666666667,14,14,AACGCGAATTGTTTTAAGAG,0,5031007
yjbJ_predicted,0.06666666666666667,14,14,AAATACCACATGGGTAGGTA,0,5015930
yjbJ_predicted,0.06666666666666667,14,14,AAAGTATCATGATATTTCGT,0,5005381
yjbJ_predicted,0.06666666666666667,14,14,AAAGCACGGAGCCTGCTCTC,0,5016691
yjbJ_predicted,0.06666666666666667,14,14,AAAGACGGCCTCAAAAGGCT,0,5005508
yjbJ_predicted,0.06666666666666667,14,14,AAAACATATCCTACCGATCA,0,5020558
yjbJ_predicted,0.07142857142857142,13,13,TTTTCGTTCTTTGCCGTCAT,0,5016588
yjbJ_predicted,0.07142857142857142,13,13,TTTCGCTGATTTCCCTCTTT,0,5002702
yjbJ_predicted,0.07142857142857142,13,13,TTGGGATAGAGCTACGTGGC,0,5012043
yjbJ_predicted,0.07142857142857142,13,13,TTCTGCTCCCTGACCGTTCG,0,5024977
yjbJ_predicted,0.07142857142857142,13,13,TTCGTTTATAGTATTGGGGT,0,5025122
yjbJ_predicted,0.07142857142857142,13,13,TTCAATGGATGTTTTTGGCC,0,5003381
yjbJ_predicted,0.07142857142857142,13,13,TTATATGTGATCCCCATCCT,0,5003459
yjbJ_predicted,0.07142857142857142,13,13,TTAGTCAAAGAATACTATCA,0,5022105
yjbJ_predicted,0.07142857142857142,13,13,TTAGGGCTTTTGGATAAGAG,0,4996629
yjbJ_predicted,0.07142857142857142,13,13,TTAGGCTCACGCTCGCAGAA,0,5025360
yjbJ_predicted,0.07142857142857142,13,13,TTAATACCTTACGCTCTCAA,0,5014512
yjbJ_predicted,0.07142857142857142,13,13,TTAACTGGGATCTATCACCA,0,5004055
yjbJ_predicted,0.07142857142857142,13,13,TTAACGTATAGTTCAACCAC,0,5007376
yjbJ_predicted,0.07142857142857142,13,13,TGTGGTTTACGACGCATTCT,0,5008308
yjbJ_predicted,0.07142857142857142,13,13,TGTCGGGGGGATTCCCGTGA,0,5009788
yjbJ_predicted,0.07142857142857142,13,13,TGTCAGCTGGACGTTGTCGT,0,5014539
yjbJ_predicted,0.07142857142857142,13,13,TGGTTCTGCAACCCATAGGC,0,5025391
yjbJ_predicted,0.07142857142857142,13,13,TGGTATCTAATAACTTTGAG,0,5014651
yjbJ_predicted,0.07142857142857142,13,13,TGGCGTTAGGTGGATCGGGT,0,5029317
yjbJ_predicted,0.07142857142857142,13,13,TGGCGGCCGCGCAGCACTGT,0,5018592
yjbJ_predicted,0.07142857142857142,13,13,TGGCGAGTATAAACGACGAT,0,5016348
yjbJ_predicted,0.07142857142857142,13,13,TGGATATAGCACTATGCGGT,0,5020063
yjbJ_predicted,0.07142857142857142,13,13,TGGAAGATTTGGTTCCTACC,0,5016177
yjbJ_predicted,0.07142857142857142,13,13,TGCTAGCACGTTCACGTAGT,0,5022732
yjbJ_predicted,0.07142857142857142,13,13,TGCCGTAGCAGGCTTGCCTT,0,5004466
yjbJ_predicted,0.07142857142857142,13,13,TGCATCGTATAGCAACCGTA,0,4996490
yjbJ_predicted,0.07142857142857142,13,13,TGACTTTCACGTAACGGGTT,0,5003309
yjbJ_predicted,0.07142857142857142,13,13,TGAAAAAAGGCGAGGGCGAA,0,4999258
yjbJ_predicted,0.07142857142857142,13,13,TCTTTGAGCCGATATTTATA,0,5014497
yjbJ_predicted,0.07142857142857142,13,13,TCTTACGGTCATCTAAGAGT,0,5005676
yjbJ_predicted,0.07142857142857142,13,13,TCTGTAGCTACAGGCTGCTA,0,5001549
yjbJ_predicted,0.07142857142857142,13,13,TCTGGAGGTGTAGAAGGATA,0,5013232
yjbJ_predicted,0.07142857142857142,13,13,TCTGCAGTGATCAGTAGTGG,0,5003406
yjbJ_predicted,0.07142857142857142,13,13,TCTATGGTCGGCTTGTGAGA,0,5027229
yjbJ_predicted,0.07142857142857142,13,13,TCGTGCAAGTTACGGTGGCT,0,5018994
yjbJ_predicted,0.07142857142857142,13,13,TCGGGGGTGGTTTAGATCAC,0,4997892
yjbJ_predicted,0.07142857142857142,13,13,TCGAGTGACATGTGGTCAGA,0,5018228
yjbJ_predicted,0.07142857142857142,13,13,TCCGTGACAGAAAGGACTCT,0,4998209
yjbJ_predicted,0.07142857142857142,13,13,TCCACTGCAAGAGAACTCCA,0,5012074
yjbJ_predicted,0.07142857142857142,13,13,TCCAATTTGGACATATAAGG,0,5009943
yjbJ_predicted,0.07142857142857142,13,13,TCATCCTCGGAAAGACTTAG,0,4999116
yjbJ_predicted,0.07142857142857142,13,13,TCAGTTCTACTAAGGAACAG,0,4996820
yjbJ_predicted,0.07142857142857142,13,13,TCAAGGCAACAAGTATGGGA,0,5013260
yjbJ_predicted,0.07142857142857142,13,13,TATTTCATTCAAAACAATAT,0,5002583
yjbJ_predicted,0.07142857142857142,13,13,TATATGTTCGTAGGGGACAT,0,5008115
yjbJ_predicted,0.07142857142857142,13,13,TAGTCATCAAGTCCTGATAT,0,5013721
yjbJ_predicted,0.07142857142857142,13,13,TAGGGCCAAGGTCGGGGATG,0,5012846
yjbJ_predicted,0.07142857142857142,13,13,TACGGATTGTGAGGCGCGTA,0,5010134
yjbJ_predicted,0.07142857142857142,13,13,TACCCTGGAATGCGAGACCT,0,5006881
yjbJ_predicted,0.07142857142857142,13,13,TACACCAACTCCCTGGGGGA,0,4996174
yjbJ_predicted,0.07142857142857142,13,13,TAACGAACATCCCGGAATGG,0,5004699
yjbJ_predicted,0.07142857142857142,13,13,TAACATGGGTCTTAATGATA,0,5021915
yjbJ_predicted,0.07142857142857142,13,13,TAAATATGATACATTGCGTC,0,5005581
yjbJ_predicted,0.07142857142857142,13,13,TAAATAGGACCAAGTTCGAA,0,5020922
yjbJ_predicted,0.07142857142857142,13,13,TAAAGATGGCCTCTTCAACG,0,5000765
yjbJ_predicted,0.07142857142857142,13,13,GTTGGGATAAACATTTGTCG,0,5019218
yjbJ_predicted,0.07142857142857142,13,13,GTTCACTAGCACCTGGGGAT,0,5020696
yjbJ_predicted,0.07142857142857142,13,13,GTTATTCGCAAGGAGTTCTC,0,5002408
yjbJ_predicted,0.07142857142857142,13,13,GTTATTAGTCTCAGCATTGA,0,5014513
yjbJ_predicted,0.07142857142857142,13,13,GTTAAACTTAGAGGTGTTGA,0,5003067
yjbJ_predicted,0.07142857142857142,13,13,GTGGGTCGAATCATGTATGG,0,5004724
yjbJ_predicted,0.07142857142857142,13,13,GTGATACACTTCGACTTTTA,0,5000818
yjbJ_predicted,0.07142857142857142,13,13,GTCGTACTACAGTACTAGCA,0,5025419
yjbJ_predicted,0.07142857142857142,13,13,GTAGGGACGGGCGTATTTAG,0,5012920
yjbJ_predicted,0.07142857142857142,13,13,GGTTCCTGGAAAGAATCCTC,0,5002808
yjbJ_predicted,0.07142857142857142,13,13,GGTTATCATGCCTCAAGTCC,0,5021457
yjbJ_predicted,0.07142857142857142,13,13,GGTCTCCTTTCTGAACGTAT,0,4997789
yjbJ_predicted,0.07142857142857142,13,13,GGTCAAACGCCTAAACGTAT,0,4996336
yjbJ_predicted,0.07142857142857142,13,13,GGTAACCGCTTTAGATGGTT,0,5004655
yjbJ_predicted,0.07142857142857142,13,13,GGGTTGACCGGTCACATTAA,0,5008193
yjbJ_predicted,0.07142857142857142,13,13,GGGTCTACTCGATAGCTCAC,0,5011139
yjbJ_predicted,0.07142857142857142,13,13,GGGCTCTGGGTAACGCAGGT,0,5001127
yjbJ_predicted,0.07142857142857142,13,13,GGGAGCTAACAAGTGGCATG,0,5012246
yjbJ_predicted,0.07142857142857142,13,13,GGCAAGTTCCGATGGACAGA,0,5001129
yjbJ_predicted,0.07142857142857142,13,13,GGAGCCATAGCATGCCCGCC,0,5004952
yjbJ_predicted,0.07142857142857142,13,13,GGAGACGGCCAATGAGGGAT,0,5027581
yjbJ_predicted,0.07142857142857142,13,13,GGAGACCGGAGTCTAACTTC,0,5001658
yjbJ_predicted,0.07142857142857142,13,13,GGAATATCGAGAATACAGAG,0,5003680
yjbJ_predicted,0.07142857142857142,13,13,GGAAGCGGACAGAACCTCTT,0,5011709
yjbJ_predicted,0.07142857142857142,13,13,GCTGCTACTCCAATCTGACA,0,5008424
yjbJ_predicted,0.07142857142857142,13,13,GCGGTCCTCGACAGTTATCA,0,5018241
yjbJ_predicted,0.07142857142857142,13,13,GCCTACAAACGGCACCTAAA,0,5030153
yjbJ_predicted,0.07142857142857142,13,13,GCCGTAGTTACGACCCGCTT,0,5008900
yjbJ_predicted,0.07142857142857142,13,13,GCCCTTATCGTCTCAGTGTT,0,5019686
yjbJ_predicted,0.07142857142857142,13,13,GCCAGTGAATTAAGGCCCAT,0,5010050
yjbJ_predicted,0.07142857142857142,13,13,GCATGAAGAGAATCAGATAC,0,5011059
yjbJ_predicted,0.07142857142857142,13,13,GCATAAGTGGTACTATGTAC,0,5009631
yjbJ_predicted,0.07142857142857142,13,13,GCAAACAGCGTACATTCCTC,0,5014712
yjbJ_predicted,0.07142857142857142,13,13,GATTTCTATCGAGATTTTGG,0,5005954
yjbJ_predicted,0.07142857142857142,13,13,GATTCACAGGGGTGGAAGTA,0,5018926
yjbJ_predicted,0.07142857142857142,13,13,GATACCGGGATAATAAGGGA,0,5029526
yjbJ_predicted,0.07142857142857142,13,13,GAGTAGGGTTTCCTCAACAC,0,5013018
yjbJ_predicted,0.07142857142857142,13,13,GAGCCGGGGAGCAGGCGACG,0,4997865
yjbJ_predicted,0.07142857142857142,13,13,GAGAGGGCTCCATCTCCAGG,0,5022199
yjbJ_predicted,0.07142857142857142,13,13,GAGAGCTACGTCGGACCGAT,0,5007372
yjbJ_predicted,0.07142857142857142,13,13,GACTAATGATGGGGCTCTTT,0,5005102
yjbJ_predicted,0.07142857142857142,13,13,GAATGTACGCCATTCACCCA,0,4997623
yjbJ_predicted,0.07142857142857142,13,13,GAAGTGCAAATTACGACCTT,0,5017814
yjbJ_predicted,0.07142857142857142,13,13,GAAGCTTCAAAGGCTGGCTC,0,5024356
yjbJ_predicted,0.07142857142857142,13,13,GAACGCGGTGAGTACCAACG,0,5009902
yjbJ_predicted,0.07142857142857142,13,13,GAAATGGTGCCAGTAACGTA,0,5022605
yjbJ_predicted,0.07142857142857142,13,13,GAAACGGAGCAAATGAGGTA,0,4997981
yjbJ_predicted,0.07142857142857142,13,13,CTTTTTGGTCTTGGAGACGC,0,5022797
yjbJ_predicted,0.07142857142857142,13,13,CTTTGCCTTGTAGTGCCGCA,0,5022591
yjbJ_predicted,0.07142857142857142,13,13,CTTTGATAAGGAGTCGCCAG,0,5030748
yjbJ_predicted,0.07142857142857142,13,13,CTTGTTTGGATCTGAGGCGT,0,5001588
yjbJ_predicted,0.07142857142857142,13,13,CTTCTTCACCTGAACGCGTA,0,5029988
yjbJ_predicted,0.07142857142857142,13,13,CTGTGTAGCTCGTATCTAAA,0,5004875
yjbJ_predicted,0.07142857142857142,13,13,CTGGAGCTATTATCGATCTG,0,5007273
yjbJ_predicted,0.07142857142857142,13,13,CTGCACGTTAGATTCCATAA,0,5000946
yjbJ_predicted,0.07142857142857142,13,13,CTGATAAATCTGTGCTGGGG,0,5007906
yjbJ_predicted,0.07142857142857142,13,13,CTCTAAAGGAGGGCGTGTTC,0,5012648
yjbJ_predicted,0.07142857142857142,13,13,CTCCCAACACAAGAGAGCGG,0,5018076
yjbJ_predicted,0.07142857142857142,13,13,CTATTAGGTTTTAAACGTTG,0,4994932
yjbJ_predicted,0.07142857142857142,13,13,CTATCGCACTAATTGAGGTC,0,5025317
yjbJ_predicted,0.07142857142857142,13,13,CTATCCAGACTTGCCTAAGC,0,5006089
yjbJ_predicted,0.07142857142857142,13,13,CTAGGTAAAAGCCGAAATTT,0,5019060
yjbJ_predicted,0.07142857142857142,13,13,CTAACGCCTGTTCCCAAGAG,0,5030351
yjbJ_predicted,0.07142857142857142,13,13,CGTTTGATATCGATGGGCTT,0,5013681
yjbJ_predicted,0.07142857142857142,13,13,CGTTGTTTTGTAAGCCTGCA,0,5020429
yjbJ_predicted,0.07142857142857142,13,13,CGTGTGTAGAAGGACCTGTG,0,5018343
yjbJ_predicted,0.07142857142857142,13,13,CGTGGGGAGTAACGTGCTAC,0,5009906
yjbJ_predicted,0.07142857142857142,13,13,CGTGCGCCACGGAGTCGCAA,0,5005039
yjbJ_predicted,0.07142857142857142,13,13,CGGTTTCGATCTTGACAATT,0,5024716
yjbJ_predicted,0.07142857142857142,13,13,CGGTCTTTGGTACGCTGGCG,0,5003725
yjbJ_predicted,0.07142857142857142,13,13,CGGTCAGCGACCGTCATTCT,0,5006616
yjbJ_predicted,0.07142857142857142,13,13,CGCGTTCGTAGGTAAACACA,0,5014510
yjbJ_predicted,0.07142857142857142,13,13,CGCGAATGGAAGAAAGTATA,0,5029695
yjbJ_predicted,0.07142857142857142,13,13,CGCCTCCGAGCTAGGAATAC,0,5010879
yjbJ_predicted,0.07142857142857142,13,13,CGCCGATAAGGGGCCAGTTG,0,5012688
yjbJ_predicted,0.07142857142857142,13,13,CGCAGCTGCTACACGTAGTT,0,4998196
yjbJ_predicted,0.07142857142857142,13,13,CGCAAAGATAGGGAGAATTA,0,5020861
yjbJ_predicted,0.07142857142857142,13,13,CGATCTCAGTCTACCTGACA,0,5007831
yjbJ_predicted,0.07142857142857142,13,13,CGACACTCGGATCTGGCGTC,0,5025911
yjbJ_predicted,0.07142857142857142,13,13,CCTGGCCACTGACCCTGCAG,0,5013720
yjbJ_predicted,0.07142857142857142,13,13,CCTCGATGTCATCCCTGAAG,0,5026176
yjbJ_predicted,0.07142857142857142,13,13,CCTATGCAGTCTTCATTTGT,0,4999467
yjbJ_predicted,0.07142857142857142,13,13,CCGGCAACATACCCTACTGC,0,5010344
yjbJ_predicted,0.07142857142857142,13,13,CCGAGCAGATAGCGGTCTTG,0,5014485
yjbJ_predicted,0.07142857142857142,13,13,CCCGTCTGATAGGCCTTTTG,0,4995367
yjbJ_predicted,0.07142857142857142,13,13,CCCGCGCAATCTTCGTACGT,0,5012415
yjbJ_predicted,0.07142857142857142,13,13,CCCCGTTGAGAATAAAAGAG,0,5029601
yjbJ_predicted,0.07142857142857142,13,13,CCCACATTCATTACCTTTGA,0,5005490
yjbJ_predicted,0.07142857142857142,13,13,CCATGCGGTGTACTGCTGCA,0,5014244
yjbJ_predicted,0.07142857142857142,13,13,CCATGATTTTAGATCAAACG,0,5008015
yjbJ_predicted,0.07142857142857142,13,13,CCACCCGTCTATCGTACATT,0,5031005
yjbJ_predicted,0.07142857142857142,13,13,CCACATGCCGTATATCTTGT,0,5012824
yjbJ_predicted,0.07142857142857142,13,13,CCAATGCGCCTAGGTGTGGC,0,5009139
yjbJ_predicted,0.07142857142857142,13,13,CCAATAAGACTCTGGAGTCT,0,5003093
yjbJ_predicted,0.07142857142857142,13,13,CATTTGGAGAGGTTGCAAGT,0,5023991
yjbJ_predicted,0.07142857142857142,13,13,CATTATGGCACACACCAAAG,0,5013426
yjbJ_predicted,0.07142857142857142,13,13,CATGCTAACAACACAAAGAT,0,5013335
yjbJ_predicted,0.07142857142857142,13,13,CAGTTGAGCGCTCGCGTTAT,0,5026465
yjbJ_predicted,0.07142857142857142,13,13,CAGTCTGGTCAAGGAGTCTC,0,5002008
yjbJ_predicted,0.07142857142857142,13,13,CAGGCAAAAGATTTTTGGCG,0,4999471
yjbJ_predicted,0.07142857142857142,13,13,CAGAAGTCTAACTCCTCCGG,0,5003235
yjbJ_predicted,0.07142857142857142,13,13,CACCAGGCAAGACTGTCCAC,0,5014682
yjbJ_predicted,0.07142857142857142,13,13,CACATGTTGGCATGTGCACG,0,5022223
yjbJ_predicted,0.07142857142857142,13,13,CACAGGGGTATGCTTTCTCG,0,4997901
yjbJ_predicted,0.07142857142857142,13,13,CAATTACGGATACATCTAAC,0,4999554
yjbJ_predicted,0.07142857142857142,13,13,CAATGGTTGGATAGAACTAG,0,5024220
yjbJ_predicted,0.07142857142857142,13,13,CAAGCCCGACCTGGAGGATG,0,5004802
yjbJ_predicted,0.07142857142857142,13,13,ATTTCGGTGCGGACGCTAGT,0,4999674
yjbJ_predicted,0.07142857142857142,13,13,ATTTCAGTCGCTATTCCCGC,0,5002759
yjbJ_predicted,0.07142857142857142,13,13,ATGTCGTTTCCGTCTTGGGA,0,5000118
yjbJ_predicted,0.07142857142857142,13,13,ATGTAGCCGGGCAGCGAGAG,0,5022849
yjbJ_predicted,0.07142857142857142,13,13,ATGGGGGTAAGTCTCTGCCC,0,5005013
yjbJ_predicted,0.07142857142857142,13,13,ATGACAAGTCGAGATCCGTA,0,5011455
yjbJ_predicted,0.07142857142857142,13,13,ATAGCTGAGTACATCCACGG,0,5002677
yjbJ_predicted,0.07142857142857142,13,13,ATAGATTGGAGGCCACGAGG,0,5004985
yjbJ_predicted,0.07142857142857142,13,13,AGTTGGAAGAACTTGAGCCA,0,5014517
yjbJ_predicted,0.07142857142857142,13,13,AGTATACTATCCCGATCCGA,0,5023699
yjbJ_predicted,0.07142857142857142,13,13,AGGGTGGTTTATGAACGCAT,0,5010613
yjbJ_predicted,0.07142857142857142,13,13,AGGCAATTGTGCTAAAGAGA,0,4998361
yjbJ_predicted,0.07142857142857142,13,13,AGGAGGGATCTGCTATTTTT,0,5007529
yjbJ_predicted,0.07142857142857142,13,13,AGGACCATTCGACGGTTTTA,0,4994977
yjbJ_predicted,0.07142857142857142,13,13,AGCCTCCATCCGCGGGGTCT,0,4995851
yjbJ_predicted,0.07142857142857142,13,13,AGCAATTCGAGTTGGTAATG,0,5008403
yjbJ_predicted,0.07142857142857142,13,13,AGATTACCGCGAAAACTACG,0,5016075
yjbJ_predicted,0.07142857142857142,13,13,AGATGTTTTGGTAGCCTCAT,0,5002014
yjbJ_predicted,0.07142857142857142,13,13,AGATCTAAGACGCTGGAGTG,0,5009566
yjbJ_predicted,0.07142857142857142,13,13,AGATAACTAACAGGCTCTGT,0,4997009
yjbJ_predicted,0.07142857142857142,13,13,AGAGTCGTCGGTACACATGC,0,5003304
yjbJ_predicted,0.07142857142857142,13,13,AGAGGCTAGATTTCGTGTGA,0,4998274
yjbJ_predicted,0.07142857142857142,13,13,AGAGCAGTCGTAGTCACCCA,0,4997781
yjbJ_predicted,0.07142857142857142,13,13,AGACCCACAAAGATCTTTTC,0,5004132
yjbJ_predicted,0.07142857142857142,13,13,AGAAATGGTCGTCATATGAT,0,5030299
yjbJ_predicted,0.07142857142857142,13,13,ACTTACAGGGGAAGCGGGAG,0,5009690
yjbJ_predicted,0.07142857142857142,13,13,ACTGGGGAGCACCCTAGGGC,0,5020003
yjbJ_predicted,0.07142857142857142,13,13,ACTGATTACCTCTCTCCCAC,0,5022016
yjbJ_predicted,0.07142857142857142,13,13,ACTATCTACAAGCGTGGTCA,0,5007705
yjbJ_predicted,0.07142857142857142,13,13,ACGGGGAAGACACTCATCAT,0,5014800
yjbJ_predicted,0.07142857142857142,13,13,ACGACTGCTCTGATAAACTT,0,5011386
yjbJ_predicted,0.07142857142857142,13,13,ACCTTTTGGCACTTAACGAT,0,5002585
yjbJ_predicted,0.07142857142857142,13,13,ACATGCGTAGCGTTGTTTTA,0,5002346
yjbJ_predicted,0.07142857142857142,13,13,ACACTTTTAACCTATGTCAA,0,5021996
yjbJ_predicted,0.07142857142857142,13,13,ACACAGACGACTCTCGACGG,0,5022588
yjbJ_predicted,0.07142857142857142,13,13,ACAACCCAGCCGGGCTTAAC,0,5003841
yjbJ_predicted,0.07142857142857142,13,13,AATTACGTAGGATGTGCGGG,0,5019445
yjbJ_predicted,0.07142857142857142,13,13,AATTAAGCGGATTCCTGAGT,0,4994691
yjbJ_predicted,0.07142857142857142,13,13,AATGGCTGGTTCATTTATAT,0,4999909
yjbJ_predicted,0.07142857142857142,13,13,AATGGCCCACTTAGCAGATA,0,4997947
yjbJ_predicted,0.07142857142857142,13,13,AAGGCTCATTGTTGTAACTG,0,5009220
yjbJ_predicted,0.07142857142857142,13,13,AAGGACATCTTAGGGAATCA,0,5001380
yjbJ_predicted,0.07142857142857142,13,13,AACCTTGGGCTAAGGTTAGA,0,5007293
yjbJ_predicted,0.07142857142857142,13,13,AACCGCCCGTCCCCTGGGGT,0,5003756
yjbJ_predicted,0.07142857142857142,13,13,AACCATGGCTTTTAATCAAT,0,5011974
yjbJ_predicted,0.07142857142857142,13,13,AAATGGAAATATGCTGTAGC,0,5011078
yjbJ_predicted,0.07142857142857142,13,13,AAACAGAGTAACCCGTGCTT,0,5001156
yjbJ_predicted,0.07142857142857142,13,13,AAAACTTCTGCGGACTGGCA,0,5026864
yjbJ_predicted,0.07692307692307693,12,12,TTTGTGTTCACGGGATTTGT,0,4997090
yjbJ_predicted,0.07692307692307693,12,12,TTTGGGCCGTCGGCTTCGCC,0,5025286
yjbJ_predicted,0.07692307692307693,12,12,TTGGATGTTTGTCATCCAGA,0,5029489
yjbJ_predicted,0.07692307692307693,12,12,TTGGAAATAAACACTTTTCC,0,5029146
yjbJ_predicted,0.07692307692307693,12,12,TTCTGACCCAAACTCTGCGA,0,4995898
yjbJ_predicted,0.07692307692307693,12,12,TTCTCAACAGTCCTTCGTCA,0,5020421
yjbJ_predicted,0.07692307692307693,12,12,TTCCTTCCTAGCAGACCCGT,0,4996522
yjbJ_predicted,0.07692307692307693,12,12,TTCCTGGCGCACAGCGGGTT,0,5007905
yjbJ_predicted,0.07692307692307693,12,12,TTCCGTAGACAAACCATGAA,0,5029778
yjbJ_predicted,0.07692307692307693,12,12,TTCCGGACTCAAATAAATTA,0,5029792
yjbJ_predicted,0.07692307692307693,12,12,TTCCATGTAGCAGCTTGTGC,0,5030369
yjbJ_predicted,0.07692307692307693,12,12,TTCACCAGTTTGAAGAACTT,0,4996836
yjbJ_predicted,0.07692307692307693,12,12,TTATAGATTGTTGACTACTT,0,5006141
yjbJ_predicted,0.07692307692307693,12,12,TTATACGTGCTGCCACAAGC,0,5031151
yjbJ_predicted,0.07692307692307693,12,12,TGTTTCAGTTTTAAGAAAGT,0,4996118
yjbJ_predicted,0.07692307692307693,12,12,TGTTCGACAAGTAGCGGGTT,0,5029071
yjbJ_predicted,0.07692307692307693,12,12,TGTTCATTTAAAGCAAAGAT,0,5021478
yjbJ_predicted,0.07692307692307693,12,12,TGTGACATTTAATTATGGAA,0,5017305
yjbJ_predicted,0.07692307692307693,12,12,TGTCGTCTCATCATTTATTT,0,5024555
yjbJ_predicted,0.07692307692307693,12,12,TGTCACGTATACAATACACA,0,5016530
yjbJ_predicted,0.07692307692307693,12,12,TGTATATCACAGTCAAGGGT,0,5006701
yjbJ_predicted,0.07692307692307693,12,12,TGGTCCTTCTGTCCGAAAAA,0,5013725
yjbJ_predicted,0.07692307692307693,12,12,TGGTAGCCGGGAATGGAGAT,0,5016612
yjbJ_predicted,0.07692307692307693,12,12,TGCCGATTTAAATATTAAAT,0,4994710
yjbJ_predicted,0.07692307692307693,12,12,TGCCCATTGCCAGGCGAGAT,0,5014369
yjbJ_predicted,0.07692307692307693,12,12,TGCATCCTGGGCGAAAGGAT,0,5024232
yjbJ_predicted,0.07692307692307693,12,12,TGCACATCTCTCGGAAGTCG,0,5020311
yjbJ_predicted,0.07692307692307693,12,12,TGACCCAGGACTCTCACGAG,0,5023423
yjbJ_predicted,0.07692307692307693,12,12,TGACAACATTAGTCTGTGTT,0,5016947
yjbJ_predicted,0.07692307692307693,12,12,TGAATCTCGATTAACTTTCC,0,5022943
yjbJ_predicted,0.07692307692307693,12,12,TGAAGGGGGCCGTTAGGCGC,0,5024861
yjbJ_predicted,0.07692307692307693,12,12,TCTTACAATAGCTTCTTACT,0,5016589
yjbJ_predicted,0.07692307692307693,12,12,TCTGGACGTTGACTGCCAAA,0,5001618
yjbJ_predicted,0.07692307692307693,12,12,TCTGCGGATACCCCATGTGG,0,5011831
yjbJ_predicted,0.07692307692307693,12,12,TCGCAAGCGACAGATTTTCA,0,5014648
yjbJ_predicted,0.07692307692307693,12,12,TCAGTTAAATCGGCCCCGAT,0,5011555
yjbJ_predicted,0.07692307692307693,12,12,TCACTAAGGACGTGGTCATC,0,5007638
yjbJ_predicted,0.07692307692307693,12,12,TCACGCGAGCGGTATAAGAA,0,5023652
yjbJ_predicted,0.07692307692307693,12,12,TCACCGTGGGATATGTAGAT,0,5009817
yjbJ_predicted,0.07692307692307693,12,12,TCACATGTTTGCGAGCTGAG,0,5010045
yjbJ_predicted,0.07692307692307693,12,12,TCACAAAGATTGATAAGTTC,0,4995663
yjbJ_predicted,0.07692307692307693,12,12,TCAACATGCACCTTCAATCA,0,5002664
yjbJ_predicted,0.07692307692307693,12,12,TATTTCACAGGCAATTCATA,0,4997273
yjbJ_predicted,0.07692307692307693,12,12,TATTGAGGAGTTGTATGAAC,0,5024869
yjbJ_predicted,0.07692307692307693,12,12,TATGGGTTGTTCAATCGTGG,0,5000826
yjbJ_predicted,0.07692307692307693,12,12,TATGGATCTAAACATATTCA,0,4995202
yjbJ_predicted,0.07692307692307693,12,12,TATGAACGGCCCGCAATAGC,0,5028717
yjbJ_predicted,0.07692307692307693,12,12,TATCGCGTGGGGTTGGAAAC,0,5006848
yjbJ_predicted,0.07692307692307693,12,12,TAGGTTGGGGAATGCTCATA,0,5020923
yjbJ_predicted,0.07692307692307693,12,12,TAGCAGTACACGCATTTTGT,0,5023811
yjbJ_predicted,0.07692307692307693,12,12,TACCTAAGCACGATAAGTCT,0,5004224
yjbJ_predicted,0.07692307692307693,12,12,TAATGTGGAGCGGTAGGGCG,0,5008589
yjbJ_predicted,0.07692307692307693,12,12,TAAGAAGGTAACGCAGAATA,0,5006146
yjbJ_predicted,0.07692307692307693,12,12,TAAATCATATTGAGAGGCCA,0,5018809
yjbJ_predicted,0.07692307692307693,12,12,TAAAAGCTTCACCGCGACGT,0,5024417
yjbJ_predicted,0.07692307692307693,12,12,GTTTCTCCCCGAATAAATCA,0,4998998
yjbJ_predicted,0.07692307692307693,12,12,GTTTCATCGCGGGGCTCGCC,0,5007306
yjbJ_predicted,0.07692307692307693,12,12,GTTGGAGACTGACGACAGCA,0,5012296
yjbJ_predicted,0.07692307692307693,12,12,GTTCCCTGACGTTTCATGGT,0,5030434
yjbJ_predicted,0.07692307692307693,12,12,GTTAAGGGAGACCCCGCGTA,0,5024035
yjbJ_predicted,0.07692307692307693,12,12,GTGTTTGGCCATTAGGGGGG,0,5011256
yjbJ_predicted,0.07692307692307693,12,12,GTGTGACGTGGGGGCTGGTG,0,5001519
yjbJ_predicted,0.07692307692307693,12,12,GTGGAGATTGTCGGTGGTTA,0,5024806
yjbJ_predicted,0.07692307692307693,12,12,GTCTTAGTGGGAAGGAAATA,0,5016109
yjbJ_predicted,0.07692307692307693,12,12,GTCTATCGATCAGACGACGG,0,4999024
yjbJ_predicted,0.07692307692307693,12,12,GTCGATTTTGGGGCGGGCGC,0,5010829
yjbJ_predicted,0.07692307692307693,12,12,GTAGTCCCCAGCTGAAGATA,0,5022763
yjbJ_predicted,0.07692307692307693,12,12,GTAGGCCCGCACACGGTTCC,0,5003072
yjbJ_predicted,0.07692307692307693,12,12,GTAGGAACAGAATAGTCGTA,0,5002804
yjbJ_predicted,0.07692307692307693,12,12,GTAGCGGGGTGCATGTCATC,0,5019887
yjbJ_predicted,0.07692307692307693,12,12,GTAACCCACACGCAGATGGG,0,4997050
yjbJ_predicted,0.07692307692307693,12,12,GGTTTTTCTGCGGACTGACT,0,5004136
yjbJ_predicted,0.07692307692307693,12,12,GGTTGTAACATACATCCCGT,0,5005308
yjbJ_predicted,0.07692307692307693,12,12,GGTTGGCTAAGAAGTAACAC,0,5012479
yjbJ_predicted,0.07692307692307693,12,12,GGTTGGCATTACTGCGTATT,0,5019208
yjbJ_predicted,0.07692307692307693,12,12,GGTTAACTCGGTACCAGAAC,0,5020999
yjbJ_predicted,0.07692307692307693,12,12,GGTGGTTTTGTCTTGGAATT,0,5000193
yjbJ_predicted,0.07692307692307693,12,12,GGTATGAAGTCGGGGGGAAA,0,5011832
yjbJ_predicted,0.07692307692307693,12,12,GGTAGCTGAGTCGCGATTGT,0,5008310
yjbJ_predicted,0.07692307692307693,12,12,GGGTTCGTCCGGAATCTTCG,0,5030493
yjbJ_predicted,0.07692307692307693,12,12,GGGTTAACTTACTTTCAGCC,0,5000209
yjbJ_predicted,0.07692307692307693,12,12,GGGTATTCCGTTGGCCGCAT,0,5008754
yjbJ_predicted,0.07692307692307693,12,12,GGGGGGTGTAAGGGAAGAAC,0,5006292
yjbJ_predicted,0.07692307692307693,12,12,GGCTCCCGGTTGGTGACCTT,0,5021010
yjbJ_predicted,0.07692307692307693,12,12,GGATTGTCCTAAAAGTAAAC,0,5012585
yjbJ_predicted,0.07692307692307693,12,12,GGATGAGCGATCAGAAAATT,0,4994848
yjbJ_predicted,0.07692307692307693,12,12,GGATCCATTCCGGATGTATC,0,5011619
yjbJ_predicted,0.07692307692307693,12,12,GGAGTTTAATAGTCAGCTTG,0,5011474
yjbJ_predicted,0.07692307692307693,12,12,GGAGTATCTTAGGGGCATGA,0,5025335
yjbJ_predicted,0.07692307692307693,12,12,GGACCGTAGATGAGATAATA,0,5028412
yjbJ_predicted,0.07692307692307693,12,12,GGACACATGATCCTTTAGAT,0,5002894
yjbJ_predicted,0.07692307692307693,12,12,GGAAAAAGACTTTCTCCTCG,0,5023838
yjbJ_predicted,0.07692307692307693,12,12,GCTCGAGGGCGATAAACTGT,0,5000008
yjbJ_predicted,0.07692307692307693,12,12,GCTCCAGCGGAGCCACAAAA,0,5015889
yjbJ_predicted,0.07692307692307693,12,12,GCTAGTCACTCAGCAAGTAT,0,5002086
yjbJ_predicted,0.07692307692307693,12,12,GCGTACTTTAGCAGCTTGGT,0,4999763
yjbJ_predicted,0.07692307692307693,12,12,GCGCGCCGAACATGGATCAA,0,5013484
yjbJ_predicted,0.07692307692307693,12,12,GCGATCGGACGTGTTTCGTG,0,5012706
yjbJ_predicted,0.07692307692307693,12,12,GCCTCTGGGTGTGTTTCTAT,0,4998017
yjbJ_predicted,0.07692307692307693,12,12,GCCGTACATCCTGTACCATC,0,5017586
yjbJ_predicted,0.07692307692307693,12,12,GCCGGCACACTAATACAATA,0,5028200
yjbJ_predicted,0.07692307692307693,12,12,GCCCGCTACGGGAAGCTCTC,0,5023969
yjbJ_predicted,0.07692307692307693,12,12,GATTATGCGGATACGTGTAT,0,5022242
yjbJ_predicted,0.07692307692307693,12,12,GATTAGTCTACGTTAAAAGA,0,4999203
yjbJ_predicted,0.07692307692307693,12,12,GATGTCAAATGGAGACCATA,0,5000366
yjbJ_predicted,0.07692307692307693,12,12,GATATGGGAGATGTAATCTA,0,5021814
yjbJ_predicted,0.07692307692307693,12,12,GATAAACAGGCACTTTCAAC,0,5014683
yjbJ_predicted,0.07692307692307693,12,12,GAGGTTCGAAGCTTAGGTTG,0,5019285
yjbJ_predicted,0.07692307692307693,12,12,GAGGTGTATTAACCATGTGG,0,5029502
yjbJ_predicted,0.07692307692307693,12,12,GAGGGAATACCGTTTCGTTC,0,5013839
yjbJ_predicted,0.07692307692307693,12,12,GAGACTTAATGCGTGCTGTA,0,5030106
yjbJ_predicted,0.07692307692307693,12,12,GACTTATGTCCACCTCGGAA,0,4995470
yjbJ_predicted,0.07692307692307693,12,12,GACTCGCTTGCAATTATTCA,0,5020977
yjbJ_predicted,0.07692307692307693,12,12,GAATTAGGGATTGCACGTTA,0,5002859
yjbJ_predicted,0.07692307692307693,12,12,GAATACCACCCAGTGACGGT,0,4997995
yjbJ_predicted,0.07692307692307693,12,12,GAAGTAACGGCCCAATTGCC,0,5029449
yjbJ_predicted,0.07692307692307693,12,12,GAAGATCGTATCGATAGCTG,0,5003816
yjbJ_predicted,0.07692307692307693,12,12,GAACGAGCGCGGATTATGTA,0,5000835
yjbJ_predicted,0.07692307692307693,12,12,GAACCCAAATAAACCCACGG,0,5026972
yjbJ_predicted,0.07692307692307693,12,12,GAAAGGAGGTAAGCCGCAAG,0,5016060
yjbJ_predicted,0.07692307692307693,12,12,GAAAGAGCGGGTTCACAGTA,0,4999904
yjbJ_predicted,0.07692307692307693,12,12,CTTTCCCCTGCTTCTTGCCT,0,5006932
yjbJ_predicted,0.07692307692307693,12,12,CTTGTAGAGCGACAAGGTTC,0,5015944
yjbJ_predicted,0.07692307692307693,12,12,CTTCTACTAATGTAGAATAC,0,4995542
yjbJ_predicted,0.07692307692307693,12,12,CTTCATGTTAACGGACCTGG,0,5009390
yjbJ_predicted,0.07692307692307693,12,12,CTTCAAGTGCATGGATTTAG,0,5002763
yjbJ_predicted,0.07692307692307693,12,12,CTTATGAGAAATATAACCCT,0,5030119
yjbJ_predicted,0.07692307692307693,12,12,CTTACCTAAACTGTAGGGCG,0,5007434
yjbJ_predicted,0.07692307692307693,12,12,CTTAAGCGATACGTAATACG,0,5020644
yjbJ_predicted,0.07692307692307693,12,12,CTTAACTCCGAAGTACAATT,0,5011522
yjbJ_predicted,0.07692307692307693,12,12,CTGTGGCCGAACCCACTGTG,0,5025084
yjbJ_predicted,0.07692307692307693,12,12,CTGTGCCTGCCAACGGTTTC,0,5020162
yjbJ_predicted,0.07692307692307693,12,12,CTGCCCCGGGGAACGGTAAC,0,5005634
yjbJ_predicted,0.07692307692307693,12,12,CTCTTGATTTTGATCCTGAT,0,5022363
yjbJ_predicted,0.07692307692307693,12,12,CTCTGTAATTTCCGGACACC,0,4996214
yjbJ_predicted,0.07692307692307693,12,12,CTCGGGGATTCGGGCTTTGA,0,5014726
yjbJ_predicted,0.07692307692307693,12,12,CTCATTACAAGATAGTGGGT,0,5019411
yjbJ_predicted,0.07692307692307693,12,12,CTATTTGTATGCTAAGCGTA,0,5013169
yjbJ_predicted,0.07692307692307693,12,12,CTAGTTGGCCAACCGGTAAG,0,5021768
yjbJ_predicted,0.07692307692307693,12,12,CTACGTTAACTCGCCCCAAT,0,5011514
yjbJ_predicted,0.07692307692307693,12,12,CTACAGGAGCGGGCATGCGT,0,5025872
yjbJ_predicted,0.07692307692307693,12,12,CTAAATCGGATTTGGAAAGT,0,5016183
yjbJ_predicted,0.07692307692307693,12,12,CGTTATGCGTCTACGTCCGC,0,5022883
yjbJ_predicted,0.07692307692307693,12,12,CGTGTTGTAAGTAGGAAAAG,0,5003110
yjbJ_predicted,0.07692307692307693,12,12,CGTCTGGCCCACAGTAGGAT,0,5006416
yjbJ_predicted,0.07692307692307693,12,12,CGTCGTTAGGGTCTGGAAGG,0,4997646
yjbJ_predicted,0.07692307692307693,12,12,CGTAAGGAGTACTGGTTAGC,0,5018575
yjbJ_predicted,0.07692307692307693,12,12,CGTAAACGGTTTAGACTCAA,0,5027100
yjbJ_predicted,0.07692307692307693,12,12,CGGCCGGCTGGGAAGATGTA,0,5004393
yjbJ_predicted,0.07692307692307693,12,12,CGCCTCGTGGCTACACCGCG,0,4996258
yjbJ_predicted,0.07692307692307693,12,12,CGCAGACATTACTAAAGCTC,0,5005882
yjbJ_predicted,0.07692307692307693,12,12,CGACGGCGGACACGGCAACA,0,5026009
yjbJ_predicted,0.07692307692307693,12,12,CGAACGGTTTTAAGTATCAG,0,5020206
yjbJ_predicted,0.07692307692307693,12,12,CGAAAACCCCGGTCAGGGAT,0,5016207
yjbJ_predicted,0.07692307692307693,12,12,CCTTCGGAAGTAACCTTGCC,0,5006520
yjbJ_predicted,0.07692307692307693,12,12,CCTGCCCGTTGGCTTGGTGT,0,5028047
yjbJ_predicted,0.07692307692307693,12,12,CCTAAGAGATCGAGCATTAC,0,5012867
yjbJ_predicted,0.07692307692307693,12,12,CCGTGGAACTATGAGAGTAC,0,5027201
yjbJ_predicted,0.07692307692307693,12,12,CCGGCAGAAATTAGAAAAAC,0,5016542
yjbJ_predicted,0.07692307692307693,12,12,CCGCAGCCTTTCCGGGGGTA,0,5019340
yjbJ_predicted,0.07692307692307693,12,12,CCCGAGTGTGCAAATGACGA,0,5026342
yjbJ_predicted,0.07692307692307693,12,12,CCATAACACAGGTGATAGTC,0,5010980
yjbJ_predicted,0.07692307692307693,12,12,CCAGTGTTTAACTCGCTGGA,0,5002361
yjbJ_predicted,0.07692307692307693,12,12,CATCGGGGCGAGAAGTTAAG,0,5021085
yjbJ_predicted,0.07692307692307693,12,12,CAGGTTCTGGCCTTTCATCA,0,5025953
yjbJ_predicted,0.07692307692307693,12,12,CAGGGAATACCGCCTATGCT,0,5002537
yjbJ_predicted,0.07692307692307693,12,12,CAGCGGGCGTGCAGTACGCG,0,5001521
yjbJ_predicted,0.07692307692307693,12,12,CAGAAACGTCGCAGTTCTTA,0,5003124
yjbJ_predicted,0.07692307692307693,12,12,CACGTCTTACATGTGCGAGT,0,5018720
yjbJ_predicted,0.07692307692307693,12,12,CACCGACCCTGAGTCTAAGG,0,5017937
yjbJ_predicted,0.07692307692307693,12,12,CACATTAGTAGATATTTAGT,0,5018001
yjbJ_predicted,0.07692307692307693,12,12,CACATAGCCCGCCCGTGCGC,0,4995643
yjbJ_predicted,0.07692307692307693,12,12,CAATAAGTGCATTCTCAGTC,0,4997593
yjbJ_predicted,0.07692307692307693,12,12,CAACTGCAATATACAAGTCG,0,5028996
yjbJ_predicted,0.07692307692307693,12,12,CAACTAGCTTTGCAAGGATA,0,5008484
yjbJ_predicted,0.07692307692307693,12,12,CAAATCCAATTGTTCAGTAA,0,5000341
yjbJ_predicted,0.07692307692307693,12,12,ATTTTAATGGGTGACAGTGT,0,5019811
yjbJ_predicted,0.07692307692307693,12,12,ATTCCCGAGCGGCTATGCAT,0,5022551
yjbJ_predicted,0.07692307692307693,12,12,ATTCAGGACCCCCGCCTAAT,0,5027523
yjbJ_predicted,0.07692307692307693,12,12,ATTCACGCGCCAGAGGATCA,0,4996176
yjbJ_predicted,0.07692307692307693,12,12,ATGTCCCATAGTAGGCTTGA,0,5009093
yjbJ_predicted,0.07692307692307693,12,12,ATGGCTAAGGAGCGTATGGT,0,5011826
yjbJ_predicted,0.07692307692307693,12,12,ATGCATCTGGGCGCTTAAAC,0,5010031
yjbJ_predicted,0.07692307692307693,12,12,ATCTGTGGAGTTTAGTTAAT,0,5006590
yjbJ_predicted,0.07692307692307693,12,12,ATCTCAGTTTCGCTAATCAT,0,5007594
yjbJ_predicted,0.07692307692307693,12,12,ATCGAATTAAAGTGTGCTCG,0,5014221
yjbJ_predicted,0.07692307692307693,12,12,ATCCTTCTAGTGAGTAGATG,0,5023164
yjbJ_predicted,0.07692307692307693,12,12,ATCCGACCACATGTCTGTTA,0,5029159
yjbJ_predicted,0.07692307692307693,12,12,ATATCTAGGCGATCTCTGAA,0,5026981
yjbJ_predicted,0.07692307692307693,12,12,ATATATCGTCACCGGATGAT,0,5011274
yjbJ_predicted,0.07692307692307693,12,12,ATAGTCTGCGACACTGCTAA,0,5012089
yjbJ_predicted,0.07692307692307693,12,12,ATACTGCTATTGGTGACGTA,0,5001081
yjbJ_predicted,0.07692307692307693,12,12,AGTGTCGCGCCGAACTGGAA,0,5030507
yjbJ_predicted,0.07692307692307693,12,12,AGTGGGTAAGGCCGCTTCCC,0,4995023
yjbJ_predicted,0.07692307692307693,12,12,AGTCTCTTACCCGTCAGGAA,0,5008792
yjbJ_predicted,0.07692307692307693,12,12,AGGTTGAACATGGGACCCAT,0,4995170
yjbJ_predicted,0.07692307692307693,12,12,AGGAGAACCGAGCTAATCAT,0,5001768
yjbJ_predicted,0.07692307692307693,12,12,AGCTACAGGGGGAGGGAAAA,0,4994816
yjbJ_predicted,0.07692307692307693,12,12,AGCGCGACTCGCGGGTAAGA,0,5018066
yjbJ_predicted,0.07692307692307693,12,12,AGCCGGGACCTGTGGGGAGT,0,5002184
yjbJ_predicted,0.07692307692307693,12,12,AGAGTTAACTAGGAGTGGCC,0,5007336
yjbJ_predicted,0.07692307692307693,12,12,AGAGTAAGGGCCATACGACT,0,5028205
yjbJ_predicted,0.07692307692307693,12,12,AGAGGAAGGTAATCATGTCA,0,5019522
yjbJ_predicted,0.07692307692307693,12,12,AGACCGGCTCTCGCCACAGG,0,5022807
yjbJ_predicted,0.07692307692307693,12,12,AGAAATCATGAGTATGTTGT,0,5020251
yjbJ_predicted,0.07692307692307693,12,12,ACTTATGTTTTCCCGGGCAT,0,5020648
yjbJ_predicted,0.07692307692307693,12,12,ACGGGCCTTTTACGTACGTA,0,5009773
yjbJ_predicted,0.07692307692307693,12,12,ACGGCAAAATTTTAGGATTC,0,4998829
yjbJ_predicted,0.07692307692307693,12,12,ACGCCCAAGCATACTCAAAA,0,5027029
yjbJ_predicted,0.07692307692307693,12,12,ACGAGGTTCGTCAAAGGGAA,0,5030115
yjbJ_predicted,0.07692307692307693,12,12,ACCATCTGATCCGGTAAGGC,0,5010622
yjbJ_predicted,0.07692307692307693,12,12,ACCAGTGGCATATCAGTGAA,0,5016293
yjbJ_predicted,0.07692307692307693,12,12,ACATGTAGGTCACTTAACAA,0,5015646
yjbJ_predicted,0.07692307692307693,12,12,ACATCTGTTAATACTTCGTC,0,4997364
yjbJ_predicted,0.07692307692307693,12,12,ACATCGGAAGAAGCAGCCGT,0,5010001
yjbJ_predicted,0.07692307692307693,12,12,ACATCCGTTGTGCAACCTAC,0,5029292
yjbJ_predicted,0.07692307692307693,12,12,ACAGGGTGGGGCCTCCCATT,0,5000504
yjbJ_predicted,0.07692307692307693,12,12,ACAGGAGACTTACTAACTTA,0,4998823
yjbJ_predicted,0.07692307692307693,12,12,ACAGCGCGAAACGATCACAT,0,5014128
yjbJ_predicted,0.07692307692307693,12,12,ACAGATTTAGCATTTCTAAA,0,5006050
yjbJ_predicted,0.07692307692307693,12,12,ACACAAGGAAACAACCTCTG,0,5018280
yjbJ_predicted,0.07692307692307693,12,12,ACAATCATTCTGAGACGAAG,0,5015896
yjbJ_predicted,0.07692307692307693,12,12,ACAAACTGGACAGAGGCCCA,0,5009830
yjbJ_predicted,0.07692307692307693,12,12,AATTGGTTCCATCATACTTG,0,5027246
yjbJ_predicted,0.07692307692307693,12,12,AATTCACGCACATGAGTGAA,0,5008200
yjbJ_predicted,0.07692307692307693,12,12,AATTAAGCTCTCCGGCTGGA,0,4995676
yjbJ_predicted,0.07692307692307693,12,12,AATGTTATAAATCCAACGCC,0,5017382
yjbJ_predicted,0.07692307692307693,12,12,AATGACGGTTAGTGAAACAT,0,4996126
yjbJ_predicted,0.07692307692307693,12,12,AATCGCTTTATAGCTTCAGC,0,5021902
yjbJ_predicted,0.07692307692307693,12,12,AATCCGCGAAGTTGTAAGGT,0,5006740
yjbJ_predicted,0.07692307692307693,12,12,AATCCACTAATGCTGCGCGA,0,5022921
yjbJ_predicted,0.07692307692307693,12,12,AATCAACCAGTGCGTAGGAT,0,5026933
yjbJ_predicted,0.07692307692307693,12,12,AATAGTGGTAAAGAGTTGCG,0,5005798
yjbJ_predicted,0.07692307692307693,12,12,AATACCCACTCAGAGCGAAT,0,5025548
yjbJ_predicted,0.07692307692307693,12,12,AAGTTCGTCGGGGCCGTCCC,0,5002416
yjbJ_predicted,0.07692307692307693,12,12,AAGCTCACCGCTCAGTGACT,0,5021348
yjbJ_predicted,0.07692307692307693,12,12,AAGCGGGTCATATTTTCCCA,0,5010216
yjbJ_predicted,0.07692307692307693,12,12,AAGCGCTGGGTCGGCGATGG,0,4997902
yjbJ_predicted,0.07692307692307693,12,12,AAGAGCATCATATCGTTAGG,0,5012150
yjbJ_predicted,0.07692307692307693,12,12,AACGAGATATCTTTCTCGAG,0,5022850
yjbJ_predicted,0.07692307692307693,12,12,AAATGGGTGTAGGTCATTGT,0,5017405
yjbJ_predicted,0.07692307692307693,12,12,AAAGTTTAGGGACAAACATT,0,5006068
yjbJ_predicted,0.07692307692307693,12,12,AAAATGCAGAATTATAAGTG,0,4995582
yjbJ_predicted,0.07692307692307693,12,12,AAAAGTCAAATACTTAATAA,0,5021551
yjbJ_predicted,0.08333333333333333,11,11,TTTTGCTGCTCACCGTTTTG,0,5019681
yjbJ_predicted,0.08333333333333333,11,11,TTTGCGTGCTGGTATAGTCT,0,5026354
yjbJ_predicted,0.08333333333333333,11,11,TTTATAGACCGTGTCTTCGT,0,5000780
yjbJ_predicted,0.08333333333333333,11,11,TTTATAAGGTGACGCGGATT,0,5008423
yjbJ_predicted,0.08333333333333333,11,11,TTTATAACGAGAAGTAAGGT,0,5002974
yjbJ_predicted,0.08333333333333333,11,11,TTTACGCGACGAGGACTCGC,0,5000569
yjbJ_predicted,0.08333333333333333,11,11,TTGTGGACTGTTCTCCAATT,0,5016943
yjbJ_predicted,0.08333333333333333,11,11,TTGTAATGCCCTGTATCGGT,0,5000183
yjbJ_predicted,0.08333333333333333,11,11,TTGTAAAAGTCATGCGCGGG,0,5012840
yjbJ_predicted,0.08333333333333333,11,11,TTGGTCTTACAAGGCGTGCC,0,5022135
yjbJ_predicted,0.08333333333333333,11,11,TTGGCATGAATTACATATCA,0,4996728
yjbJ_predicted,0.08333333333333333,11,11,TTGGAAGTCCGTGGGGTGTT,0,5016933
yjbJ_predicted,0.08333333333333333,11,11,TTGATTATAGCGGAATAGTC,0,5001570
yjbJ_predicted,0.08333333333333333,11,11,TTGATAAAACACGTTAAAGG,0,5011744
yjbJ_predicted,0.08333333333333333,11,11,TTCTTGTATGGGGGTGCTAA,0,4998537
yjbJ_predicted,0.08333333333333333,11,11,TTCTTGGCGCCCACCCAGGT,0,5020539
yjbJ_predicted,0.08333333333333333,11,11,TTCTGTGTGTATACAGGTTC,0,5012497
yjbJ_predicted,0.08333333333333333,11,11,TTCTCACCCAGAGCGCTTGC,0,4995048
yjbJ_predicted,0.08333333333333333,11,11,TTCTAAAATACACACCGTCC,0,5029057
yjbJ_predicted,0.08333333333333333,11,11,TTCGGGGTATGTCGGATAAG,0,5012983
yjbJ_predicted,0.08333333333333333,11,11,TTCGAGATCTCACGCACATG,0,5022804
yjbJ_predicted,0.08333333333333333,11,11,TTCCCTCGCCGGGTAACCTG,0,5013256
yjbJ_predicted,0.08333333333333333,11,11,TTCCCCTTTGCTCAAAGAGG,0,5008158
yjbJ_predicted,0.08333333333333333,11,11,TTCCCCCTCATGATACTATA,0,5014308
yjbJ_predicted,0.08333333333333333,11,11,TTCAGGAGGGTTTAGAGACA,0,5013495
yjbJ_predicted,0.08333333333333333,11,11,TTAGTGCAGACACCCCGAAA,0,5002481
yjbJ_predicted,0.08333333333333333,11,11,TTAGAAACAGCAGGTAAGGT,0,5030966
yjbJ_predicted,0.08333333333333333,11,11,TTAAGATTCACCACTAGCAA,0,5020822
yjbJ_predicted,0.08333333333333333,11,11,TTAACCCGAACAGAGCATTG,0,5024504
yjbJ_predicted,0.08333333333333333,11,11,TTAAATTTACGCTGGTCGAG,0,5010756
yjbJ_predicted,0.08333333333333333,11,11,TGTGTTCTTGTCTGGAATGG,0,5016253
yjbJ_predicted,0.08333333333333333,11,11,TGTGGTCTGGGCCATAGTCA,0,5007389
yjbJ_predicted,0.08333333333333333,11,11,TGTGGACAATGGCCGGATGC,0,5021805
yjbJ_predicted,0.08333333333333333,11,11,TGTGACATACGTCACATAAG,0,5020088
yjbJ_predicted,0.08333333333333333,11,11,TGTGACATACAACTTCTGCT,0,5003970
yjbJ_predicted,0.08333333333333333,11,11,TGTCGGCTAACTTTTCCATG,0,5006585
yjbJ_predicted,0.08333333333333333,11,11,TGTAGCTGCCTGTATAAACC,0,5003608
yjbJ_predicted,0.08333333333333333,11,11,TGTAAAAGACCCCGTAGGCG,0,5011167
yjbJ_predicted,0.08333333333333333,11,11,TGGTTCGCAGCACAATCTAA,0,5007194
yjbJ_predicted,0.08333333333333333,11,11,TGGTGGCCTTCCCTCCAAGA,0,5015463
yjbJ_predicted,0.08333333333333333,11,11,TGGTCCGATCCCGGCACAAG,0,5003794
yjbJ_predicted,0.08333333333333333,11,11,TGGGGACGAGGTATCACAGA,0,5030774
yjbJ_predicted,0.08333333333333333,11,11,TGGGCACGCTGCACCTATCG,0,4995937
yjbJ_predicted,0.08333333333333333,11,11,TGGGACCTACTAGGCTATCA,0,5015330
yjbJ_predicted,0.08333333333333333,11,11,TGGCGAGTGAGGACCTCAAA,0,5023404
yjbJ_predicted,0.08333333333333333,11,11,TGGCAGATAAATAAAATGCA,0,5014875
yjbJ_predicted,0.08333333333333333,11,11,TGGAGCTAACAGAGGATTGC,0,5023291
yjbJ_predicted,0.08333333333333333,11,11,TGGAATATTCGGCCTTTCAG,0,5008450
yjbJ_predicted,0.08333333333333333,11,11,TGCTAGACTGAGCATCGTTA,0,5002951
yjbJ_predicted,0.08333333333333333,11,11,TGCGCTACCTGCGATGTATC,0,5007332
yjbJ_predicted,0.08333333333333333,11,11,TGCCGTGTCGATCATAAGAG,0,5004986
yjbJ_predicted,0.08333333333333333,11,11,TGCAGTTACTGGATCTACCT,0,5028855
yjbJ_predicted,0.08333333333333333,11,11,TGATCTTCAGGCGAGGACTT,0,5007518
yjbJ_predicted,0.08333333333333333,11,11,TGATAATGCGGGAGGTTACT,0,5010059
yjbJ_predicted,0.08333333333333333,11,11,TGACAGCATCAAACGTCTAC,0,5002129
yjbJ_predicted,0.08333333333333333,11,11,TCTTAGAATAGAGCCGGCGT,0,5008047
yjbJ_predicted,0.08333333333333333,11,11,TCTGTGTGGGTAACGTTAAC,0,5012024
yjbJ_predicted,0.08333333333333333,11,11,TCTGCAATATCGCCACAAGC,0,5018029
yjbJ_predicted,0.08333333333333333,11,11,TCGTGAAGCAGTAGGAACAG,0,4996316
yjbJ_predicted,0.08333333333333333,11,11,TCGGGTCTTACGCTGGACGT,0,5026536
yjbJ_predicted,0.08333333333333333,11,11,TCGGGCCTAGCGTAGATATA,0,5030018
yjbJ_predicted,0.08333333333333333,11,11,TCGCCAGTTGCGTTGCTGGG,0,5011751
yjbJ_predicted,0.08333333333333333,11,11,TCGCAAATCGAATCCGTTCT,0,5011926
yjbJ_predicted,0.08333333333333333,11,11,TCGACAGAGAAGGAGTTATA,0,5021351
yjbJ_predicted,0.08333333333333333,11,11,TCCGTCTTTCTATGTGCAGT,0,5021863
yjbJ_predicted,0.08333333333333333,11,11,TCCGAGCCCGCTACAAATCT,0,5016128
yjbJ_predicted,0.08333333333333333,11,11,TCCCTTTTCAGACCGGGTCT,0,5018519
yjbJ_predicted,0.08333333333333333,11,11,TCATCTGTAGTCCTGTTGGC,0,5007738
yjbJ_predicted,0.08333333333333333,11,11,TCAGGGCCACGACTATAACT,0,4998659
yjbJ_predicted,0.08333333333333333,11,11,TCAGGAAACACTCAGGAGTT,0,5024088
yjbJ_predicted,0.08333333333333333,11,11,TCAGCCCATGAGATATCTGT,0,5010818
yjbJ_predicted,0.08333333333333333,11,11,TCACTGAACCCGACCTTCAG,0,5005249
yjbJ_predicted,0.08333333333333333,11,11,TCACGAGGTGCTTTCTCTGG,0,4999663
yjbJ_predicted,0.08333333333333333,11,11,TATTCAAGGTTGACGGCGAA,0,5005178
yjbJ_predicted,0.08333333333333333,11,11,TAGGTAAGCCGCGGGTTTGC,0,5016824
yjbJ_predicted,0.08333333333333333,11,11,TAGGATTCACAGCCAGGTTT,0,5010135
yjbJ_predicted,0.08333333333333333,11,11,TAGAGAAGGCCCTAACCGAT,0,4999319
yjbJ_predicted,0.08333333333333333,11,11,TACGTATGAACGTGCAGAAG,0,4998974
yjbJ_predicted,0.08333333333333333,11,11,TACGGGTTCAGCATTACAAC,0,5026163
yjbJ_predicted,0.08333333333333333,11,11,TACGGGCGACCTCCGACATG,0,5010276
yjbJ_predicted,0.08333333333333333,11,11,TACGAGATCGCGTCTGTCGT,0,5021962
yjbJ_predicted,0.08333333333333333,11,11,TACCGTCACTCATCTTGAGC,0,5007145
yjbJ_predicted,0.08333333333333333,11,11,TAATGCCAGCACCGCGTGGA,0,5010369
yjbJ_predicted,0.08333333333333333,11,11,TAACCCCCCTCTGCATCGGT,0,5004006
yjbJ_predicted,0.08333333333333333,11,11,TAAATGCTAGGAAAATTGAT,0,5005401
yjbJ_predicted,0.08333333333333333,11,11,TAAAGTATGGCCGGTCGAAT,0,5017429
yjbJ_predicted,0.08333333333333333,11,11,TAAAGATATCCACTACGAGA,0,5019690
yjbJ_predicted,0.08333333333333333,11,11,GTTTTCCACTGTGTCCAATT,0,5007586
yjbJ_predicted,0.08333333333333333,11,11,GTTGCTCACGCCCATTTCGT,0,5025863
yjbJ_predicted,0.08333333333333333,11,11,GTTCTGCGCTAACTACAGAC,0,5012233
yjbJ_predicted,0.08333333333333333,11,11,GTTCGGTCATCAAGTAGATT,0,5004118
yjbJ_predicted,0.08333333333333333,11,11,GTTAGGTTGCTCGTCGGTGA,0,5028026
yjbJ_predicted,0.08333333333333333,11,11,GTTACCTTGAACAATGAAAG,0,5020499
yjbJ_predicted,0.08333333333333333,11,11,GTGCGGCAGCTCAAGTTTGT,0,5024559
yjbJ_predicted,0.08333333333333333,11,11,GTGATCTCTGATATAAAAAG,0,5002230
yjbJ_predicted,0.08333333333333333,11,11,GTGAAGCATGCTTCCAATGC,0,5015316
yjbJ_predicted,0.08333333333333333,11,11,GTGAAAGGCTTGTGACTAGA,0,5007530
yjbJ_predicted,0.08333333333333333,11,11,GTCAAGCACCTGACGCTGGA,0,5030087
yjbJ_predicted,0.08333333333333333,11,11,GTATATGGCGCGGACAACGT,0,5001881
yjbJ_predicted,0.08333333333333333,11,11,GTACGAGTCCTATTTCTTAG,0,5005870
yjbJ_predicted,0.08333333333333333,11,11,GTACCATCATTGGATACTGC,0,5020936
yjbJ_predicted,0.08333333333333333,11,11,GGTTTTCGTCCTCGCTAGCT,0,5027781
yjbJ_predicted,0.08333333333333333,11,11,GGTTGGTAAGGTAAACAGGG,0,5026436
yjbJ_predicted,0.08333333333333333,11,11,GGTGTTTCATTCCGGGTCAA,0,5018724
yjbJ_predicted,0.08333333333333333,11,11,GGTGGAGACGGGTCGGCCCT,0,5017254
yjbJ_predicted,0.08333333333333333,11,11,GGGTTGGTTAGGTAGGCTCA,0,5023633
yjbJ_predicted,0.08333333333333333,11,11,GGGTTGGTCGAACGGTTCAA,0,5007681
yjbJ_predicted,0.08333333333333333,11,11,GGGTGTCATTCCTTACGATT,0,5024204
yjbJ_predicted,0.08333333333333333,11,11,GGGGACCTTGAAATTACTTT,0,4999657
yjbJ_predicted,0.08333333333333333,11,11,GGGCACATGCAATCGTCCTG,0,5009043
yjbJ_predicted,0.08333333333333333,11,11,GGGATGGATTCGTAGCAATT,0,4998520
yjbJ_predicted,0.08333333333333333,11,11,GGGAGTTGACAGCTTATTAA,0,5006604
yjbJ_predicted,0.08333333333333333,11,11,GGCTAAGCTTTATGGCATGA,0,5021133
yjbJ_predicted,0.08333333333333333,11,11,GGCGCCAAGGTCGCTGCGGC,0,5019744
yjbJ_predicted,0.08333333333333333,11,11,GGCATGGTGCATAAGAAACC,0,5020984
yjbJ_predicted,0.08333333333333333,11,11,GGCATACGGAAGATGCACAA,0,5025912
yjbJ_predicted,0.08333333333333333,11,11,GGCACTGACCGGGGCCGCGA,0,5014023
yjbJ_predicted,0.08333333333333333,11,11,GGATCATAATTTCGAGAAAC,0,5019766
yjbJ_predicted,0.08333333333333333,11,11,GGAGCTCAATTACTGAGTGT,0,5018245
yjbJ_predicted,0.08333333333333333,11,11,GGACCCAGTGCAGCACCTGA,0,5005451
yjbJ_predicted,0.08333333333333333,11,11,GGAAGGTAGTCTTTCAAAAA,0,5005690
yjbJ_predicted,0.08333333333333333,11,11,GCTTTTTAAACAATAAGGCC,0,5000528
yjbJ_predicted,0.08333333333333333,11,11,GCTTCGCAAACCGGTACAGT,0,5005711
yjbJ_predicted,0.08333333333333333,11,11,GCTACTCTTTCAGGAGGAAA,0,5022620
yjbJ_predicted,0.08333333333333333,11,11,GCTACTCGTAGGGACTTTAA,0,5001685
yjbJ_predicted,0.08333333333333333,11,11,GCGGGAATAGGGGAGCACAT,0,5014567
yjbJ_predicted,0.08333333333333333,11,11,GCGATGTCGGGGCACGCCTA,0,5012031
yjbJ_predicted,0.08333333333333333,11,11,GCGATGTATAGGTTGTGGTT,0,4998760
yjbJ_predicted,0.08333333333333333,11,11,GCGAAGCGCAGCAGCGCTAA,0,4996902
yjbJ_predicted,0.08333333333333333,11,11,GCGAACCTTGGCTCACTGAG,0,4994766
yjbJ_predicted,0.08333333333333333,11,11,GCCTTTGCCGAATGACATAT,0,5006863
yjbJ_predicted,0.08333333333333333,11,11,GCCGGCTGTGGGTGTTGAGT,0,5026443
yjbJ_predicted,0.08333333333333333,11,11,GCCGGCGGTCCTTCATAGTG,0,4997712
yjbJ_predicted,0.08333333333333333,11,11,GCCATGAGATCCGTAAACAG,0,5011785
yjbJ_predicted,0.08333333333333333,11,11,GCATTAGGGAACCATGTCTA,0,5015790
yjbJ_predicted,0.08333333333333333,11,11,GCAACACGGGGAACGAGACC,0,5005409
yjbJ_predicted,0.08333333333333333,11,11,GATGGCAATGATATTAATAT,0,5018570
yjbJ_predicted,0.08333333333333333,11,11,GATCGAGTTAGTCATCGGCA,0,4996065
yjbJ_predicted,0.08333333333333333,11,11,GATCAGGGACAAGTTGGTGA,0,5004469
yjbJ_predicted,0.08333333333333333,11,11,GATCAACAGGAAATAGTCAT,0,5012938
yjbJ_predicted,0.08333333333333333,11,11,GATACAAATTGCGGCTGCAT,0,5020119
yjbJ_predicted,0.08333333333333333,11,11,GAGTGGCTGAGCTACCTGAC,0,5017522
yjbJ_predicted,0.08333333333333333,11,11,GAGGATTTAGCTCCTTGTAA,0,5002480
yjbJ_predicted,0.08333333333333333,11,11,GAGCACGTTGGACGTTGCCA,0,5003717
yjbJ_predicted,0.08333333333333333,11,11,GAGACTAACAATTAAGGGAA,0,5026980
yjbJ_predicted,0.08333333333333333,11,11,GACTTGGCGGATAGGAATTT,0,5012015
yjbJ_predicted,0.08333333333333333,11,11,GACTGGGTATGTTGTTTTTG,0,5019949
yjbJ_predicted,0.08333333333333333,11,11,GACGCGCATGTGTATCGGAA,0,5014103
yjbJ_predicted,0.08333333333333333,11,11,GACCAGTAACCTGGCAGGAT,0,5029846
yjbJ_predicted,0.08333333333333333,11,11,GACAGAGCCATCTGAATCCC,0,5021882
yjbJ_predicted,0.08333333333333333,11,11,GAATTAAGCGGCCCCACGTT,0,5008878
yjbJ_predicted,0.08333333333333333,11,11,GAAGTCCCAAGATTAGGAAT,0,4998147
yjbJ_predicted,0.08333333333333333,11,11,GAAGGCAGCCGCGACATGAC,0,5002467
yjbJ_predicted,0.08333333333333333,11,11,GAACGACTTCCGCCCACGCG,0,4998851
yjbJ_predicted,0.08333333333333333,11,11,GAAAGGGCGCCGGAAGGGTT,0,5002011
yjbJ_predicted,0.08333333333333333,11,11,CTTTGGTCCAAGCAAATTAC,0,5015291
yjbJ_predicted,0.08333333333333333,11,11,CTTTCCTGAACAGGGGGGCA,0,5000529
yjbJ_predicted,0.08333333333333333,11,11,CTTGTAGGGAGCAAGTGAGC,0,5018830
yjbJ_predicted,0.08333333333333333,11,11,CTTCTACTAATCCAAACATT,0,5018005
yjbJ_predicted,0.08333333333333333,11,11,CTTAACTAAGAGTTACTCAA,0,5005228
yjbJ_predicted,0.08333333333333333,11,11,CTGTGAATTGGGATCGCATG,0,5013741
yjbJ_predicted,0.08333333333333333,11,11,CTGTAACGGTTGGCAGGAGT,0,5005775
yjbJ_predicted,0.08333333333333333,11,11,CTGCGCCTGCCGCAATCCCA,0,5005399
yjbJ_predicted,0.08333333333333333,11,11,CTGCAACGGTATCCTGAGGG,0,4995974
yjbJ_predicted,0.08333333333333333,11,11,CTGAGTGCAGTGGCTATACA,0,5020831
yjbJ_predicted,0.08333333333333333,11,11,CTCTACTGTGTGCCAAAAAG,0,4997417
yjbJ_predicted,0.08333333333333333,11,11,CTCCATCTGACGTACACTAG,0,5002679
yjbJ_predicted,0.08333333333333333,11,11,CTCAGTTGCTTGGGACCGTT,0,5012263
yjbJ_predicted,0.08333333333333333,11,11,CTCACGTCTCATAGCTTCTA,0,5030977
yjbJ_predicted,0.08333333333333333,11,11,CTATTGCGGCATCAACAATG,0,5015178
yjbJ_predicted,0.08333333333333333,11,11,CTATAGGTCGCGAGCCAAGG,0,5013823
yjbJ_predicted,0.08333333333333333,11,11,CTAGGATTGAAAATTAAGCT,0,5001930
yjbJ_predicted,0.08333333333333333,11,11,CTAAACCGAATAGATACCGA,0,5017336
yjbJ_predicted,0.08333333333333333,11,11,CGTTGGTATTGAGAGTCTAA,0,5004835
yjbJ_predicted,0.08333333333333333,11,11,CGTTGGCGTCAGAGCATTGG,0,4999926
yjbJ_predicted,0.08333333333333333,11,11,CGTTACCTATCTCTACGTTC,0,5012656
yjbJ_predicted,0.08333333333333333,11,11,CGTCACAGAGTCTTGGAAAG,0,4996259
yjbJ_predicted,0.08333333333333333,11,11,CGTAAGCCCCTCTACCGACG,0,5024639
yjbJ_predicted,0.08333333333333333,11,11,CGGTTCGCATGATCGACGAA,0,5003580
yjbJ_predicted,0.08333333333333333,11,11,CGGTGATAGGTGCTCATAGG,0,5028002
yjbJ_predicted,0.08333333333333333,11,11,CGGTCTAGTCTACACTGGAG,0,5016856
yjbJ_predicted,0.08333333333333333,11,11,CGGGTCAGTAATTCTTCAAC,0,5005616
yjbJ_predicted,0.08333333333333333,11,11,CGGGGCTCCGCCATTTTATT,0,5014913
yjbJ_predicted,0.08333333333333333,11,11,CGGGACAATTAGCCTCGATT,0,5009426
yjbJ_predicted,0.08333333333333333,11,11,CGGCTATCTCAAGGGGGCGG,0,5005687
yjbJ_predicted,0.08333333333333333,11,11,CGGAGCTAATGGTTGAGGCG,0,5004931
yjbJ_predicted,0.08333333333333333,11,11,CGGACGTTGCGCATTTGGAT,0,5018712
yjbJ_predicted,0.08333333333333333,11,11,CGCTTTTTTTTAGGTACTAT,0,5027286
yjbJ_predicted,0.08333333333333333,11,11,CGCGTTCATCTCGTCGCTGG,0,5015094
yjbJ_predicted,0.08333333333333333,11,11,CGCGTGTGTATCCTATATCT,0,5006513
yjbJ_predicted,0.08333333333333333,11,11,CGCCTCGGCCCCAGCCCGAC,0,5024163
yjbJ_predicted,0.08333333333333333,11,11,CGCCTCCTAGACTGTGGCCA,0,5001690
yjbJ_predicted,0.08333333333333333,11,11,CGCCCTTGTAGAAATTGGAG,0,4998498
yjbJ_predicted,0.08333333333333333,11,11,CGCCCACTCGGACCAGTGAC,0,5029673
yjbJ_predicted,0.08333333333333333,11,11,CGCAGCGTTCACGCCTATGG,0,5023077
yjbJ_predicted,0.08333333333333333,11,11,CGCAAATACGATGGGACCGT,0,5020761
yjbJ_predicted,0.08333333333333333,11,11,CGATTGTTTCGGACGGTATG,0,5009231
yjbJ_predicted,0.08333333333333333,11,11,CGATCAGCAAGGCTTCCAGT,0,5022308
yjbJ_predicted,0.08333333333333333,11,11,CGAATCCGGCCAGTCGTCGG,0,5019162
yjbJ_predicted,0.08333333333333333,11,11,CGAAACTCGAACCATGGAGT,0,5017813
yjbJ_predicted,0.08333333333333333,11,11,CCTGTCGAACTCAGGGTGCT,0,5001293
yjbJ_predicted,0.08333333333333333,11,11,CCTAATTCGGCACTTGCAGA,0,5022024
yjbJ_predicted,0.08333333333333333,11,11,CCGGGCAAGGTATTACTTGT,0,4994721
yjbJ_predicted,0.08333333333333333,11,11,CCGGGAATGGGGTTCAATAA,0,5010005
yjbJ_predicted,0.08333333333333333,11,11,CCGGATTAATTAATGACCTT,0,5020222
yjbJ_predicted,0.08333333333333333,11,11,CCGAGTTGAGTGCAGCACTG,0,4995771
yjbJ_predicted,0.08333333333333333,11,11,CCCTTAGGGAACAAACGCAG,0,5011119
yjbJ_predicted,0.08333333333333333,11,11,CCCTCTGCGCCTGCCGGGAA,0,5005056
yjbJ_predicted,0.08333333333333333,11,11,CCCCAGAGAGGCACGCGGAG,0,5024844
yjbJ_predicted,0.08333333333333333,11,11,CCAGTCCGTTACACACTCGG,0,5005038
yjbJ_predicted,0.08333333333333333,11,11,CCACTTTCGCCGTCAAGGGC,0,4998734
yjbJ_predicted,0.08333333333333333,11,11,CCAAAGTAGCCGGGAGTCGT,0,5017809
yjbJ_predicted,0.08333333333333333,11,11,CATTAGTGTTGATGCCTTTC,0,4997143
yjbJ_predicted,0.08333333333333333,11,11,CATGTGAGGACTCGCCAGTT,0,5014505
yjbJ_predicted,0.08333333333333333,11,11,CATGGGTCCCAATTTAAATG,0,5012606
yjbJ_predicted,0.08333333333333333,11,11,CATATCAACGTGGGAGGGTC,0,5018680
yjbJ_predicted,0.08333333333333333,11,11,CAGGGTACAGTCGCCCTCCA,0,5012273
yjbJ_predicted,0.08333333333333333,11,11,CAGCCCTTCGAACATGACTA,0,5005190
yjbJ_predicted,0.08333333333333333,11,11,CAGCAGTCGGCATCTCCTAG,0,5027960
yjbJ_predicted,0.08333333333333333,11,11,CACAGGTTGAATTCCCAATA,0,5001703
yjbJ_predicted,0.08333333333333333,11,11,CAAGGGACCAATGAGACTCT,0,5017102
yjbJ_predicted,0.08333333333333333,11,11,CAACTTGAAATGCTGACGAT,0,5011060
yjbJ_predicted,0.08333333333333333,11,11,CAACACACGCTGTTAGGTGC,0,5021074
yjbJ_predicted,0.08333333333333333,11,11,ATTGTACCACCACATCCTGA,0,5001982
yjbJ_predicted,0.08333333333333333,11,11,ATGGAGGGATCGACCATTAA,0,4996368
yjbJ_predicted,0.08333333333333333,11,11,ATGCGTGACGGGATGGCATT,0,5014182
yjbJ_predicted,0.08333333333333333,11,11,ATGCATTTTTAAATTCCCCA,0,5010168
yjbJ_predicted,0.08333333333333333,11,11,ATGCAACAAATTCAGCGAGT,0,5015375
yjbJ_predicted,0.08333333333333333,11,11,ATGAGAGCCACGCGGTATTT,0,5005811
yjbJ_predicted,0.08333333333333333,11,11,ATCGTTGCCATCTTATACGT,0,5006250
yjbJ_predicted,0.08333333333333333,11,11,ATCGCCCTAGGACGATCTTC,0,5016911
yjbJ_predicted,0.08333333333333333,11,11,ATCCCCTTAACCTCGAGGCC,0,5000558
yjbJ_predicted,0.08333333333333333,11,11,ATATGACCTGGCTCGGACGA,0,5002421
yjbJ_predicted,0.08333333333333333,11,11,ATATCTTATCGTCGTGGAGT,0,5001276
yjbJ_predicted,0.08333333333333333,11,11,ATAGGTTACCGGTTACTGAA,0,5002239
yjbJ_predicted,0.08333333333333333,11,11,ATAGGAGAAGCCGCTGACGC,0,5025148
yjbJ_predicted,0.08333333333333333,11,11,ATACCTTTGCATATCCGGCT,0,5000162
yjbJ_predicted,0.08333333333333333,11,11,ATACCGTTAGGAGGTTCACA,0,5028025
yjbJ_predicted,0.08333333333333333,11,11,AGTTGATGTTACGAACCGAT,0,5025248
yjbJ_predicted,0.08333333333333333,11,11,AGTGGGTGTCTTATCCGCCA,0,5017585
yjbJ_predicted,0.08333333333333333,11,11,AGTGGCTCAGCTAACAAGTC,0,5030254
yjbJ_predicted,0.08333333333333333,11,11,AGTGCAAGGCTTAACTCTAC,0,5021456
yjbJ_predicted,0.08333333333333333,11,11,AGTCCATCGGTAAGTCTGGG,0,5022594
yjbJ_predicted,0.08333333333333333,11,11,AGTACAATTATACGATCGTA,0,4999029
yjbJ_predicted,0.08333333333333333,11,11,AGGTGACGTCATATTTTAAC,0,5003367
yjbJ_predicted,0.08333333333333333,11,11,AGGTCGGGTTTCCCCTAGGG,0,4995669
yjbJ_predicted,0.08333333333333333,11,11,AGGGACATTGTCATTACAGT,0,5004222
yjbJ_predicted,0.08333333333333333,11,11,AGGCTCGCTACCTTGGATGA,0,5024256
yjbJ_predicted,0.08333333333333333,11,11,AGGATGCCTCGTTTGTGGAA,0,4995644
yjbJ_predicted,0.08333333333333333,11,11,AGCTCCTTCGAGGCACCATA,0,5030020
yjbJ_predicted,0.08333333333333333,11,11,AGCGGGAAGTACGTTGGCGA,0,5021279
yjbJ_predicted,0.08333333333333333,11,11,AGCATTCTAAGTAGCACGGC,0,5027238
yjbJ_predicted,0.08333333333333333,11,11,AGCATTCCCCGCGACCGGTG,0,5023350
yjbJ_predicted,0.08333333333333333,11,11,AGCATGAGTCTAAAGGCCCG,0,5019350
yjbJ_predicted,0.08333333333333333,11,11,ACTTGCGGCCAAGACGGTCC,0,5016490
yjbJ_predicted,0.08333333333333333,11,11,ACTCGTCCGTAATTGAGAGA,0,5019154
yjbJ_predicted,0.08333333333333333,11,11,ACTAGGGCGGGGCAGCGGGT,0,5022165
yjbJ_predicted,0.08333333333333333,11,11,ACGTTGTCTTCTCAACCTCT,0,5021058
yjbJ_predicted,0.08333333333333333,11,11,ACGTGCTACAGGCCAATTAT,0,4997165
yjbJ_predicted,0.08333333333333333,11,11,ACGGTAGTATCCAACGTAGC,0,5023878
yjbJ_predicted,0.08333333333333333,11,11,ACGCGGTTGTACTACGTACG,0,5021431
yjbJ_predicted,0.08333333333333333,11,11,ACGCGCATTGACGTAAGGTG,0,4996458
yjbJ_predicted,0.08333333333333333,11,11,ACGCAACGTGACCCGTTACT,0,5007659
yjbJ_predicted,0.08333333333333333,11,11,ACGACGAGGCATTAGTCTCA,0,5019176
yjbJ_predicted,0.08333333333333333,11,11,ACCTTGGGAACTGTAATTTC,0,5012871
yjbJ_predicted,0.08333333333333333,11,11,ACCTCGGCGCGCACAGATGG,0,5014489
yjbJ_predicted,0.08333333333333333,11,11,ACCTAGGAATCCGCTTTTCA,0,4995430
yjbJ_predicted,0.08333333333333333,11,11,ACCCCCCGGACCAACGGTTC,0,5028491
yjbJ_predicted,0.08333333333333333,11,11,ACCATATGTATCCAGTCAAT,0,5012874
yjbJ_predicted,0.08333333333333333,11,11,ACCACTTTCCCACATAATCA,0,5005673
yjbJ_predicted,0.08333333333333333,11,11,ACCACAAATCATTACCTGAT,0,5020597
yjbJ_predicted,0.08333333333333333,11,11,ACATGAGATTAATGCCGGTA,0,5025736
yjbJ_predicted,0.08333333333333333,11,11,ACATAGGACATCTACACGCT,0,5026747
yjbJ_predicted,0.08333333333333333,11,11,ACAGCGGTGGGAGAGAAGAG,0,5020068
yjbJ_predicted,0.08333333333333333,11,11,ACACTGCTTAGCCAAGACTC,0,5005980
yjbJ_predicted,0.08333333333333333,11,11,ACACTCCGGCAGGGCAAAAG,0,5027865
yjbJ_predicted,0.08333333333333333,11,11,ACACGTTAGGCAGTCATGCC,0,5017804
yjbJ_predicted,0.08333333333333333,11,11,AATATTTCTGCGGGAGTAAA,0,5022443
yjbJ_predicted,0.08333333333333333,11,11,AATACTCGGACCTCCATGTG,0,5008367
yjbJ_predicted,0.08333333333333333,11,11,AAGTAGCATGGAAGGAGACT,0,5010383
yjbJ_predicted,0.08333333333333333,11,11,AAGGTTTAGGCGCAGATTGA,0,5014101
yjbJ_predicted,0.08333333333333333,11,11,AAGGTGCCGGGTCTGGTGCT,0,5004323
yjbJ_predicted,0.08333333333333333,11,11,AAGGACAAGGGACGCACGAA,0,5015366
yjbJ_predicted,0.08333333333333333,11,11,AAGCCAAATTCGCAGTACGT,0,5023326
yjbJ_predicted,0.08333333333333333,11,11,AAGAGTCTACGCCCTGGAGA,0,5018244
yjbJ_predicted,0.08333333333333333,11,11,AAGAATATGCATGTGTCTGT,0,5011716
yjbJ_predicted,0.08333333333333333,11,11,AACCGAGGGGCCACAAGCCC,0,5003303
yjbJ_predicted,0.08333333333333333,11,11,AAATCATAACCGTGGTCAAA,0,5013800
yjbJ_predicted,0.08333333333333333,11,11,AAAGCCAGGGTGAGAAGCCC,0,5018779
yjbJ_predicted,0.09090909090909091,10,10,TTTTATCCTCTTAATATAGG,0,5012395
yjbJ_predicted,0.09090909090909091,10,10,TTTTACACCATTGTTGGTCA,0,5022337
yjbJ_predicted,0.09090909090909091,10,10,TTTGATGCTGGAACCACGTT,0,5009134
yjbJ_predicted,0.09090909090909091,10,10,TTTCACAAGGTTCAGGCATG,0,5019550
yjbJ_predicted,0.09090909090909091,10,10,TTTATCGACGGTACGAAGTC,0,4999465
yjbJ_predicted,0.09090909090909091,10,10,TTTAGTGACCGATGCCGAAA,0,5012342
yjbJ_predicted,0.09090909090909091,10,10,TTGTTGGCGCTCGTTGGTCT,0,5012097
yjbJ_predicted,0.09090909090909091,10,10,TTGTCGTTCAAGGGTAAACT,0,5027392
yjbJ_predicted,0.09090909090909091,10,10,TTGTAAGTCAGGGCTCAGCA,0,5007898
yjbJ_predicted,0.09090909090909091,10,10,TTGGCCCTTCCGTTGCAAGA,0,5021347
yjbJ_predicted,0.09090909090909091,10,10,TTGGCCCGGGATGATTTATG,0,5010047
yjbJ_predicted,0.09090909090909091,10,10,TTGGCCATACTTTACTTATT,0,4996889
yjbJ_predicted,0.09090909090909091,10,10,TTGGAGTAGGTAAAGAGGGA,0,5016017
yjbJ_predicted,0.09090909090909091,10,10,TTGGAGGGGTATGACTTAGA,0,5012903
yjbJ_predicted,0.09090909090909091,10,10,TTGGACCCATAAAGCAAAAT,0,5020733
yjbJ_predicted,0.09090909090909091,10,10,TTGCGAGGGATCCGGATGAC,0,5004962
yjbJ_predicted,0.09090909090909091,10,10,TTGCGAAGAAGCGATAGAAA,0,5015383
yjbJ_predicted,0.09090909090909091,10,10,TTGAGTGTCAGCTATTCCTA,0,5014569
yjbJ_predicted,0.09090909090909091,10,10,TTCTGGACTCAGCCTTTTGT,0,5013112
yjbJ_predicted,0.09090909090909091,10,10,TTCTCCGCCGAGACATTAAG,0,5006647
yjbJ_predicted,0.09090909090909091,10,10,TTCGTCACATGGCCGTTGTC,0,5021725
yjbJ_predicted,0.09090909090909091,10,10,TTCCGTGTCTCAGTTGTTTA,0,5029015
yjbJ_predicted,0.09090909090909091,10,10,TTCCCACGAAAGATGCATAC,0,5026985
yjbJ_predicted,0.09090909090909091,10,10,TTCCATATCGGATAAGCAGC,0,5011750
yjbJ_predicted,0.09090909090909091,10,10,TTCACAACTTGATAGTCATG,0,5029832
yjbJ_predicted,0.09090909090909091,10,10,TTATCTGAGACTGAGGGAAT,0,5013380
yjbJ_predicted,0.09090909090909091,10,10,TTAGCCAATTTTACAGGATC,0,5004303
yjbJ_predicted,0.09090909090909091,10,10,TTACTCTGCAGTCGCTCGAT,0,5014102
yjbJ_predicted,0.09090909090909091,10,10,TTAATTACCGCATTGGAAGT,0,5003171
yjbJ_predicted,0.09090909090909091,10,10,TTAACATGCCCTCGCCTTAA,0,5029855
yjbJ_predicted,0.09090909090909091,10,10,TTAAAATTAATGCGCGTGTC,0,5023653
yjbJ_predicted,0.09090909090909091,10,10,TGTTGGACTTTCGTCGTCAC,0,5007128
yjbJ_predicted,0.09090909090909091,10,10,TGTTACTCTGCCGAGGTGTC,0,5002172
yjbJ_predicted,0.09090909090909091,10,10,TGTCTAGTGGGTGGCACAGG,0,5003435
yjbJ_predicted,0.09090909090909091,10,10,TGTCAGGCAGGGTGAAAGTT,0,5014856
yjbJ_predicted,0.09090909090909091,10,10,TGTCACCGCGACACGTTATA,0,5005749
yjbJ_predicted,0.09090909090909091,10,10,TGTACGCACCACAAGACACT,0,5010562
yjbJ_predicted,0.09090909090909091,10,10,TGGTGTTGTCAACCCACCTC,0,5010357
yjbJ_predicted,0.09090909090909091,10,10,TGGGCGCACAACCCCTCAAT,0,5007202
yjbJ_predicted,0.09090909090909091,10,10,TGGCGGGGGACGTGTCTGAC,0,5028589
yjbJ_predicted,0.09090909090909091,10,10,TGGCGACTTTTGCCAAGCGT,0,5029679
yjbJ_predicted,0.09090909090909091,10,10,TGGCCCGAGCAGAAGCTCGA,0,5008619
yjbJ_predicted,0.09090909090909091,10,10,TGGATCTTACGTCTTGTAAG,0,5018935
yjbJ_predicted,0.09090909090909091,10,10,TGGAGACAGAACCTCGCGTA,0,5010450
yjbJ_predicted,0.09090909090909091,10,10,TGGAAGTGCGACACCATGGT,0,5021364
yjbJ_predicted,0.09090909090909091,10,10,TGCTACACGAAACAGTGACT,0,5005368
yjbJ_predicted,0.09090909090909091,10,10,TGCAGCCCGATGCGAGTACT,0,4995673
yjbJ_predicted,0.09090909090909091,10,10,TGCAATGGCAAAAGTGAGTA,0,5029922
yjbJ_predicted,0.09090909090909091,10,10,TGATTTGCCAACGGCACATG,0,5027751
yjbJ_predicted,0.09090909090909091,10,10,TGATTGCGTCCACAATGCGC,0,4996480
yjbJ_predicted,0.09090909090909091,10,10,TGATGAGGCGTCATTACAAA,0,5001657
yjbJ_predicted,0.09090909090909091,10,10,TGATACGGTAATTAGACCCG,0,5009546
yjbJ_predicted,0.09090909090909091,10,10,TGACAGGTAATAGTGCATAC,0,5023242
yjbJ_predicted,0.09090909090909091,10,10,TGACAGCCGTTCGGGATGAG,0,5029451
yjbJ_predicted,0.09090909090909091,10,10,TCTGTATTGGCAACCATTTC,0,5011212
yjbJ_predicted,0.09090909090909091,10,10,TCTGCGAAAACAGCTTTCGG,0,5013975
yjbJ_predicted,0.09090909090909091,10,10,TCTCCTACCACCAGACTCGC,0,5027138
yjbJ_predicted,0.09090909090909091,10,10,TCTACGGGAAGAATGTCGAT,0,5004197
yjbJ_predicted,0.09090909090909091,10,10,TCGTTAAGCATTGCGGCCTA,0,4997320
yjbJ_predicted,0.09090909090909091,10,10,TCGTAGCAGTGGGGTGCTAG,0,5007274
yjbJ_predicted,0.09090909090909091,10,10,TCGGCATATCGGACTACCAT,0,5019601
yjbJ_predicted,0.09090909090909091,10,10,TCGGAAGTCCACAGACACAA,0,4997280
yjbJ_predicted,0.09090909090909091,10,10,TCGCGGGACTCCATAGTGAG,0,4995861
yjbJ_predicted,0.09090909090909091,10,10,TCGCGGCGCGTGCGATCTAC,0,5015601
yjbJ_predicted,0.09090909090909091,10,10,TCCGCCATCTTCTATTGTAA,0,5026926
yjbJ_predicted,0.09090909090909091,10,10,TCCGAGCTCACAGGTATGTG,0,5012550
yjbJ_predicted,0.09090909090909091,10,10,TCCCTGAGTTGAGCAATCCA,0,4995173
yjbJ_predicted,0.09090909090909091,10,10,TCCAGGCCCAAGGCGACCAT,0,5029728
yjbJ_predicted,0.09090909090909091,10,10,TCCAGACTCACGCAAGTTGT,0,5015179
yjbJ_predicted,0.09090909090909091,10,10,TCCAACCACCCTTTAAATCT,0,4998575
yjbJ_predicted,0.09090909090909091,10,10,TCCAAAGGGCAGGACTATTT,0,5011027
yjbJ_predicted,0.09090909090909091,10,10,TCAGGGAAATTGGTACTGTT,0,5007144
yjbJ_predicted,0.09090909090909091,10,10,TCACCCTGTCATAAGTTCTG,0,4999777
yjbJ_predicted,0.09090909090909091,10,10,TATTCCGGTTTCGGACTGGT,0,5018976
yjbJ_predicted,0.09090909090909091,10,10,TATGCCTCCCACGCTGGTGG,0,5018428
yjbJ_predicted,0.09090909090909091,10,10,TATCGAAACAAGACCTAAGG,0,5026859
yjbJ_predicted,0.09090909090909091,10,10,TATAGAGTCCGCGGAACCCA,0,5018882
yjbJ_predicted,0.09090909090909091,10,10,TAGGTATTTGTAAGCGAGAA,0,5000695
yjbJ_predicted,0.09090909090909091,10,10,TAGAGTGTTTAACGGCTAAA,0,5004419
yjbJ_predicted,0.09090909090909091,10,10,TAGACGTCTCGATAGGGAGG,0,4999967
yjbJ_predicted,0.09090909090909091,10,10,TACTGTTTCGGCTAGTAAGG,0,4998881
yjbJ_predicted,0.09090909090909091,10,10,TACGACCTCAGTCTCGTTAG,0,4998685
yjbJ_predicted,0.09090909090909091,10,10,TAAGGCTCTTGTGCACATTT,0,5012797
yjbJ_predicted,0.09090909090909091,10,10,TAAGCTCGCCTCTGCTCAGT,0,4999356
yjbJ_predicted,0.09090909090909091,10,10,TAAGATTGTCTACGGAACTA,0,4998828
yjbJ_predicted,0.09090909090909091,10,10,TAACCAATTAGCCGGGCTGA,0,5019096
yjbJ_predicted,0.09090909090909091,10,10,TAAACGTACGGGTCAGCTTT,0,5025800
yjbJ_predicted,0.09090909090909091,10,10,GTTTGGAAGTGAGCATTGTA,0,5000839
yjbJ_predicted,0.09090909090909091,10,10,GTTTCTGATCGCTAATTCAT,0,5006180
yjbJ_predicted,0.09090909090909091,10,10,GTTCTCGGATTTCGGATGAA,0,5004346
yjbJ_predicted,0.09090909090909091,10,10,GTGTGCCCGTTAGTGGTAAA,0,5000730
yjbJ_predicted,0.09090909090909091,10,10,GTGTACGTTTTCACACAGCC,0,5010529
yjbJ_predicted,0.09090909090909091,10,10,GTGGCGGTGCGTACCAACCT,0,5005016
yjbJ_predicted,0.09090909090909091,10,10,GTGCTTTGCCGACCGCAGGA,0,5012029
yjbJ_predicted,0.09090909090909091,10,10,GTGATTCAGGGCACTACTGA,0,5023416
yjbJ_predicted,0.09090909090909091,10,10,GTGATCTCCAGTGTCATAGA,0,5026535
yjbJ_predicted,0.09090909090909091,10,10,GTCTGCTCTACGAGCGTCGG,0,5027995
yjbJ_predicted,0.09090909090909091,10,10,GTCTATGGCACAGACACCCG,0,5020601
yjbJ_predicted,0.09090909090909091,10,10,GTCGAACTGTGTAATAGTGA,0,5013014
yjbJ_predicted,0.09090909090909091,10,10,GTCAGTCTCTATCTGGAGAG,0,5017628
yjbJ_predicted,0.09090909090909091,10,10,GTCACGTCGCGACTTGGAAC,0,5018954
yjbJ_predicted,0.09090909090909091,10,10,GTATGATACGTGTGTCCAAT,0,5018055
yjbJ_predicted,0.09090909090909091,10,10,GTAGTAACTTTTACCGGGTC,0,5006715
yjbJ_predicted,0.09090909090909091,10,10,GTACCGAGGTCTGAGCACGT,0,5026507
yjbJ_predicted,0.09090909090909091,10,10,GGTTGGACATTACTCGCCGG,0,5000687
yjbJ_predicted,0.09090909090909091,10,10,GGTTCCTTATTCAGCGAACC,0,4997096
yjbJ_predicted,0.09090909090909091,10,10,GGTCCTGACCCCTAAAACCA,0,5017085
yjbJ_predicted,0.09090909090909091,10,10,GGTCCCAATGGATATTGTGG,0,5021002
yjbJ_predicted,0.09090909090909091,10,10,GGTACTAACGGGAACTATTT,0,4997290
yjbJ_predicted,0.09090909090909091,10,10,GGGTTTCTACGGTACGACGG,0,5022500
yjbJ_predicted,0.09090909090909091,10,10,GGGTGAACCCAGTGGCCAGT,0,5017620
yjbJ_predicted,0.09090909090909091,10,10,GGGTCTAGCAGCTGTAGAAT,0,5025278
yjbJ_predicted,0.09090909090909091,10,10,GGGGTAATTAGGGGATACGC,0,5011706
yjbJ_predicted,0.09090909090909091,10,10,GGGCGGAGTTCTCCCTGTCG,0,4998069
yjbJ_predicted,0.09090909090909091,10,10,GGGATTGGAGGGTACGAGGA,0,4995606
yjbJ_predicted,0.09090909090909091,10,10,GGGAGTCGTGTGCAGATCTA,0,5003661
yjbJ_predicted,0.09090909090909091,10,10,GGGAGGGACGCATCTCCAGC,0,5008034
yjbJ_predicted,0.09090909090909091,10,10,GGCGTGCTTAGATGTCGCGT,0,5009958
yjbJ_predicted,0.09090909090909091,10,10,GGCGGATTGACTCTCAACAC,0,5014502
yjbJ_predicted,0.09090909090909091,10,10,GGCCGTGAGAAGACTTTAAA,0,5006117
yjbJ_predicted,0.09090909090909091,10,10,GGCAATCTAGATATCGCTAC,0,5025716
yjbJ_predicted,0.09090909090909091,10,10,GGATTCCGCTGAGGCCCTCC,0,4998312
yjbJ_predicted,0.09090909090909091,10,10,GGATGTTAGCTTGGCCAGGC,0,5030468
yjbJ_predicted,0.09090909090909091,10,10,GGACATCGATGTTAACGTTC,0,5010139
yjbJ_predicted,0.09090909090909091,10,10,GGACACGATCAGATGATACT,0,5004788
yjbJ_predicted,0.09090909090909091,10,10,GGAACCCTGTCGAGATTATA,0,5031190
yjbJ_predicted,0.09090909090909091,10,10,GGAAAAAGCAAGATCCTAAT,0,5028584
yjbJ_predicted,0.09090909090909091,10,10,GCTTTCGGCTCACAAAATTG,0,5023021
yjbJ_predicted,0.09090909090909091,10,10,GCTTTATCCGACCGAGCATT,0,5010149
yjbJ_predicted,0.09090909090909091,10,10,GCTTAACGAAGACCCGAATT,0,5012884
yjbJ_predicted,0.09090909090909091,10,10,GCTGGCTACCTAGCGAGGAC,0,5008277
yjbJ_predicted,0.09090909090909091,10,10,GCTGGCAAGCTTTGGGAATC,0,5004880
yjbJ_predicted,0.09090909090909091,10,10,GCTCAACTCTTGGGAAGAAG,0,5007118
yjbJ_predicted,0.09090909090909091,10,10,GCCTGAGATCCAGAAGTTAA,0,5027197
yjbJ_predicted,0.09090909090909091,10,10,GCCTCGCACGTGGCCTACGC,0,5024012
yjbJ_predicted,0.09090909090909091,10,10,GCCTCATGCTGGACTATTAG,0,5002279
yjbJ_predicted,0.09090909090909091,10,10,GCCCCTTCCTGCGCACCGAT,0,5007452
yjbJ_predicted,0.09090909090909091,10,10,GCCAGTGGAGTGGAGTCAGA,0,5027873
yjbJ_predicted,0.09090909090909091,10,10,GCCAGTATTCTTAGGTCCGA,0,5029106
yjbJ_predicted,0.09090909090909091,10,10,GCCAGAGCTGGAGAACCAGC,0,4997081
yjbJ_predicted,0.09090909090909091,10,10,GCCAATTCCTTTCCACTAGC,0,5002792
yjbJ_predicted,0.09090909090909091,10,10,GCATAAGGTCTCCGAGTTGA,0,5005493
yjbJ_predicted,0.09090909090909091,10,10,GCAGCCTTAGTATATGATGT,0,5011002
yjbJ_predicted,0.09090909090909091,10,10,GCAGAGTCGAAGAACAGCGG,0,5015821
yjbJ_predicted,0.09090909090909091,10,10,GCACTAATCTTTCCAATCCG,0,4998132
yjbJ_predicted,0.09090909090909091,10,10,GCACAGCGAAACCGAGCTCT,0,5026967
yjbJ_predicted,0.09090909090909091,10,10,GCAAATAATTTTCGGGCTGC,0,5007872
yjbJ_predicted,0.09090909090909091,10,10,GATTTCGTATTTCGGCTAAC,0,4999358
yjbJ_predicted,0.09090909090909091,10,10,GATTTATACACATATGCCCC,0,5020053
yjbJ_predicted,0.09090909090909091,10,10,GATTGGAATGTTGCTGCAGT,0,4999260
yjbJ_predicted,0.09090909090909091,10,10,GATTCGCAGCCTCGGGAGCC,0,5024777
yjbJ_predicted,0.09090909090909091,10,10,GATGGAAATCACGCAAGACG,0,5023184
yjbJ_predicted,0.09090909090909091,10,10,GATGCGCAAAGAATGCCTCC,0,5011163
yjbJ_predicted,0.09090909090909091,10,10,GATCTCACGTCCGGATAAGC,0,5016720
yjbJ_predicted,0.09090909090909091,10,10,GATCCTGTCATCCATGAGGG,0,5022731
yjbJ_predicted,0.09090909090909091,10,10,GATATGCGGGCTGGTCAGCT,0,5011635
yjbJ_predicted,0.09090909090909091,10,10,GAGTTTGATAACTGAAATAA,0,4997886
yjbJ_predicted,0.09090909090909091,10,10,GAGGTTCGCATGTGCTACTC,0,5014952
yjbJ_predicted,0.09090909090909091,10,10,GAGCTTAGTAGGCGGTTTCA,0,5015799
yjbJ_predicted,0.09090909090909091,10,10,GAGCGCTGAATATTTACACG,0,5019819
yjbJ_predicted,0.09090909090909091,10,10,GACTTCGTAGATATAGCGAT,0,5029374
yjbJ_predicted,0.09090909090909091,10,10,GACTGGCATTTCAGAATATA,0,5015137
yjbJ_predicted,0.09090909090909091,10,10,GACTCTTCACTCGAAACAAT,0,5024263
yjbJ_predicted,0.09090909090909091,10,10,GACCTGGGTGCAGCTTCCGT,0,5023758
yjbJ_predicted,0.09090909090909091,10,10,GACCATTTTTCATAGCTAAT,0,5010445
yjbJ_predicted,0.09090909090909091,10,10,GACCATGCTGAGGCAAGTAT,0,5021186
yjbJ_predicted,0.09090909090909091,10,10,GACAGCTATCTACGACGCCC,0,5026182
yjbJ_predicted,0.09090909090909091,10,10,GAATGAGAGAACACTCGGAC,0,5023370
yjbJ_predicted,0.09090909090909091,10,10,GAATGAACCCCTATGGCTAA,0,5012930
yjbJ_predicted,0.09090909090909091,10,10,GAAGTTCATCTTGGCCAGAT,0,4998934
yjbJ_predicted,0.09090909090909091,10,10,GAAGCTTGACTTCACTTCCA,0,5006104
yjbJ_predicted,0.09090909090909091,10,10,GAACGATGAGAGGCAAAATG,0,5029481
yjbJ_predicted,0.09090909090909091,10,10,GAACAGGTGCAAGCACGTTG,0,5010279
yjbJ_predicted,0.09090909090909091,10,10,GAAAGCGGCTCCCCGGGTCA,0,5016638
yjbJ_predicted,0.09090909090909091,10,10,GAAAACTATGGGACACGGTT,0,5013065
yjbJ_predicted,0.09090909090909091,10,10,CTTGTGAATGCGGCCTAACA,0,4997644
yjbJ_predicted,0.09090909090909091,10,10,CTTAGAAGTGTAATGGATAG,0,5000932
yjbJ_predicted,0.09090909090909091,10,10,CTGGCGTCTAGAATCCTTTC,0,5007131
yjbJ_predicted,0.09090909090909091,10,10,CTGGAGGCATACCTGTGCTT,0,5002277
yjbJ_predicted,0.09090909090909091,10,10,CTGCACAGGAGCCAGTTTAG,0,5010566
yjbJ_predicted,0.09090909090909091,10,10,CTCTTAGGCTCTCTCGAGTA,0,5030201
yjbJ_predicted,0.09090909090909091,10,10,CTCGTGCCTCTGGTGAATCA,0,5004147
yjbJ_predicted,0.09090909090909091,10,10,CTCGGAGTCTGACCGTTACG,0,5008206
yjbJ_predicted,0.09090909090909091,10,10,CTCGGAGAAAAGACCATACA,0,4995137
yjbJ_predicted,0.09090909090909091,10,10,CTCACAGGTGGTGCGGTCTG,0,5011872
yjbJ_predicted,0.09090909090909091,10,10,CTAGACTCTTTGGAGGAAAG,0,5011578
yjbJ_predicted,0.09090909090909091,10,10,CGTGGTCATCATCCATTGCG,0,5017587
yjbJ_predicted,0.09090909090909091,10,10,CGTGCTCTTAAGCTAATCAT,0,5027759
yjbJ_predicted,0.09090909090909091,10,10,CGTGACTGAAGTAGTGGCCG,0,5030508
yjbJ_predicted,0.09090909090909091,10,10,CGTCTGGGCGGTTCAGAGAA,0,4997079
yjbJ_predicted,0.09090909090909091,10,10,CGTAAGATCTGTTTGATCCC,0,5025325
yjbJ_predicted,0.09090909090909091,10,10,CGTAAGAATTGATTGGCGTG,0,5012180
yjbJ_predicted,0.09090909090909091,10,10,CGTAAGAAATATCGCATTGG,0,5006409
yjbJ_predicted,0.09090909090909091,10,10,CGGGTCTCACGTAAGGAGTT,0,5007346
yjbJ_predicted,0.09090909090909091,10,10,CGGGGCTTACTCGGGGCTAG,0,4997126
yjbJ_predicted,0.09090909090909091,10,10,CGGGCAACGTTAACCTGTAG,0,5019862
yjbJ_predicted,0.09090909090909091,10,10,CGGGACGAAGTGTAGAATCT,0,4996597
yjbJ_predicted,0.09090909090909091,10,10,CGGAACAGTTGTTGGACTAT,0,4997983
yjbJ_predicted,0.09090909090909091,10,10,CGCTTGCTTTGGATTGGATT,0,5001530
yjbJ_predicted,0.09090909090909091,10,10,CGCCTTACAACTATGGGACT,0,5007707
yjbJ_predicted,0.09090909090909091,10,10,CGCATGCCACCGCATTCGAC,0,5025184
yjbJ_predicted,0.09090909090909091,10,10,CGCACGGGCCATGCCGTATG,0,5015796
yjbJ_predicted,0.09090909090909091,10,10,CGCACCAGTCGCGGGTGGTC,0,4995325
yjbJ_predicted,0.09090909090909091,10,10,CGCAAGCGGTCAAGCCCGCG,0,4995285
yjbJ_predicted,0.09090909090909091,10,10,CGATCGAGATTATTGAGGCC,0,5021689
yjbJ_predicted,0.09090909090909091,10,10,CGAGGGTCGTATCGGTTTGG,0,5012059
yjbJ_predicted,0.09090909090909091,10,10,CGAGATTCTACAATATAATA,0,5017576
yjbJ_predicted,0.09090909090909091,10,10,CGAGAGCGGCTGTAGCAGTT,0,5030076
yjbJ_predicted,0.09090909090909091,10,10,CGACCGGCTTGCTCGTTTCC,0,5015252
yjbJ_predicted,0.09090909090909091,10,10,CCTCGGGCTACGTTGATAGT,0,5012149
yjbJ_predicted,0.09090909090909091,10,10,CCTCGAGGAGGGTCTTGTGT,0,5027809
yjbJ_predicted,0.09090909090909091,10,10,CCTCCGTAAACTGACTCACA,0,5018709
yjbJ_predicted,0.09090909090909091,10,10,CCTAAGTCTTAACCTTATAC,0,4994872
yjbJ_predicted,0.09090909090909091,10,10,CCGATGCGTTCAGGGTGTAG,0,5025876
yjbJ_predicted,0.09090909090909091,10,10,CCGATAGCCTCTGTGGCACA,0,4999928
yjbJ_predicted,0.09090909090909091,10,10,CCCTGGCGGCCCACTTTGGG,0,5015017
yjbJ_predicted,0.09090909090909091,10,10,CCCGTGATATTAGTCTTTCT,0,5017015
yjbJ_predicted,0.09090909090909091,10,10,CCCGTAAGTCATTGGTCATT,0,5000531
yjbJ_predicted,0.09090909090909091,10,10,CCCCCTAGGCCGGTGTCACT,0,5007935
yjbJ_predicted,0.09090909090909091,10,10,CCCCATCCTCCAGATCATTT,0,4995026
yjbJ_predicted,0.09090909090909091,10,10,CCCATTTAAGCGATCATCGA,0,5002704
yjbJ_predicted,0.09090909090909091,10,10,CCCAGTCATGACAGTTGAAG,0,5026185
yjbJ_predicted,0.09090909090909091,10,10,CCAGCATGCGCGACCCCAGT,0,5028828
yjbJ_predicted,0.09090909090909091,10,10,CCAGAGCAATGCAGTTATGT,0,5027175
yjbJ_predicted,0.09090909090909091,10,10,CCACCGGTGTATCCCCGAGC,0,5017057
yjbJ_predicted,0.09090909090909091,10,10,CCACAGTATTCCATATAAAA,0,5021705
yjbJ_predicted,0.09090909090909091,10,10,CCAAATCCCACTAGGCTGTA,0,4999713
yjbJ_predicted,0.09090909090909091,10,10,CATTTCTCCTGCTGAACACT,0,5005956
yjbJ_predicted,0.09090909090909091,10,10,CATTGAGCTAATAGGCTTAT,0,5002188
yjbJ_predicted,0.09090909090909091,10,10,CATCCATTTAGTTTAGGGAG,0,4998184
yjbJ_predicted,0.09090909090909091,10,10,CATAGAGTGATGTGAACGAC,0,5009225
yjbJ_predicted,0.09090909090909091,10,10,CAGTTTGACCCCTTTAGAGT,0,5019478
yjbJ_predicted,0.09090909090909091,10,10,CAGTTGGCGCGCCCCGACAC,0,5007157
yjbJ_predicted,0.09090909090909091,10,10,CAGGGCTGGTGTTTGAAGTC,0,5029989
yjbJ_predicted,0.09090909090909091,10,10,CACCTAACAAGCACCCACGT,0,5001112
yjbJ_predicted,0.09090909090909091,10,10,CACAACTTGGATTCTGCCAA,0,5021665
yjbJ_predicted,0.09090909090909091,10,10,CAATCCCTATACAATGTCAA,0,5002489
yjbJ_predicted,0.09090909090909091,10,10,CAACGACTAACGAGATCATG,0,5011772
yjbJ_predicted,0.09090909090909091,10,10,CAACCTCGGGGAGCCGGTAA,0,5031189
yjbJ_predicted,0.09090909090909091,10,10,CAACAGTGCATCGTTCGATA,0,5025404
yjbJ_predicted,0.09090909090909091,10,10,ATTTACCCGAGAGTAGGGCA,0,5030809
yjbJ_predicted,0.09090909090909091,10,10,ATTGATTTCGTGACCATTTC,0,5014598
yjbJ_predicted,0.09090909090909091,10,10,ATTCTGTATGGACTTACCGT,0,5001355
yjbJ_predicted,0.09090909090909091,10,10,ATTCGAATGCCACGAGGTAC,0,5020355
yjbJ_predicted,0.09090909090909091,10,10,ATTAGGCGCCTTCCACAAGC,0,5005577
yjbJ_predicted,0.09090909090909091,10,10,ATGTTTATGGGTTGAGCATA,0,5004465
yjbJ_predicted,0.09090909090909091,10,10,ATGTCGCATTTGGACATAGT,0,5013491
yjbJ_predicted,0.09090909090909091,10,10,ATGGGCACTCAGAGCTCGCG,0,5010252
yjbJ_predicted,0.09090909090909091,10,10,ATGGGAAAGATATTCGGACA,0,5014844
yjbJ_predicted,0.09090909090909091,10,10,ATCTCCACATCCGAGTTGCC,0,5015133
yjbJ_predicted,0.09090909090909091,10,10,ATCTACAATATTTCGAACCG,0,5024459
yjbJ_predicted,0.09090909090909091,10,10,ATCCCGGAATACCTACAAAG,0,4997666
yjbJ_predicted,0.09090909090909091,10,10,ATCCAGCACTGCGTGTGACC,0,4996680
yjbJ_predicted,0.09090909090909091,10,10,ATACGGGCCTTGGGGATCCC,0,5023039
yjbJ_predicted,0.09090909090909091,10,10,ATAATAAGAGGATTAAACCT,0,5026760
yjbJ_predicted,0.09090909090909091,10,10,ATAAGCTGCAATGCAGGGAT,0,5028322
yjbJ_predicted,0.09090909090909091,10,10,AGTTATGCCTAGTAATTCTA,0,5029428
yjbJ_predicted,0.09090909090909091,10,10,AGTTATCACAACAATATTAC,0,5028897
yjbJ_predicted,0.09090909090909091,10,10,AGTGTTTATAGTTACTGAAT,0,5019454
yjbJ_predicted,0.09090909090909091,10,10,AGTGCATTCTTTCATAAGTA,0,5028339
yjbJ_predicted,0.09090909090909091,10,10,AGTCGGACCATAGATTGAGT,0,5018302
yjbJ_predicted,0.09090909090909091,10,10,AGTAAAACAGTAATGGGCTG,0,5017481
yjbJ_predicted,0.09090909090909091,10,10,AGGGGCTGGTCATAGCTGCG,0,5010401
yjbJ_predicted,0.09090909090909091,10,10,AGGCGGGTTCCTTCAGAGGC,0,5010543
yjbJ_predicted,0.09090909090909091,10,10,AGGCGGACTGCGTGCCCCGG,0,5027419
yjbJ_predicted,0.09090909090909091,10,10,AGGCCCGTGTGACAGTTGGA,0,4995799
yjbJ_predicted,0.09090909090909091,10,10,AGGCCATATACACAGGCATG,0,5015878
yjbJ_predicted,0.09090909090909091,10,10,AGGAGCCTGAGTGCAACTCA,0,5019805
yjbJ_predicted,0.09090909090909091,10,10,AGGACTAACTTGAATCCAAC,0,5008074
yjbJ_predicted,0.09090909090909091,10,10,AGCTAACAATTGTTCGGGAC,0,5011355
yjbJ_predicted,0.09090909090909091,10,10,AGCGCGTTTCCGGTTTCCAC,0,5021368
yjbJ_predicted,0.09090909090909091,10,10,AGCCACCCGTGGGGGTTAAT,0,5018844
yjbJ_predicted,0.09090909090909091,10,10,AGCAGGGATCCGAGCCGCGA,0,4995461
yjbJ_predicted,0.09090909090909091,10,10,AGATTGGCATGGAATAGCCG,0,5001004
yjbJ_predicted,0.09090909090909091,10,10,AGATTGATAGGGCGCCCCTC,0,5005778
yjbJ_predicted,0.09090909090909091,10,10,AGATTCCCGTGATATAAAGC,0,5027932
yjbJ_predicted,0.09090909090909091,10,10,AGATGATGGAGACAATGTCA,0,5024072
yjbJ_predicted,0.09090909090909091,10,10,AGATAGACAAAATCCATTCA,0,5023344
yjbJ_predicted,0.09090909090909091,10,10,AGAGTTATACACGAACCTTT,0,4998862
yjbJ_predicted,0.09090909090909091,10,10,AGAGCTTATTTATCTGATGA,0,5015124
yjbJ_predicted,0.09090909090909091,10,10,AGAGACTCCGATGGGTTTCA,0,5015354
yjbJ_predicted,0.09090909090909091,10,10,AGACGGCCTTGAGTTAACGA,0,5017565
yjbJ_predicted,0.09090909090909091,10,10,AGAATCTAGTCATCGTGTGC,0,5022401
yjbJ_predicted,0.09090909090909091,10,10,ACTTGTATCGGTTCGGTCCA,0,5010363
yjbJ_predicted,0.09090909090909091,10,10,ACTTGCCGACGTCGAGAACG,0,4994694
yjbJ_predicted,0.09090909090909091,10,10,ACTGTGGGCGCATTGAGGAG,0,5010103
yjbJ_predicted,0.09090909090909091,10,10,ACTCGTCTACGCAGATCAGG,0,4999595
yjbJ_predicted,0.09090909090909091,10,10,ACTATCTCGATGATCGCTAC,0,5023902
yjbJ_predicted,0.09090909090909091,10,10,ACGTGAGTCTCGAAAAAGTC,0,5022778
yjbJ_predicted,0.09090909090909091,10,10,ACGTACTAGCTCAGATAGTT,0,5014364
yjbJ_predicted,0.09090909090909091,10,10,ACGGAAGGCGAAGACCGAGC,0,5006900
yjbJ_predicted,0.09090909090909091,10,10,ACGCATGAAACTTATCCGTT,0,5009307
yjbJ_predicted,0.09090909090909091,10,10,ACGATTACATCTCTGACACC,0,5011424
yjbJ_predicted,0.09090909090909091,10,10,ACGACGAGAATCCGTTACGG,0,5023606
yjbJ_predicted,0.09090909090909091,10,10,ACCTCAGGTTCGATTTCGGT,0,5026946
yjbJ_predicted,0.09090909090909091,10,10,ACCCTTTAGCGGGGAGGATC,0,5008124
yjbJ_predicted,0.09090909090909091,10,10,ACCCGCTACCAGTCCGGATT,0,5014188
yjbJ_predicted,0.09090909090909091,10,10,ACCCGCGTAGATGCCAAAAA,0,5018713
yjbJ_predicted,0.09090909090909091,10,10,ACCCAGATTGCTTATGGTAT,0,5008035
yjbJ_predicted,0.09090909090909091,10,10,ACCAGTAAACCAAAGGAAAT,0,5015400
yjbJ_predicted,0.09090909090909091,10,10,ACCACCTAAAATACGATGAC,0,5027274
yjbJ_predicted,0.09090909090909091,10,10,ACATGTGAACACCACGGGTC,0,5008356
yjbJ_predicted,0.09090909090909091,10,10,ACAGCTGAGTGAACTGTAGG,0,5021981
yjbJ_predicted,0.09090909090909091,10,10,ACACGCTGGGCGGCGTAGCC,0,5016279
yjbJ_predicted,0.09090909090909091,10,10,ACACATTTATTAATTCACAT,0,4997487
yjbJ_predicted,0.09090909090909091,10,10,ACAAGTGGCGACATTCGTCA,0,5028119
yjbJ_predicted,0.09090909090909091,10,10,ACAAGCGCTGTGCGGAGCAG,0,5019314
yjbJ_predicted,0.09090909090909091,10,10,AATTTTGGGACATACGGAAA,0,5012016
yjbJ_predicted,0.09090909090909091,10,10,AATTGCTTACTTTAGGGGAT,0,4995378
yjbJ_predicted,0.09090909090909091,10,10,AATGTGCGTGGTGGGACACT,0,5008588
yjbJ_predicted,0.09090909090909091,10,10,AATGTAACTGGATCATTACT,0,5024934
yjbJ_predicted,0.09090909090909091,10,10,AAGGTGGGTCAGCTCTACTC,0,5018760
yjbJ_predicted,0.09090909090909091,10,10,AAGCCTGACCATCATAGTCC,0,5023778
yjbJ_predicted,0.09090909090909091,10,10,AAGAGGACTGACACACGGGT,0,5020595
yjbJ_predicted,0.09090909090909091,10,10,AAGAAAAGAATTAGCGAACG,0,5021763
yjbJ_predicted,0.09090909090909091,10,10,AACGGCTCATCGTAACTTTT,0,4997766
yjbJ_predicted,0.09090909090909091,10,10,AACGAGGTCGAAATTGCGCT,0,4996989
yjbJ_predicted,0.09090909090909091,10,10,AACCGCGCCGAGTGCATGCT,0,5023185
yjbJ_predicted,0.09090909090909091,10,10,AAATGGCATGTGATCTAGCG,0,5024593
yjbJ_predicted,0.09090909090909091,10,10,AAACTTTGTAAAGGTACGGA,0,5009936
yjbJ_predicted,0.09090909090909091,10,10,AAAAGCGCTGAAACCATGCG,0,4994730
yjbJ_predicted,0.1,9,9,TTTTACCGAAAAGGCCCCAT,0,5008263
yjbJ_predicted,0.1,9,9,TTTATCATAGACATTACAAT,0,5011692
yjbJ_predicted,0.1,9,9,TTGTTGTCTTTTCGCCAGGT,0,5002999
yjbJ_predicted,0.1,9,9,TTGTCTAGAGCCGCACGGTT,0,4995559
yjbJ_predicted,0.1,9,9,TTGTAATCGTCTTAACTTCT,0,5030182
yjbJ_predicted,0.1,9,9,TTGGGCCCTGAATGTAAAAA,0,4996546
yjbJ_predicted,0.1,9,9,TTGGCTAACGAGAGCTAAAA,0,5001358
yjbJ_predicted,0.1,9,9,TTGGAGTCAACTCAGCCGGA,0,5023678
yjbJ_predicted,0.1,9,9,TTGCGGGCGCCGTGCGTCAG,0,4999851
yjbJ_predicted,0.1,9,9,TTGCGCTCTGTACTCCGTGC,0,5015057
yjbJ_predicted,0.1,9,9,TTGCGAATGGGCACACCTAC,0,4998087
yjbJ_predicted,0.1,9,9,TTGACGCTGTTGGGGCAAGG,0,5031169
yjbJ_predicted,0.1,9,9,TTGAATAACCGGAGAGCCTT,0,5018843
yjbJ_predicted,0.1,9,9,TTCGTAAAGGCAATGTTTAG,0,5016337
yjbJ_predicted,0.1,9,9,TTCGCCTTGTCTGCAAAAAT,0,5003218
yjbJ_predicted,0.1,9,9,TTCGATTTTCATGCTTGGAG,0,5013173
yjbJ_predicted,0.1,9,9,TTCCCTTAGAACTCCGTCCC,0,4997039
yjbJ_predicted,0.1,9,9,TTCATTTCTGCGGGGTCTCC,0,5009695
yjbJ_predicted,0.1,9,9,TTCAAACGATTGCGCGGAAC,0,5025899
yjbJ_predicted,0.1,9,9,TTATGGCTATCTTGTTAGAA,0,5025487
yjbJ_predicted,0.1,9,9,TTATCCATCTTACATGTATA,0,5004087
yjbJ_predicted,0.1,9,9,TTATCATCGGGATCCTATCG,0,5000972
yjbJ_predicted,0.1,9,9,TTATAGGGGTCTAATAAATG,0,5021609
yjbJ_predicted,0.1,9,9,TTATAGAGAACCGGGGCGCG,0,5017597
yjbJ_predicted,0.1,9,9,TTAGGCTTACATAACGGATT,0,5004396
yjbJ_predicted,0.1,9,9,TTAGAAGAATAGTGGACTGA,0,5021886
yjbJ_predicted,0.1,9,9,TTAAAGGGATGCATGGAAGG,0,4997308
yjbJ_predicted,0.1,9,9,TTAAAAGCGAGGGATGTATA,0,4998923
yjbJ_predicted,0.1,9,9,TGTTGCGTGCGCGACGTTGC,0,5000210
yjbJ_predicted,0.1,9,9,TGTTACGAAATCTTGTAGCA,0,4995785
yjbJ_predicted,0.1,9,9,TGTGACGTCAAGCACTCTAC,0,5005907
yjbJ_predicted,0.1,9,9,TGTAGCAAGCATAGTGCATA,0,5011434
yjbJ_predicted,0.1,9,9,TGTAAGTGGAAGGCGGCTTG,0,4998204
yjbJ_predicted,0.1,9,9,TGTAAGAGTTTTCCAGTGCT,0,5029378
yjbJ_predicted,0.1,9,9,TGGTAATAACAGGCTAACGG,0,4996848
yjbJ_predicted,0.1,9,9,TGGGTTCAGAAAAAGTCACA,0,5028018
yjbJ_predicted,0.1,9,9,TGGGTTAGCTGCCGACGGTC,0,5001228
yjbJ_predicted,0.1,9,9,TGGACGCCCGTACGGATATG,0,5014801
yjbJ_predicted,0.1,9,9,TGGAACCAACTTCGGGTAAG,0,5011757
yjbJ_predicted,0.1,9,9,TGCTGCAGTTAACTCGAGAC,0,5012333
yjbJ_predicted,0.1,9,9,TGCTACCGCACAAAGCTTTC,0,5026842
yjbJ_predicted,0.1,9,9,TGCTAATCAGCGAGCAGGTC,0,5008453
yjbJ_predicted,0.1,9,9,TGCGTCCAATCCTGGGTTAA,0,4997439
yjbJ_predicted,0.1,9,9,TGCGATGGTCTACGTGGTGG,0,5019831
yjbJ_predicted,0.1,9,9,TGCGATCAAGACCTAGGGCT,0,5026699
yjbJ_predicted,0.1,9,9,TGCCTCACGTCTTACACAGC,0,5013228
yjbJ_predicted,0.1,9,9,TGACGGTGTTGATACAGGTT,0,5008330
yjbJ_predicted,0.1,9,9,TGAAGCGTGCGGTACCGATT,0,5006135
yjbJ_predicted,0.1,9,9,TCTTCTATCGACAACCAGAA,0,4995092
yjbJ_predicted,0.1,9,9,TCTTCCCGTACTATTGCCAA,0,5023635
yjbJ_predicted,0.1,9,9,TCTTAAGTGTAGTACACGAT,0,5014467
yjbJ_predicted,0.1,9,9,TCTCCGGCAATTTAGTCTTA,0,5027397
yjbJ_predicted,0.1,9,9,TCGGCCAATATAGAGAACGT,0,5029066
yjbJ_predicted,0.1,9,9,TCGCATGTACTAAGTATTGT,0,5017865
yjbJ_predicted,0.1,9,9,TCATAACGTATTTTGGAGAC,0,5026893
yjbJ_predicted,0.1,9,9,TCAGTGAGTCCAGCGATAGT,0,5005543
yjbJ_predicted,0.1,9,9,TCAGAAGCTCCCCAGGCGAC,0,4997356
yjbJ_predicted,0.1,9,9,TCAGAAAATACTCCTCAGCA,0,5017131
yjbJ_predicted,0.1,9,9,TCACCCTCTGAGCATCAGTG,0,5030117
yjbJ_predicted,0.1,9,9,TCAATGTGTGGCGGACGCTG,0,5006333
yjbJ_predicted,0.1,9,9,TATTTACAAACTGCTTGTCA,0,5007222
yjbJ_predicted,0.1,9,9,TATTGCTGGCTTACTCTTAC,0,5023680
yjbJ_predicted,0.1,9,9,TATGTGGAAGGGAGCATCAT,0,5007315
yjbJ_predicted,0.1,9,9,TATGCGTCCGAGTCGTACAC,0,5007514
yjbJ_predicted,0.1,9,9,TATGCCGAGAGGGCGCCGTA,0,4996420
yjbJ_predicted,0.1,9,9,TAGGTTTCGCACGTTACACC,0,5025575
yjbJ_predicted,0.1,9,9,TAGGGGTGTCCATGAACGGG,0,5001052
yjbJ_predicted,0.1,9,9,TAGGCTCTCAAGGCCCACCG,0,4995752
yjbJ_predicted,0.1,9,9,TAGGATCCGTCTAAGACGGT,0,5019758
yjbJ_predicted,0.1,9,9,TACGGCATGGTAGTCGGAAG,0,5008535
yjbJ_predicted,0.1,9,9,TACGCTGCATTCGGGTCGAA,0,5007662
yjbJ_predicted,0.1,9,9,TACCTCGCCACACGGAAAAG,0,5015272
yjbJ_predicted,0.1,9,9,TACACAGCTACTCAGTGCAC,0,5018693
yjbJ_predicted,0.1,9,9,TAATTTAGAGCGCCTCTGAA,0,5003230
yjbJ_predicted,0.1,9,9,TAAAGCCTCCCTTGAAATTT,0,5024503
yjbJ_predicted,0.1,9,9,TAAAGAAGAACTATGCCGTT,0,4997751
yjbJ_predicted,0.1,9,9,TAAACTTTTAGATGTTACCG,0,5000699
yjbJ_predicted,0.1,9,9,GTTTGAACCTCCCGGCCCCT,0,5004343
yjbJ_predicted,0.1,9,9,GTTGTGAACGCTCAGACGTG,0,5008581
yjbJ_predicted,0.1,9,9,GTTCTTGGGTGTTAACTCTA,0,5003513
yjbJ_predicted,0.1,9,9,GTTCGGCCGCCTCACAGCGA,0,5013035
yjbJ_predicted,0.1,9,9,GTTATTTCTGGCTGTTAATA,0,4998521
yjbJ_predicted,0.1,9,9,GTTAGTCTTCATCACTAAAT,0,5026091
yjbJ_predicted,0.1,9,9,GTGGTAAGGTCTCCAATGCC,0,5012376
yjbJ_predicted,0.1,9,9,GTGGACGGTCTCCGGTGATA,0,5024194
yjbJ_predicted,0.1,9,9,GTGCTACAAGTGGGGCGGGG,0,5007670
yjbJ_predicted,0.1,9,9,GTGCACTTGGTTCAACGAAT,0,5008643
yjbJ_predicted,0.1,9,9,GTGCAAGCGCATCGCGGGTG,0,5020198
yjbJ_predicted,0.1,9,9,GTCGATGCGACATTCCCAGG,0,5017532
yjbJ_predicted,0.1,9,9,GTCCTACCCCGGGTACTTGT,0,5004193
yjbJ_predicted,0.1,9,9,GTCAAATGCAAAACCGTCCA,0,5020564
yjbJ_predicted,0.1,9,9,GTATCGAGGCGCATACCACC,0,5017650
yjbJ_predicted,0.1,9,9,GTAGGGTCACGGTAGGCAAA,0,5005733
yjbJ_predicted,0.1,9,9,GTAGCAATTTGCAAACGCAG,0,5026628
yjbJ_predicted,0.1,9,9,GTACGCCTCCAAATAGCTAA,0,5019752
yjbJ_predicted,0.1,9,9,GTAACGTTGAGGCCACTGTG,0,5015534
yjbJ_predicted,0.1,9,9,GGTTGTGCCACGACTTTTGG,0,5012965
yjbJ_predicted,0.1,9,9,GGTTCGGCATCTACGGGCTG,0,5001348
yjbJ_predicted,0.1,9,9,GGTTCATCTAAACAACCTCA,0,4998096
yjbJ_predicted,0.1,9,9,GGTTCAGCGTCGAGCTAGTT,0,5025590
yjbJ_predicted,0.1,9,9,GGTGTTCAAATATCATAGGA,0,5023252
yjbJ_predicted,0.1,9,9,GGTCAAGCGTTATCATGCAG,0,5008010
yjbJ_predicted,0.1,9,9,GGTAGACCAGCGCACAGTAA,0,4998620
yjbJ_predicted,0.1,9,9,GGGTAAACTCTATGAGTGTG,0,5030052
yjbJ_predicted,0.1,9,9,GGGGCTTATATCGCGAATTA,0,4999479
yjbJ_predicted,0.1,9,9,GGGGAGCAACTCCGATCATG,0,4996510
yjbJ_predicted,0.1,9,9,GGGAGAAAAGTGGGGCCTGA,0,5029262
yjbJ_predicted,0.1,9,9,GGGAGAAAAGTGGACGGTTC,0,5029255
yjbJ_predicted,0.1,9,9,GGCTTTAAGCGCTTCAAGAT,0,5014805
yjbJ_predicted,0.1,9,9,GGCGCCAAGTCAGACAGGGT,0,5026318
yjbJ_predicted,0.1,9,9,GGCCTCTTGCTAACCTATTG,0,5005198
yjbJ_predicted,0.1,9,9,GGCCCGCTTCGAGTGTTGTT,0,4999891
yjbJ_predicted,0.1,9,9,GGCCAGCTGAACCATGCCGA,0,4995938
yjbJ_predicted,0.1,9,9,GGCCAGATCCCGCCCGTTAA,0,5017428
yjbJ_predicted,0.1,9,9,GGCATGTGCATGGCTTCACA,0,5018771
yjbJ_predicted,0.1,9,9,GGCATGCGAAGGCCAACGCA,0,5018727
yjbJ_predicted,0.1,9,9,GGATCACGATTGGCGACTGC,0,5023376
yjbJ_predicted,0.1,9,9,GGATATCATAGTTAATAGTT,0,5013964
yjbJ_predicted,0.1,9,9,GGAGGTACATCTGTACCAGG,0,4995425
yjbJ_predicted,0.1,9,9,GGACCGCGCCTGTACTCTCT,0,5009929
yjbJ_predicted,0.1,9,9,GCTGCACAATCCTGGTGTTT,0,5012367
yjbJ_predicted,0.1,9,9,GCTCTGGCCTCACGTTTTCG,0,5028357
yjbJ_predicted,0.1,9,9,GCTAGAGAGCGGTAGTAGCC,0,5000827
yjbJ_predicted,0.1,9,9,GCGTGGTGGTAAAGGTGAGT,0,5028292
yjbJ_predicted,0.1,9,9,GCGTGGCGCCTTACGTGCTT,0,5027714
yjbJ_predicted,0.1,9,9,GCGGTTGAACCCTTAGGCAT,0,4995514
yjbJ_predicted,0.1,9,9,GCGCTCTGTAGAACATAATG,0,4995427
yjbJ_predicted,0.1,9,9,GCGCTCCGGATGAGATATCA,0,5001196
yjbJ_predicted,0.1,9,9,GCCTATAATCGAGATTCAGG,0,5012188
yjbJ_predicted,0.1,9,9,GCCGGACAATTTGCGTCCAT,0,5019946
yjbJ_predicted,0.1,9,9,GCCCTAGTCCCTTCAGAATA,0,5004507
yjbJ_predicted,0.1,9,9,GCCATAAATCCAAAACCGAA,0,5009294
yjbJ_predicted,0.1,9,9,GCCACGAGTAAACTCGTCGG,0,5024506
yjbJ_predicted,0.1,9,9,GCCAATTCAACAGTCTGATT,0,5017051
yjbJ_predicted,0.1,9,9,GCATGGGCCATCGGTTCGAT,0,5028944
yjbJ_predicted,0.1,9,9,GCAGGCATCGTATTCTGTAT,0,5015016
yjbJ_predicted,0.1,9,9,GCAGCGCTCTTTGGTCTATC,0,5026635
yjbJ_predicted,0.1,9,9,GCAGACGGTGCGGTACTAAC,0,5000039
yjbJ_predicted,0.1,9,9,GCACGTCGTCTAGAGAAGGG,0,5002260
yjbJ_predicted,0.1,9,9,GCACATAGGGGTCTACGGCG,0,5012087
yjbJ_predicted,0.1,9,9,GATTCATTTTATATCATCCG,0,5012989
yjbJ_predicted,0.1,9,9,GATGGAGGGAACGACCTGCA,0,5024561
yjbJ_predicted,0.1,9,9,GATGACCCTGGCGGTTAGTC,0,5016305
yjbJ_predicted,0.1,9,9,GATACTGTTGCGTAAATTTT,0,5002516
yjbJ_predicted,0.1,9,9,GATACTCTATGTGAAGGTGT,0,5003800
yjbJ_predicted,0.1,9,9,GAGGCGACCTTAAACCGTAC,0,5027734
yjbJ_predicted,0.1,9,9,GAGGCCTGTTCGAAGCAATC,0,5019573
yjbJ_predicted,0.1,9,9,GAGGCATCGACCACGAGAAA,0,4998728
yjbJ_predicted,0.1,9,9,GAGGAATACTCGTCGCGGAT,0,5004204
yjbJ_predicted,0.1,9,9,GAGCTGTGCGAGTGAACTAT,0,5027698
yjbJ_predicted,0.1,9,9,GAGCATTTAGGGTATAGCTT,0,4999925
yjbJ_predicted,0.1,9,9,GACATATTACCTGATTGATG,0,5014164
yjbJ_predicted,0.1,9,9,GACACTTTACAGACCGTTAC,0,5013229
yjbJ_predicted,0.1,9,9,GAAGCTTATTTTAATAGGCG,0,5001145
yjbJ_predicted,0.1,9,9,GAAGAAGGGGCATAGTCGTG,0,5002534
yjbJ_predicted,0.1,9,9,GAACACACTTGCTGTGGTAC,0,5022322
yjbJ_predicted,0.1,9,9,GAAAGCAAAACGATATAAGC,0,5013245
yjbJ_predicted,0.1,9,9,GAAAGAAAGGCTCCGGCTAA,0,5014945
yjbJ_predicted,0.1,9,9,GAAACCAGCTTTAATAGGAC,0,4995978
yjbJ_predicted,0.1,9,9,GAAAACTGCCACGGTTAGCG,0,5007727
yjbJ_predicted,0.1,9,9,CTTTTTACTTGGACACTACG,0,5005518
yjbJ_predicted,0.1,9,9,CTTTACGATAATGGTATTCA,0,5001432
yjbJ_predicted,0.1,9,9,CTTGGTGGCGGGACCACAGG,0,5025227
yjbJ_predicted,0.1,9,9,CTTGGGAACTCACACAATTA,0,5024399
yjbJ_predicted,0.1,9,9,CTTGGACCCACTTTATTCGG,0,5010184
yjbJ_predicted,0.1,9,9,CTTGACTGAAGGGACCGCAT,0,5001407
yjbJ_predicted,0.1,9,9,CTTATTCTGTGACCAGACTT,0,5013381
yjbJ_predicted,0.1,9,9,CTTACCGCCATTGGTAGGGG,0,5028993
yjbJ_predicted,0.1,9,9,CTGGTATCTTCGCCATTACA,0,5008287
yjbJ_predicted,0.1,9,9,CTGGGTTGCCTATAAGTTTG,0,5027558
yjbJ_predicted,0.1,9,9,CTGGCCGGCGCCCGACATGC,0,5031154
yjbJ_predicted,0.1,9,9,CTGCGGCCCGAAACCACATG,0,5012105
yjbJ_predicted,0.1,9,9,CTGCATCAGTATTGTGTGAT,0,5004810
yjbJ_predicted,0.1,9,9,CTCTGCAAGTTGGCCCAAAG,0,5026545
yjbJ_predicted,0.1,9,9,CTCTACATTTTAAAATAGCA,0,5015019
yjbJ_predicted,0.1,9,9,CTCGAAATTGATACTAGACA,0,5018918
yjbJ_predicted,0.1,9,9,CTATTTTTCCACCTTTGTTC,0,5027040
yjbJ_predicted,0.1,9,9,CTATACGGAGGAGGGGTGCA,0,5013874
yjbJ_predicted,0.1,9,9,CTAGTGTCACTCTGTTCAGT,0,5001828
yjbJ_predicted,0.1,9,9,CTAGTGGTTTCATATTTCGG,0,4995994
yjbJ_predicted,0.1,9,9,CTACAACATAATCACCAGGC,0,4997699
yjbJ_predicted,0.1,9,9,CTAATGGGGGCTCGGCATCA,0,5013102
yjbJ_predicted,0.1,9,9,CTAAACCGACATCCTCGTCT,0,5009435
yjbJ_predicted,0.1,9,9,CGTTATAGGTATCTATTATA,0,5016455
yjbJ_predicted,0.1,9,9,CGTGAGACAACGGCCTCTTC,0,4998360
yjbJ_predicted,0.1,9,9,CGTCTACTAGAGTAGTGAGC,0,5029688
yjbJ_predicted,0.1,9,9,CGTCTACGTCAATAGTATTC,0,5004195
yjbJ_predicted,0.1,9,9,CGTCCTTTTCTTACTGTGAA,0,5012768
yjbJ_predicted,0.1,9,9,CGTATGCGCATAAGTTCCAA,0,5002409
yjbJ_predicted,0.1,9,9,CGTATACACGACCCCTTATT,0,5025934
yjbJ_predicted,0.1,9,9,CGGGGTCCACTGTAGCGTTC,0,5005843
yjbJ_predicted,0.1,9,9,CGGGGTATGTCAGATTCCTA,0,5016422
yjbJ_predicted,0.1,9,9,CGGGCCGGGTCGTTGTGAGG,0,5015412
yjbJ_predicted,0.1,9,9,CGGGATACATCCGGAAACGC,0,5019430
yjbJ_predicted,0.1,9,9,CGGGAGGTGTCCTGCACGAT,0,5017645
yjbJ_predicted,0.1,9,9,CGGGACGCTCCTGTTGGTAA,0,5016419
yjbJ_predicted,0.1,9,9,CGGCTGCTGCGGGATGAGGC,0,5011718
yjbJ_predicted,0.1,9,9,CGGCCGTCTGTATCTCCGAA,0,5009228
yjbJ_predicted,0.1,9,9,CGGCAGGCCGCGCTGGTCCT,0,5020072
yjbJ_predicted,0.1,9,9,CGGATGACCGTCTGCACTAT,0,5020340
yjbJ_predicted,0.1,9,9,CGGAGGCTCCCGGGGAGTTA,0,5018261
yjbJ_predicted,0.1,9,9,CGGACTCAAGACTAGACTTA,0,5007479
yjbJ_predicted,0.1,9,9,CGCGTATGCTTCTCAGTTTA,0,4997985
yjbJ_predicted,0.1,9,9,CGCGCAAATGAGAGGTTATC,0,5028353
yjbJ_predicted,0.1,9,9,CGCGATCTACGGTGAGACGT,0,5017725
yjbJ_predicted,0.1,9,9,CGCCGCCTTCGCGTGTATCA,0,5023211
yjbJ_predicted,0.1,9,9,CGCCGAAACGAAACTAAAGG,0,5029260
yjbJ_predicted,0.1,9,9,CGATTACGAGGTCGAGTCGT,0,5026431
yjbJ_predicted,0.1,9,9,CGAGCTTCTTACGAGATAAA,0,5001739
yjbJ_predicted,0.1,9,9,CGACGGCTTCCTGCACAATG,0,5016028
yjbJ_predicted,0.1,9,9,CGACCACACCGACAGGCTGG,0,5011684
yjbJ_predicted,0.1,9,9,CCTTCTGTAAGCATGGTGAC,0,5011636
yjbJ_predicted,0.1,9,9,CCTCCTTGATCCGTCAACCT,0,5025231
yjbJ_predicted,0.1,9,9,CCTAGTTTTGACATAAAAAT,0,5005188
yjbJ_predicted,0.1,9,9,CCGTTCTAGCATATACCAAA,0,5002741
yjbJ_predicted,0.1,9,9,CCGGTATAGCCTACATCATA,0,5010532
yjbJ_predicted,0.1,9,9,CCGCGCATTCCCAATGGCTT,0,5008070
yjbJ_predicted,0.1,9,9,CCCTACTGCATTGGTAGCCG,0,5007850
yjbJ_predicted,0.1,9,9,CCCGGAAGAGCCTCGCCGTG,0,5002833
yjbJ_predicted,0.1,9,9,CCCCGGTTACATCGGAGTCG,0,5030303
yjbJ_predicted,0.1,9,9,CCCCCCTCGAGATGCAATAT,0,5008290
yjbJ_predicted,0.1,9,9,CCCATAACCAGACGAGGCAA,0,5008763
yjbJ_predicted,0.1,9,9,CCCAGACCTGCGCTGACTTC,0,5013503
yjbJ_predicted,0.1,9,9,CCATGTCAAGGACGTTATTC,0,5015852
yjbJ_predicted,0.1,9,9,CCAGTCAGCCACTGCTATGT,0,4994960
yjbJ_predicted,0.1,9,9,CCAGCTCATGCGTCTGGACG,0,5020681
yjbJ_predicted,0.1,9,9,CCAGACGCTCTGCGCATGGT,0,5000777
yjbJ_predicted,0.1,9,9,CCACGCACGCGTAGGGACGC,0,5017088
yjbJ_predicted,0.1,9,9,CATCCTCTATATTTGCTTGA,0,4999010
yjbJ_predicted,0.1,9,9,CAGTTCGTTGAAAGACACCG,0,5018798
yjbJ_predicted,0.1,9,9,CAGGCTCAACTTAAGGATGG,0,5022775
yjbJ_predicted,0.1,9,9,CAGACATGGGCCATCGTACC,0,5011327
yjbJ_predicted,0.1,9,9,CAGACAATTATTTCCGGTAG,0,5028364
yjbJ_predicted,0.1,9,9,CACGTTTAGTTACTAATCGC,0,4999019
yjbJ_predicted,0.1,9,9,CACGTTGTTAAAGGGGCTTG,0,5022977
yjbJ_predicted,0.1,9,9,CACGGTACTCGATATACCTA,0,5012091
yjbJ_predicted,0.1,9,9,CACGGGCGTGAGTATCAAAT,0,5017355
yjbJ_predicted,0.1,9,9,CACACTTATGTGGGAAGAGG,0,4994783
yjbJ_predicted,0.1,9,9,CAATTCTTAATGGGGACGAG,0,4998902
yjbJ_predicted,0.1,9,9,CAAGTTTGGTTTGGTATTTA,0,5029170
yjbJ_predicted,0.1,9,9,CAAGTGGACTGCGCACCGCG,0,5022598
yjbJ_predicted,0.1,9,9,CAAGAGGACAGACATTGCTA,0,4998057
yjbJ_predicted,0.1,9,9,CAACTCGTCACCGCCCAGGA,0,5029892
yjbJ_predicted,0.1,9,9,CAACGTTCTACCAGGTATAA,0,5003926
yjbJ_predicted,0.1,9,9,ATTTTAACATCGATCCGTGA,0,5016426
yjbJ_predicted,0.1,9,9,ATTTGCTTTATCAGCGTACT,0,4995370
yjbJ_predicted,0.1,9,9,ATTTGCCTGAGCACGCCTGT,0,4996753
yjbJ_predicted,0.1,9,9,ATTTCGAGAAGAACCTAAGT,0,5001915
yjbJ_predicted,0.1,9,9,ATTGCTCCCACCTTTGCTTT,0,5023154
yjbJ_predicted,0.1,9,9,ATTGAGGAATACAACAGTTT,0,5013604
yjbJ_predicted,0.1,9,9,ATGGGTGAACTGTATAGCGG,0,4995423
yjbJ_predicted,0.1,9,9,ATGGGACTCTATACCCGCAT,0,5013067
yjbJ_predicted,0.1,9,9,ATGGCGCGATCGATGAGTCC,0,5026448
yjbJ_predicted,0.1,9,9,ATGCTTATGATCCCTGGCTG,0,5019127
yjbJ_predicted,0.1,9,9,ATGCGGTCGGTCCCCGGAGG,0,5006036
yjbJ_predicted,0.1,9,9,ATGAGTCTCCGGCCTTTTGA,0,5002737
yjbJ_predicted,0.1,9,9,ATCTATTCTGTCGCTGGCGA,0,5021933
yjbJ_predicted,0.1,9,9,ATCGTAGCGACTCAACAAGA,0,5009397
yjbJ_predicted,0.1,9,9,ATCGTAATTATGATCGCTTC,0,5026564
yjbJ_predicted,0.1,9,9,ATCGAGTATGGTGTGATAAT,0,5005348
yjbJ_predicted,0.1,9,9,ATCGAGCGCCTTATCTCCAG,0,5010297
yjbJ_predicted,0.1,9,9,ATCCGCATATTAACTGTCTA,0,5018651
yjbJ_predicted,0.1,9,9,ATCCCAGCTGTCCACGAGGA,0,5029781
yjbJ_predicted,0.1,9,9,ATATTCATTACAAAAGCTTG,0,4998227
yjbJ_predicted,0.1,9,9,ATAGTGACGAGGTTGATGAA,0,5001647
yjbJ_predicted,0.1,9,9,ATAGTAGTGCAAGTTATTCA,0,5010868
yjbJ_predicted,0.1,9,9,ATAGCTTACGGCGTGCTCCA,0,5000573
yjbJ_predicted,0.1,9,9,ATAGCGATCGGTATTAAGTA,0,5004280
yjbJ_predicted,0.1,9,9,ATACGTCATAGTGGGTTGTG,0,4994967
yjbJ_predicted,0.1,9,9,ATAATGAATGCCATCTCAAC,0,5014702
yjbJ_predicted,0.1,9,9,AGTGTTAGCACACTCACCGT,0,5022692
yjbJ_predicted,0.1,9,9,AGTATATGGAGGTTAGTAAG,0,5012299
yjbJ_predicted,0.1,9,9,AGTAGGGTAACTTGGGGATC,0,5003454
yjbJ_predicted,0.1,9,9,AGGTGGCGCGGGGATCAGTG,0,5026821
yjbJ_predicted,0.1,9,9,AGGTGCGACACCAATATTAG,0,5031119
yjbJ_predicted,0.1,9,9,AGGTGAGGTTAGGCCATGAT,0,5029547
yjbJ_predicted,0.1,9,9,AGGTATAACCGACGGGTTCA,0,5016819
yjbJ_predicted,0.1,9,9,AGGGACCGCATAGATCGCTT,0,5010970
yjbJ_predicted,0.1,9,9,AGGACGTTATTCGAATGGAA,0,5005802
yjbJ_predicted,0.1,9,9,AGCTTGGTATATATAGTAGC,0,4995953
yjbJ_predicted,0.1,9,9,AGCGGCGGGGGCAGATCGCG,0,5002276
yjbJ_predicted,0.1,9,9,AGCCGGGTACGGAAATCCAA,0,5028861
yjbJ_predicted,0.1,9,9,AGCCGCACCAAACTAACGCA,0,5001408
yjbJ_predicted,0.1,9,9,AGCACAGGACCGTACTCGAT,0,5017097
yjbJ_predicted,0.1,9,9,AGCACAGACATAGCGGTCAC,0,5025870
yjbJ_predicted,0.1,9,9,AGCAATACTCTTTGGTCATG,0,5011996
yjbJ_predicted,0.1,9,9,AGATGTCAAAGTGACGCAAC,0,5022298
yjbJ_predicted,0.1,9,9,AGATGCCACATGGATATCAC,0,5020383
yjbJ_predicted,0.1,9,9,AGATGATCTTCTAAGTCGGG,0,5018726
yjbJ_predicted,0.1,9,9,AGAGCCCCCGCTGCGATCAT,0,5030078
yjbJ_predicted,0.1,9,9,AGAGATCACCTTCGGTTATG,0,5013427
yjbJ_predicted,0.1,9,9,AGACTGGGACCTGTAAGGCT,0,5021511
yjbJ_predicted,0.1,9,9,AGACCGGTAATATAATATGC,0,5022463
yjbJ_predicted,0.1,9,9,AGACCCGGTGCGGCTACTAC,0,5010424
yjbJ_predicted,0.1,9,9,AGAACGGCCGAATGGGTAAA,0,5012344
yjbJ_predicted,0.1,9,9,AGAACGCGGGACTGCCTATC,0,5003120
yjbJ_predicted,0.1,9,9,ACTTTTAAGTCGTTCCAGAC,0,5023997
yjbJ_predicted,0.1,9,9,ACTCTGCGGGCTCGTGCTGT,0,5019566
yjbJ_predicted,0.1,9,9,ACTCGACGCAACCCAGTAGT,0,5018859
yjbJ_predicted,0.1,9,9,ACTCAAGTCTTAAACACAAC,0,5003670
yjbJ_predicted,0.1,9,9,ACTCAACGAGCCACCTAACT,0,5009884
yjbJ_predicted,0.1,9,9,ACTATTAAAGAATCGCACTG,0,5004330
yjbJ_predicted,0.1,9,9,ACTAATGCTGAACGCAAGCA,0,5002946
yjbJ_predicted,0.1,9,9,ACGTGATAGAATTACACAAC,0,5020025
yjbJ_predicted,0.1,9,9,ACGTAGATTGGGCAGAATCC,0,5000435
yjbJ_predicted,0.1,9,9,ACGGTCTGACCACGTACCCA,0,4999345
yjbJ_predicted,0.1,9,9,ACGGGCGCGAGTTGTCCTGC,0,5022779
yjbJ_predicted,0.1,9,9,ACGCATGAATATAGCGAGCA,0,5000711
yjbJ_predicted,0.1,9,9,ACCGGTTTAGTACTCAGGAG,0,5015783
yjbJ_predicted,0.1,9,9,ACCGCGACTGTGCAATGAAA,0,4998747
yjbJ_predicted,0.1,9,9,ACCGCCGGAATACCCGGGAC,0,5018385
yjbJ_predicted,0.1,9,9,ACCCTGCACACGAGAGCGCA,0,4997552
yjbJ_predicted,0.1,9,9,ACATCTGGGTTGTGAAAGAA,0,5014509
yjbJ_predicted,0.1,9,9,ACATAGCACGTAGGCGAGGC,0,5017249
yjbJ_predicted,0.1,9,9,ACATAGAAAGTGATTCTTAG,0,5020509
yjbJ_predicted,0.1,9,9,ACACCGACGTTCACTTTGAC,0,4999700
yjbJ_predicted,0.1,9,9,ACAATTCGAAAGGGCTGGCC,0,5015209
yjbJ_predicted,0.1,9,9,ACAATGGCGTAGGACGTTAT,0,5009590
yjbJ_predicted,0.1,9,9,ACAATGGCATATGTCTAACA,0,5022530
yjbJ_predicted,0.1,9,9,AATGTAGGTCACTGGATCTG,0,5002126
yjbJ_predicted,0.1,9,9,AATCAACATGTTTCCTACTA,0,5010738
yjbJ_predicted,0.1,9,9,AAGTGGATGCAGAACACAAC,0,5009923
yjbJ_predicted,0.1,9,9,AAGTGCTAGGCCCATCAGGA,0,5009801
yjbJ_predicted,0.1,9,9,AAGTAGCCACTGGATCAAGG,0,5000153
yjbJ_predicted,0.1,9,9,AAGGTGGCATCTACTTTCAC,0,5020284
yjbJ_predicted,0.1,9,9,AAGGCTCAACTCCTCAATGT,0,5014711
yjbJ_predicted,0.1,9,9,AAGCTTGTTCCGAATCGATG,0,5027510
yjbJ_predicted,0.1,9,9,AAGCTCGTGTCTCCCAACCT,0,5008624
yjbJ_predicted,0.1,9,9,AACTTTTGGTGTGCCCGCAA,0,4995672
yjbJ_predicted,0.1,9,9,AACTTGCGGGGTTACGGCTC,0,5021617
yjbJ_predicted,0.1,9,9,AACGGGTTCTTCGCCGATTA,0,5007997
yjbJ_predicted,0.1,9,9,AACCGAATGTTACTTCGACG,0,4995181
yjbJ_predicted,0.1,9,9,AAATTAGCACTCGACCAGGG,0,5028217
yjbJ_predicted,0.1,9,9,AAAGGCTCACATTTACTCTG,0,5010458
yjbJ_predicted,0.1,9,9,AAAGCCATGAACTTTTGATT,0,4994888
yjbJ_predicted,0.1,9,9,AAACTCTAGGTACCGCAAGA,0,5010462
yjbJ_predicted,0.1,9,9,AAACCTACGTGCAGTGTGAA,0,4995384
yjbJ_predicted,0.1,9,9,AAAACCGGTGGAGACACGGG,0,5013346
yjbJ_predicted,0.1111111111111111,8,8,TTTTGTGCTTTGTAGACAGC,0,5006169
yjbJ_predicted,0.1111111111111111,8,8,TTTTGGGGAAATGAAGTGTT,0,5026805
yjbJ_predicted,0.1111111111111111,8,8,TTTTGATCCACATCGCTTTT,0,5027056
yjbJ_predicted,0.1111111111111111,8,8,TTTTCGACACACGTCTACTC,0,5004042
yjbJ_predicted,0.1111111111111111,8,8,TTTTCCCGTATGCCTCCGTA,0,5012167
yjbJ_predicted,0.1111111111111111,8,8,TTTGTGGATCGGGTGATTTG,0,5024456
yjbJ_predicted,0.1111111111111111,8,8,TTTCTCTGCGTTGGTCAGGG,0,5011676
yjbJ_predicted,0.1111111111111111,8,8,TTTCCGGTTTGTCAGTGTTT,0,5012518
yjbJ_predicted,0.1111111111111111,8,8,TTTATGGGGCTACGGGCCTC,0,5003169
yjbJ_predicted,0.1111111111111111,8,8,TTTATGGAAGGGCCGCAGAT,0,5011839
yjbJ_predicted,0.1111111111111111,8,8,TTTATATGAAAGGGTTAGAG,0,5009029
yjbJ_predicted,0.1111111111111111,8,8,TTTAACTTAAAGGTTTGTGG,0,4997729
yjbJ_predicted,0.1111111111111111,8,8,TTTAAACGGCCTCGTAAACA,0,5014314
yjbJ_predicted,0.1111111111111111,8,8,TTGGCTCCCGGATGTGAATG,0,5019203
yjbJ_predicted,0.1111111111111111,8,8,TTGGCAACGGGCGCATCTAG,0,5020055
yjbJ_predicted,0.1111111111111111,8,8,TTGATCAAGGGTACCGATCA,0,5016241
yjbJ_predicted,0.1111111111111111,8,8,TTGATATAAGTTTGTAGAGT,0,5021204
yjbJ_predicted,0.1111111111111111,8,8,TTGAGCATGTCGCCCGGTGG,0,5022617
yjbJ_predicted,0.1111111111111111,8,8,TTGAGATCGTTCCGACATAC,0,5001417
yjbJ_predicted,0.1111111111111111,8,8,TTGAGAGAGCTGAATTAAAA,0,5030240
yjbJ_predicted,0.1111111111111111,8,8,TTGAGACCTCTGGACCCTAG,0,5028328
yjbJ_predicted,0.1111111111111111,8,8,TTGAACTTTTACTTGTCTCA,0,5022133
yjbJ_predicted,0.1111111111111111,8,8,TTCTTGTCAGTTTTACAACG,0,5030324
yjbJ_predicted,0.1111111111111111,8,8,TTCTGAGAACGCTCCCGCGT,0,5029608
yjbJ_predicted,0.1111111111111111,8,8,TTCGGTGTTAAGGCGGACGC,0,5008826
yjbJ_predicted,0.1111111111111111,8,8,TTCAGGCCCACGCCATCAGA,0,4999425
yjbJ_predicted,0.1111111111111111,8,8,TTATGAACCGGTCTAATTCT,0,5023509
yjbJ_predicted,0.1111111111111111,8,8,TTATCCACCGAGGCGTCGGC,0,5019926
yjbJ_predicted,0.1111111111111111,8,8,TTACATGTGGAACACGCATA,0,5009711
yjbJ_predicted,0.1111111111111111,8,8,TTAATTTGCGCGCATTTTAT,0,5013989
yjbJ_predicted,0.1111111111111111,8,8,TTAATGATTGAATCTAGTTC,0,5026677
yjbJ_predicted,0.1111111111111111,8,8,TTAATCTTTTGACGTATCAT,0,5025208
yjbJ_predicted,0.1111111111111111,8,8,TGTGTGTTAGGACTGCTCTC,0,5016587
yjbJ_predicted,0.1111111111111111,8,8,TGTGAGGCATCTATCCAGGT,0,5001827
yjbJ_predicted,0.1111111111111111,8,8,TGTCAGGGGCGTAACTGGCT,0,5020688
yjbJ_predicted,0.1111111111111111,8,8,TGTCAGAGTCATGGATCACT,0,5030349
yjbJ_predicted,0.1111111111111111,8,8,TGTAGAAGCCGTCGGACGCA,0,5016878
yjbJ_predicted,0.1111111111111111,8,8,TGGTGAGGCCGTAAGTGCCT,0,5024868
yjbJ_predicted,0.1111111111111111,8,8,TGGTCTTAAAATGATAGAGG,0,5029640
yjbJ_predicted,0.1111111111111111,8,8,TGGCATCAGAAACCAACATA,0,4996633
yjbJ_predicted,0.1111111111111111,8,8,TGGAACAGTATCTAGAGTCA,0,5015498
yjbJ_predicted,0.1111111111111111,8,8,TGCTTCTCCTAGACGTTTAT,0,5020009
yjbJ_predicted,0.1111111111111111,8,8,TGCTGTAAGGAAAATAAGCA,0,5023829
yjbJ_predicted,0.1111111111111111,8,8,TGCTCGTCCTGCTAGTTAGA,0,5006747
yjbJ_predicted,0.1111111111111111,8,8,TGCTAGTTTACCAGCGCTTT,0,5021173
yjbJ_predicted,0.1111111111111111,8,8,TGCCCCTTCAACGAGTCTCA,0,5004273
yjbJ_predicted,0.1111111111111111,8,8,TGCATTCTGCCAACTAACAA,0,4998091
yjbJ_predicted,0.1111111111111111,8,8,TGCAAGGGCATCTTGTCCGG,0,5024178
yjbJ_predicted,0.1111111111111111,8,8,TGATTTGAGACGAACAGCGG,0,5000114
yjbJ_predicted,0.1111111111111111,8,8,TGATTTCAACTGATACAGCA,0,5006945
yjbJ_predicted,0.1111111111111111,8,8,TGATTGTTTACTGGGAAAAG,0,5001260
yjbJ_predicted,0.1111111111111111,8,8,TGATCTCATACTCAGTTGGA,0,5002422
yjbJ_predicted,0.1111111111111111,8,8,TGATCGGCTCGTCGAGTTCT,0,5031209
yjbJ_predicted,0.1111111111111111,8,8,TGAGGGCCGTTGGACCAATA,0,5006042
yjbJ_predicted,0.1111111111111111,8,8,TGAGCCTTCGTTCATCTACA,0,5004844
yjbJ_predicted,0.1111111111111111,8,8,TGACTTCAGAGGACCGGGAG,0,5014506
yjbJ_predicted,0.1111111111111111,8,8,TGACGGTGCTTTTGCCATTT,0,5012109
yjbJ_predicted,0.1111111111111111,8,8,TGACACTCATCTGTCATAGT,0,5029294
yjbJ_predicted,0.1111111111111111,8,8,TGAATCTTTCGAAGCGTTGA,0,5019557
yjbJ_predicted,0.1111111111111111,8,8,TGAACCTGCCTGACCTGTTT,0,5014181
yjbJ_predicted,0.1111111111111111,8,8,TCTTCTGCTAAGCACGTCAG,0,5000176
yjbJ_predicted,0.1111111111111111,8,8,TCTTAAGGCTGCCCTCGTGT,0,5018772
yjbJ_predicted,0.1111111111111111,8,8,TCTGTGCGATTTGGCAGCCC,0,5006928
yjbJ_predicted,0.1111111111111111,8,8,TCTGCGTGCAAATACGCTGA,0,5017255
yjbJ_predicted,0.1111111111111111,8,8,TCTCGGGAACTGAGCTCTTT,0,5025853
yjbJ_predicted,0.1111111111111111,8,8,TCTCCAACGTTTATTACTAA,0,5019001
yjbJ_predicted,0.1111111111111111,8,8,TCTATTACCCTGCCTTTACT,0,5018610
yjbJ_predicted,0.1111111111111111,8,8,TCTAGCGGGGGACAATTGGT,0,4996662
yjbJ_predicted,0.1111111111111111,8,8,TCTACGGGAGTGCCATCGGC,0,5029493
yjbJ_predicted,0.1111111111111111,8,8,TCTACGAAGTAGAGTTCGCG,0,5026307
yjbJ_predicted,0.1111111111111111,8,8,TCGGTGGGTGCACCACTTGT,0,5001257
yjbJ_predicted,0.1111111111111111,8,8,TCGGAGCTGTTTATGATGCA,0,4996773
yjbJ_predicted,0.1111111111111111,8,8,TCGGAATCACATCCTGCGCT,0,5012919
yjbJ_predicted,0.1111111111111111,8,8,TCGCTGTCTCGGCCGCAGTA,0,5023631
yjbJ_predicted,0.1111111111111111,8,8,TCGCAGCCCCAATCGGGTTA,0,5005993
yjbJ_predicted,0.1111111111111111,8,8,TCGAATTCGGAATCTTCAAA,0,5011834
yjbJ_predicted,0.1111111111111111,8,8,TCCGGAATAAACGGTGCCCG,0,5008601
yjbJ_predicted,0.1111111111111111,8,8,TCCCACAGCGTGATTATTTG,0,5001401
yjbJ_predicted,0.1111111111111111,8,8,TCCACGCAATCGGCGAACGC,0,5027748
yjbJ_predicted,0.1111111111111111,8,8,TCACTTAGAGGCTAAGTCTA,0,5027550
yjbJ_predicted,0.1111111111111111,8,8,TCACAGTGTTTTGGATGTAA,0,5003415
yjbJ_predicted,0.1111111111111111,8,8,TCAAGTGCGTCGAGACCGAC,0,5030121
yjbJ_predicted,0.1111111111111111,8,8,TCAAGGGCTCTAACATTTGC,0,5006477
yjbJ_predicted,0.1111111111111111,8,8,TATTTGTGACGGCATGTCGG,0,5027636
yjbJ_predicted,0.1111111111111111,8,8,TATTCTCCATTCGGCCACGG,0,5014934
yjbJ_predicted,0.1111111111111111,8,8,TATGTTGCTCAATGTCTCTC,0,5015399
yjbJ_predicted,0.1111111111111111,8,8,TATGTTATGGGTTTGGAAAT,0,5004750
yjbJ_predicted,0.1111111111111111,8,8,TATCGATGGCAACCACCTTA,0,4997333
yjbJ_predicted,0.1111111111111111,8,8,TAGGGCTGTAGAAGAAAGCA,0,5020188
yjbJ_predicted,0.1111111111111111,8,8,TAGGGATTGAGTAACGGGCC,0,5001822
yjbJ_predicted,0.1111111111111111,8,8,TAGCGTAACTTTCGACGCTG,0,5027551
yjbJ_predicted,0.1111111111111111,8,8,TACTTCTGTCGCGTACAGAC,0,5022280
yjbJ_predicted,0.1111111111111111,8,8,TACTATACAGCTCCAAGACG,0,5008154
yjbJ_predicted,0.1111111111111111,8,8,TACGTTAGGGCGTAGTTCGA,0,5023307
yjbJ_predicted,0.1111111111111111,8,8,TACGGCCTAAGCTCTCTCCA,0,4998831
yjbJ_predicted,0.1111111111111111,8,8,TACCGATACAGGTTATGTAA,0,5020585
yjbJ_predicted,0.1111111111111111,8,8,TACCCGGTACCAACATCTTA,0,5028408
yjbJ_predicted,0.1111111111111111,8,8,TAATGTCCCCTTAGACTTTA,0,4997571
yjbJ_predicted,0.1111111111111111,8,8,TAAGGTGCCGGGTCAGTCTC,0,4999405
yjbJ_predicted,0.1111111111111111,8,8,TAAAGCTATTGGTTACTGGG,0,4998766
yjbJ_predicted,0.1111111111111111,8,8,TAAAAGACCAACTCCGGGAG,0,5011245
yjbJ_predicted,0.1111111111111111,8,8,GTTGGACCCGGTATCTATTC,0,5004737
yjbJ_predicted,0.1111111111111111,8,8,GTTGCGCTTAGGTCAAGCAT,0,5009118
yjbJ_predicted,0.1111111111111111,8,8,GTTGCATGGAGCAACAACTT,0,5007257
yjbJ_predicted,0.1111111111111111,8,8,GTTCCAAGACTAACTAATGC,0,5014919
yjbJ_predicted,0.1111111111111111,8,8,GTTACGTTCATGATGGTAGA,0,5005736
yjbJ_predicted,0.1111111111111111,8,8,GTGGCTTTCACCAAGATAAA,0,5018689
yjbJ_predicted,0.1111111111111111,8,8,GTGCGTAACCTCACATTCTG,0,5029675
yjbJ_predicted,0.1111111111111111,8,8,GTGCGAGGGCTGAACAATTA,0,5019135
yjbJ_predicted,0.1111111111111111,8,8,GTGATGTGTCGCCACTGCCT,0,4994870
yjbJ_predicted,0.1111111111111111,8,8,GTGATCAGTTTACCCGAGTT,0,5018030
yjbJ_predicted,0.1111111111111111,8,8,GTCGCTACTGGGGCGGCTCC,0,5027279
yjbJ_predicted,0.1111111111111111,8,8,GTCGATTTTGCAAAGTTTCG,0,5029363
yjbJ_predicted,0.1111111111111111,8,8,GTCCTAGAACAATCTGTGAA,0,5008531
yjbJ_predicted,0.1111111111111111,8,8,GTCCGTGTTGGGGTTCCACC,0,5003377
yjbJ_predicted,0.1111111111111111,8,8,GTCAGGTCTATGTCTCCTGA,0,5012790
yjbJ_predicted,0.1111111111111111,8,8,GTCAGGCTGTAACTAGCTAC,0,5004041
yjbJ_predicted,0.1111111111111111,8,8,GTCACACGCCTCGCCACGAC,0,5017074
yjbJ_predicted,0.1111111111111111,8,8,GTATGATGTATCATTGAGCT,0,5012781
yjbJ_predicted,0.1111111111111111,8,8,GTATGAGATTACCGGACTCA,0,5003912
yjbJ_predicted,0.1111111111111111,8,8,GTAGTTAGATAGTGACTTTT,0,5023755
yjbJ_predicted,0.1111111111111111,8,8,GTAACCACGTACGACACCCA,0,5030949
yjbJ_predicted,0.1111111111111111,8,8,GGTTTAATTTAGTAACATGG,0,4997989
yjbJ_predicted,0.1111111111111111,8,8,GGTGTGTGTCTGCAATCGAG,0,5018416
yjbJ_predicted,0.1111111111111111,8,8,GGTGTACGGGTAGTTGGGAA,0,5009473
yjbJ_predicted,0.1111111111111111,8,8,GGTGATGTCGTGGTCTGATT,0,5028258
yjbJ_predicted,0.1111111111111111,8,8,GGTATAGGGATGCTTTCTGA,0,5008994
yjbJ_predicted,0.1111111111111111,8,8,GGTAACGCCGCATTGGGTAT,0,5004265
yjbJ_predicted,0.1111111111111111,8,8,GGGTTTATGGCTCACAGGCT,0,5018125
yjbJ_predicted,0.1111111111111111,8,8,GGGGTGGGTGGCTACAGCGG,0,5010549
yjbJ_predicted,0.1111111111111111,8,8,GGCTGATATTAACTAGATTA,0,5030477
yjbJ_predicted,0.1111111111111111,8,8,GGCTGACTTAGCATCCCTGA,0,5018924
yjbJ_predicted,0.1111111111111111,8,8,GGCTCAAGAGTGCGGAATGT,0,5002596
yjbJ_predicted,0.1111111111111111,8,8,GGCGCGCATTAGTGGAGGTG,0,5014260
yjbJ_predicted,0.1111111111111111,8,8,GGCCTTGCACATTGGTTACG,0,5011272
yjbJ_predicted,0.1111111111111111,8,8,GGCAAGGCACCTAACCAAGG,0,5006968
yjbJ_predicted,0.1111111111111111,8,8,GGAGTCTGCTCATACCGATC,0,5018682
yjbJ_predicted,0.1111111111111111,8,8,GGAGGGCGTGTCACGGGTGA,0,5000173
yjbJ_predicted,0.1111111111111111,8,8,GGAGGCGCCATGATACGAAA,0,5013607
yjbJ_predicted,0.1111111111111111,8,8,GGAGCACGGCATCCCCGTAG,0,5002634
yjbJ_predicted,0.1111111111111111,8,8,GGACCGCAGGGTGTCCGCTT,0,4997823
yjbJ_predicted,0.1111111111111111,8,8,GGAACGCATTTTTACAACTG,0,5003423
yjbJ_predicted,0.1111111111111111,8,8,GCTGGTGTATTGTGTAGAAA,0,5008762
yjbJ_predicted,0.1111111111111111,8,8,GCTCGCAGCAAACCACCTCA,0,5023454
yjbJ_predicted,0.1111111111111111,8,8,GCTCATTAGGGCGCCGGTGA,0,5024443
yjbJ_predicted,0.1111111111111111,8,8,GCTAAACAGGGAGTGTCAGG,0,5019341
yjbJ_predicted,0.1111111111111111,8,8,GCGTGTATTTTACAAGCAAC,0,4997252
yjbJ_predicted,0.1111111111111111,8,8,GCGTGAGCTAATCAAGTCGT,0,5022553
yjbJ_predicted,0.1111111111111111,8,8,GCGTACCTTCATCGGTAGGA,0,5009256
yjbJ_predicted,0.1111111111111111,8,8,GCGTAATCCCTGGACATCCA,0,5007672
yjbJ_predicted,0.1111111111111111,8,8,GCGGAGCACGGAGGCCAACA,0,5002051
yjbJ_predicted,0.1111111111111111,8,8,GCGGAACTGTGCCTGTCTCA,0,5004001
yjbJ_predicted,0.1111111111111111,8,8,GCGAGTATCCGCACCAGTTC,0,5016302
yjbJ_predicted,0.1111111111111111,8,8,GCCCGTTTTCTCTTGTCCAG,0,5005090
yjbJ_predicted,0.1111111111111111,8,8,GCCCCATTCTAACAGCCTTG,0,5028888
yjbJ_predicted,0.1111111111111111,8,8,GCCCCAAGATTCCGTAGGAT,0,5008870
yjbJ_predicted,0.1111111111111111,8,8,GCCAGTTGACATCATAAGTA,0,4999819
yjbJ_predicted,0.1111111111111111,8,8,GCATAGCTGATGGTGAACGG,0,5022018
yjbJ_predicted,0.1111111111111111,8,8,GCAGGAGAACAGAACCGGCC,0,5011665
yjbJ_predicted,0.1111111111111111,8,8,GCACTCCTAAACCTTATTAT,0,5023348
yjbJ_predicted,0.1111111111111111,8,8,GCACGAAATGAGATAACTAT,0,5020231
yjbJ_predicted,0.1111111111111111,8,8,GCAATTCCACCCGAGTGAGC,0,5004144
yjbJ_predicted,0.1111111111111111,8,8,GCAACCTCCTTGGGTTATCT,0,5009375
yjbJ_predicted,0.1111111111111111,8,8,GCAAAGTGATCTTGGGGAAT,0,5021267
yjbJ_predicted,0.1111111111111111,8,8,GCAAACTCGGCCATACCGAT,0,5010609
yjbJ_predicted,0.1111111111111111,8,8,GCAAACGAGAGTTCCTCTTT,0,5005434
yjbJ_predicted,0.1111111111111111,8,8,GATTTTGTTGATCATCGATA,0,5029933
yjbJ_predicted,0.1111111111111111,8,8,GATTGTAGACCGTAAAGGAG,0,5024814
yjbJ_predicted,0.1111111111111111,8,8,GATTGATTCGCGCCGTCCCA,0,5021756
yjbJ_predicted,0.1111111111111111,8,8,GATTAATGAGGGGCCGTCAT,0,5002134
yjbJ_predicted,0.1111111111111111,8,8,GATTAATCTGATACGTACTT,0,4995747
yjbJ_predicted,0.1111111111111111,8,8,GATGGATGTACGGTCACTCA,0,5023568
yjbJ_predicted,0.1111111111111111,8,8,GATGACGGTGAGCCAGAGCA,0,5016149
yjbJ_predicted,0.1111111111111111,8,8,GATGAAAGGAGCGTAGTGAT,0,4996838
yjbJ_predicted,0.1111111111111111,8,8,GATCCTAAGATCTTTCGTCG,0,4998114
yjbJ_predicted,0.1111111111111111,8,8,GATCCACGCCACTTCTGATA,0,5028349
yjbJ_predicted,0.1111111111111111,8,8,GATCATCCGAGCTTTGTAAT,0,5013713
yjbJ_predicted,0.1111111111111111,8,8,GAGCAAACCTTGGACATGTG,0,5023359
yjbJ_predicted,0.1111111111111111,8,8,GACGGAGGATGAGCGACAGC,0,5014024
yjbJ_predicted,0.1111111111111111,8,8,GACGCTTCGGCGATGGCGGG,0,5014465
yjbJ_predicted,0.1111111111111111,8,8,GACCAATGCTGCTAAGACAC,0,5006059
yjbJ_predicted,0.1111111111111111,8,8,GACATCGTCACGCTTGGCCC,0,5015735
yjbJ_predicted,0.1111111111111111,8,8,GACAAGAGTACGTTCCACGG,0,4999213
yjbJ_predicted,0.1111111111111111,8,8,GAATGCGTCATGAACTGGGG,0,5000265
yjbJ_predicted,0.1111111111111111,8,8,GAATGCAGACAGTGTATGCA,0,5027121
yjbJ_predicted,0.1111111111111111,8,8,GAATAGAACGCATTCCACTT,0,4999833
yjbJ_predicted,0.1111111111111111,8,8,GAACATGGATGGTAAGTAAA,0,5019509
yjbJ_predicted,0.1111111111111111,8,8,GAAAAGAGGTGCACGTCTCT,0,5013513
yjbJ_predicted,0.1111111111111111,8,8,CTTTGCAGTGTGAGGCACGG,0,5004278
yjbJ_predicted,0.1111111111111111,8,8,CTTGACCATAGGCCTACGTA,0,4994702
yjbJ_predicted,0.1111111111111111,8,8,CTTCGCCCTCTAATCCGCTC,0,5005017
yjbJ_predicted,0.1111111111111111,8,8,CTTAGCGTGGATTGGTGTTG,0,4997805
yjbJ_predicted,0.1111111111111111,8,8,CTGCGGCTCCAGTGTTCGCG,0,5011963
yjbJ_predicted,0.1111111111111111,8,8,CTGCCGACTGCGACCACGAG,0,5009059
yjbJ_predicted,0.1111111111111111,8,8,CTGAGCATCCTCTGAGGGTG,0,4994869
yjbJ_predicted,0.1111111111111111,8,8,CTCTAGAAAGGTGTATCGGT,0,5027014
yjbJ_predicted,0.1111111111111111,8,8,CTCGGACGAGGACCCTTGTT,0,5014313
yjbJ_predicted,0.1111111111111111,8,8,CTCCATACTTTTCGATCAAT,0,5027858
yjbJ_predicted,0.1111111111111111,8,8,CTCCAATGTCCCTCCTTATC,0,5008076
yjbJ_predicted,0.1111111111111111,8,8,CTCAACAACGTGGGAACCGG,0,4996846
yjbJ_predicted,0.1111111111111111,8,8,CTATCATCGCATCGTATATT,0,5011997
yjbJ_predicted,0.1111111111111111,8,8,CTATATCCCAGAACAAATTA,0,5017339
yjbJ_predicted,0.1111111111111111,8,8,CTAGCTACACAACATAATAG,0,5029309
yjbJ_predicted,0.1111111111111111,8,8,CTAATAGCTTTTCGCTGTAC,0,5029687
yjbJ_predicted,0.1111111111111111,8,8,CTAACTTGGTTCACGACCTA,0,5030644
yjbJ_predicted,0.1111111111111111,8,8,CGTTCATTACCGTGTAGGTG,0,5014227
yjbJ_predicted,0.1111111111111111,8,8,CGTCGCGGATCTGCCAGGAA,0,5030331
yjbJ_predicted,0.1111111111111111,8,8,CGGTTTCCGACGAATGACGC,0,5019388
yjbJ_predicted,0.1111111111111111,8,8,CGGTAGTTGTATTCTAATGC,0,4997915
yjbJ_predicted,0.1111111111111111,8,8,CGGTAACGTTTTGGAATGCG,0,5030300
yjbJ_predicted,0.1111111111111111,8,8,CGGGTGAGGTGTAAGCGGCG,0,5011393
yjbJ_predicted,0.1111111111111111,8,8,CGGGTATAGGCTGGTAAAGG,0,4998901
yjbJ_predicted,0.1111111111111111,8,8,CGGGTACGCATTTGAGTTCC,0,5026075
yjbJ_predicted,0.1111111111111111,8,8,CGGGGTTGTGGGTGATATGC,0,5026927
yjbJ_predicted,0.1111111111111111,8,8,CGGGATATCGTTAGTCTTCT,0,5007512
yjbJ_predicted,0.1111111111111111,8,8,CGGCTTTCGGGGTTATTCCG,0,5007590
yjbJ_predicted,0.1111111111111111,8,8,CGGCTATGTTGTCCCGTCTA,0,4997059
yjbJ_predicted,0.1111111111111111,8,8,CGGATGCATATCATCGCTCA,0,5030821
yjbJ_predicted,0.1111111111111111,8,8,CGGAAAAAAGGAGTGCGTGT,0,5028590
yjbJ_predicted,0.1111111111111111,8,8,CGCTTCCAGTGGTGGTTAAG,0,5025452
yjbJ_predicted,0.1111111111111111,8,8,CGCTGAGGAAGTGGTAAGCA,0,4996850
yjbJ_predicted,0.1111111111111111,8,8,CGCTAGGAGCGGGTAAACGG,0,5013223
yjbJ_predicted,0.1111111111111111,8,8,CGCGCCCGGTTCACCCTCAC,0,5022191
yjbJ_predicted,0.1111111111111111,8,8,CGCCGCGAAGAAGATCCGTA,0,4995143
yjbJ_predicted,0.1111111111111111,8,8,CGCACTAATATCACAATAGT,0,5013237
yjbJ_predicted,0.1111111111111111,8,8,CGATCTCTTCTCCTTTCAGT,0,5027384
yjbJ_predicted,0.1111111111111111,8,8,CGAGAGTTACCGTGGAAGGC,0,4999884
yjbJ_predicted,0.1111111111111111,8,8,CGACCCCAGAGTAAGGACGA,0,5007085
yjbJ_predicted,0.1111111111111111,8,8,CGACAGCAAAATCACGGACC,0,4996653
yjbJ_predicted,0.1111111111111111,8,8,CGAATGTGTCCTATGTCGTC,0,5007973
yjbJ_predicted,0.1111111111111111,8,8,CCTTTTCGGCTTTAGAAGGG,0,5021190
yjbJ_predicted,0.1111111111111111,8,8,CCTTCTTCCCTGCCGTTGCA,0,5012316
yjbJ_predicted,0.1111111111111111,8,8,CCTTCCACGTTAAATTTGGC,0,5011120
yjbJ_predicted,0.1111111111111111,8,8,CCTGCCCTTGGTAAGTCGGA,0,5002024
yjbJ_predicted,0.1111111111111111,8,8,CCTCGGGGCAATGCGGGAGG,0,5015374
yjbJ_predicted,0.1111111111111111,8,8,CCTATTTTGTTACGCACGTG,0,5023981
yjbJ_predicted,0.1111111111111111,8,8,CCTATGACGAACTCGTATGG,0,5029119
yjbJ_predicted,0.1111111111111111,8,8,CCTATCATACCCTTCTTACT,0,5009678
yjbJ_predicted,0.1111111111111111,8,8,CCGTAGGTGAATGATGGAGT,0,5004894
yjbJ_predicted,0.1111111111111111,8,8,CCGGAGTGAGTATGGGTTGC,0,5022117
yjbJ_predicted,0.1111111111111111,8,8,CCGCTGCCCAGCGTCTTAGA,0,5028382
yjbJ_predicted,0.1111111111111111,8,8,CCGAGGCACTGTCTCGGCTC,0,5018620
yjbJ_predicted,0.1111111111111111,8,8,CCGAATTAGGCCAAGCCTTT,0,5002978
yjbJ_predicted,0.1111111111111111,8,8,CCCAGACTACTCGAAACTGG,0,5025332
yjbJ_predicted,0.1111111111111111,8,8,CCATGGATCTGTCTCTCTTG,0,5001779
yjbJ_predicted,0.1111111111111111,8,8,CCAGCTCCCAACCAAGTCCA,0,5030560
yjbJ_predicted,0.1111111111111111,8,8,CCAGAAGACTCGAGTGTGCG,0,5031057
yjbJ_predicted,0.1111111111111111,8,8,CCACTTGCGAAGAAGGTGGC,0,5005421
yjbJ_predicted,0.1111111111111111,8,8,CCACCGTCCGGATTCTTGTA,0,5020008
yjbJ_predicted,0.1111111111111111,8,8,CATTTCGGGACTGTAGTATC,0,4998885
yjbJ_predicted,0.1111111111111111,8,8,CATTGACTGTTTTCATGCGT,0,5015507
yjbJ_predicted,0.1111111111111111,8,8,CATTCCCACAAATCGCTCGA,0,4999989
yjbJ_predicted,0.1111111111111111,8,8,CATGTGGCACACGGTTGTAA,0,5010466
yjbJ_predicted,0.1111111111111111,8,8,CATGATCGGGTGCTAGGTTC,0,5008543
yjbJ_predicted,0.1111111111111111,8,8,CATCTGGTTCTTACGCGTCA,0,4996476
yjbJ_predicted,0.1111111111111111,8,8,CATCCTAAGAGGAGGACCAA,0,5010435
yjbJ_predicted,0.1111111111111111,8,8,CATAGGCACGCGCAGACAGA,0,5013987
yjbJ_predicted,0.1111111111111111,8,8,CATAGAATTAAAGCGAGTAA,0,5031318
yjbJ_predicted,0.1111111111111111,8,8,CATAGAATAAGCGTCTCGTC,0,5008235
yjbJ_predicted,0.1111111111111111,8,8,CATACTTCTCTGGCGATCTT,0,5019372
yjbJ_predicted,0.1111111111111111,8,8,CATAAGTACCCCGGGTGTAG,0,5025065
yjbJ_predicted,0.1111111111111111,8,8,CAGTGCTGCTATGGCACCTA,0,5001243
yjbJ_predicted,0.1111111111111111,8,8,CAGGTCTATTTTCTGGGCAG,0,5018906
yjbJ_predicted,0.1111111111111111,8,8,CAGGTCCCGAGGGGAATCCT,0,5000976
yjbJ_predicted,0.1111111111111111,8,8,CAGGGGTACACAGCCTACAG,0,5008782
yjbJ_predicted,0.1111111111111111,8,8,CAGCGGGCCTTTACTATTAC,0,5011770
yjbJ_predicted,0.1111111111111111,8,8,CAGCCGCAATTCAGGGCGAA,0,5012174
yjbJ_predicted,0.1111111111111111,8,8,CAGCAAATTCGAGATTGGTA,0,5024783
yjbJ_predicted,0.1111111111111111,8,8,CAGATAGAGTGTTCACGATT,0,5007522
yjbJ_predicted,0.1111111111111111,8,8,CAGAATAACTTCTCCAGGGA,0,5028096
yjbJ_predicted,0.1111111111111111,8,8,CAGAACCATATAAGATTTTA,0,5013939
yjbJ_predicted,0.1111111111111111,8,8,CACTTTTTTGGGTCCTTTAC,0,5023911
yjbJ_predicted,0.1111111111111111,8,8,CACTGGAGCCTCCAACGGAC,0,5013735
yjbJ_predicted,0.1111111111111111,8,8,CACGAGGAAACTCCGGACCA,0,5005169
yjbJ_predicted,0.1111111111111111,8,8,CACCGTTTCTTAGCGGGTAG,0,5029915
yjbJ_predicted,0.1111111111111111,8,8,CACCGGTGTGTATCATAATT,0,5014127
yjbJ_predicted,0.1111111111111111,8,8,CACCCCCTACCCCATGGATG,0,5016027
yjbJ_predicted,0.1111111111111111,8,8,CAATTGTACTTTTCAGTATT,0,5005799
yjbJ_predicted,0.1111111111111111,8,8,CAATTACGAGTGTACTAGTT,0,4999137
yjbJ_predicted,0.1111111111111111,8,8,CAATGCAACCAATTGTGCTG,0,5012238
yjbJ_predicted,0.1111111111111111,8,8,CAAGGCGGGAAGGGTCTTTG,0,5010628
yjbJ_predicted,0.1111111111111111,8,8,CAACGGAATGATAAACACAG,0,5017092
yjbJ_predicted,0.1111111111111111,8,8,CAACCTGGTTTAGCCGGAGT,0,5005365
yjbJ_predicted,0.1111111111111111,8,8,CAACCGGTATCATGTTTAAT,0,5016124
yjbJ_predicted,0.1111111111111111,8,8,ATTTTGTGAGGCATCAAGCC,0,4995687
yjbJ_predicted,0.1111111111111111,8,8,ATTTATGGTGCAGTGTGGGT,0,5017043
yjbJ_predicted,0.1111111111111111,8,8,ATTGTTCATACCTCTTGGAT,0,5017786
yjbJ_predicted,0.1111111111111111,8,8,ATTGTGATTTTAGACTCCGC,0,4997830
yjbJ_predicted,0.1111111111111111,8,8,ATTGAGAGACGTTCCGTTGT,0,5001149
yjbJ_predicted,0.1111111111111111,8,8,ATTGACTCAGTAATAATCTG,0,4995991
yjbJ_predicted,0.1111111111111111,8,8,ATTGACATATTCGGCTAGGT,0,4994690
yjbJ_predicted,0.1111111111111111,8,8,ATTATGCTTTATCTCGCTAT,0,5003654
yjbJ_predicted,0.1111111111111111,8,8,ATGTTGCCGTGGAGCTCCAA,0,4996482
yjbJ_predicted,0.1111111111111111,8,8,ATGTCGAGTGTCGGGCCTAA,0,4998488
yjbJ_predicted,0.1111111111111111,8,8,ATGCCAAGCCTTAACAGATC,0,5017812
yjbJ_predicted,0.1111111111111111,8,8,ATGATTACGACAGATCTGGT,0,4997258
yjbJ_predicted,0.1111111111111111,8,8,ATCTGGCTGGTCGGTTCCAA,0,5008130
yjbJ_predicted,0.1111111111111111,8,8,ATCTCAGGTTGGCCCCCCGA,0,5010358
yjbJ_predicted,0.1111111111111111,8,8,ATCTAGGTCTCTCGGAGCAG,0,5016389
yjbJ_predicted,0.1111111111111111,8,8,ATCATTGTAACTATTGCCGG,0,5020712
yjbJ_predicted,0.1111111111111111,8,8,ATCATAGCGTAGGTAGTTGT,0,4995456
yjbJ_predicted,0.1111111111111111,8,8,ATCACTGGGGTAGCTAATGC,0,5012065
yjbJ_predicted,0.1111111111111111,8,8,ATCACATCGAGATGTTCCCT,0,4995157
yjbJ_predicted,0.1111111111111111,8,8,ATATAGTGTATGAAGAGCTT,0,4997693
yjbJ_predicted,0.1111111111111111,8,8,ATATAGAGCTGTCGAACGGT,0,5029254
yjbJ_predicted,0.1111111111111111,8,8,ATAAAGAATGGGTTCCTCGG,0,4997701
yjbJ_predicted,0.1111111111111111,8,8,AGTTTCATTCCTTCTACTAG,0,5016890
yjbJ_predicted,0.1111111111111111,8,8,AGTTGTGTGGGCTACTAGGC,0,5011979
yjbJ_predicted,0.1111111111111111,8,8,AGTTATCCCTTGGAACTTTT,0,5024987
yjbJ_predicted,0.1111111111111111,8,8,AGTGCGGAACCATGGCTCGC,0,5014217
yjbJ_predicted,0.1111111111111111,8,8,AGTCTTTCATGTGGAATTGA,0,5002515
yjbJ_predicted,0.1111111111111111,8,8,AGGTTCTACGCTTGGACAAC,0,5001868
yjbJ_predicted,0.1111111111111111,8,8,AGGCTTGAGTTATTAGGCCA,0,5000672
yjbJ_predicted,0.1111111111111111,8,8,AGGCTGAGCCGTTTCGAACC,0,5018179
yjbJ_predicted,0.1111111111111111,8,8,AGGCGACGAATCCGCCGTGC,0,5018169
yjbJ_predicted,0.1111111111111111,8,8,AGGCCTGCCCTCGGGGCTAT,0,5024742
yjbJ_predicted,0.1111111111111111,8,8,AGGAGGTAGTCTGGGCAAGC,0,4997870
yjbJ_predicted,0.1111111111111111,8,8,AGCTCGAGGCTAATTGCACT,0,4999961
yjbJ_predicted,0.1111111111111111,8,8,AGCGCTTGGACCCGCGATGC,0,4998347
yjbJ_predicted,0.1111111111111111,8,8,AGCCTGGTCATTGGGATCAG,0,5002429
yjbJ_predicted,0.1111111111111111,8,8,AGCATGCTATTTTTAAAGAC,0,4999832
yjbJ_predicted,0.1111111111111111,8,8,AGCATACACCGCAGCTCAGC,0,5026216
yjbJ_predicted,0.1111111111111111,8,8,AGCACGCTCTCTTACCTGTA,0,5021831
yjbJ_predicted,0.1111111111111111,8,8,AGAGCAGGAGGTTGTTTTGT,0,5004462
yjbJ_predicted,0.1111111111111111,8,8,AGAGAGTTAACGGGTTCGAT,0,5009336
yjbJ_predicted,0.1111111111111111,8,8,AGACTTCTTTTCATGCTTGT,0,4997480
yjbJ_predicted,0.1111111111111111,8,8,AGACATTGTATTTTGAATAA,0,4999153
yjbJ_predicted,0.1111111111111111,8,8,AGAAGGAGTCTCCTAATGTG,0,5022951
yjbJ_predicted,0.1111111111111111,8,8,ACTGTATCGTAGAAGGTAGC,0,5028853
yjbJ_predicted,0.1111111111111111,8,8,ACTGCAGCGGTCCTAGGACA,0,5005177
yjbJ_predicted,0.1111111111111111,8,8,ACTGAACGGCATGACGAAAT,0,5004389
yjbJ_predicted,0.1111111111111111,8,8,ACTAATTGCGAAGGTATTTG,0,5025107
yjbJ_predicted,0.1111111111111111,8,8,ACGTGGTAACATGCTAAATT,0,5025878
yjbJ_predicted,0.1111111111111111,8,8,ACGGGCGTGGATCGTTATAG,0,5021808
yjbJ_predicted,0.1111111111111111,8,8,ACGGGCCTCACAAGTGATAT,0,5015406
yjbJ_predicted,0.1111111111111111,8,8,ACGGCTTTCTTCGCAGTGCG,0,5027488
yjbJ_predicted,0.1111111111111111,8,8,ACGGCGCCTTTTAGTTTGGG,0,5010421
yjbJ_predicted,0.1111111111111111,8,8,ACGCCGATCAAGGGCCGGTG,0,5003963
yjbJ_predicted,0.1111111111111111,8,8,ACGAGTCGCTGAGCGGGGTG,0,5024445
yjbJ_predicted,0.1111111111111111,8,8,ACGAGCATTTCTAGGTTTTC,0,5022257
yjbJ_predicted,0.1111111111111111,8,8,ACGACGCCTCCGATTCCACG,0,5004932
yjbJ_predicted,0.1111111111111111,8,8,ACCTGGTTCAGGCGAGCGCT,0,5018860
yjbJ_predicted,0.1111111111111111,8,8,ACCTCGGTGCATTGAGGGAT,0,4999583
yjbJ_predicted,0.1111111111111111,8,8,ACCGTTTGCATAGTACATGC,0,5012679
yjbJ_predicted,0.1111111111111111,8,8,ACCGTTCCCGATTACGAAGC,0,5023706
yjbJ_predicted,0.1111111111111111,8,8,ACCGTAATAATCATTAAATG,0,5000720
yjbJ_predicted,0.1111111111111111,8,8,ACCCAGGGTGTATGAGGGCT,0,5026782
yjbJ_predicted,0.1111111111111111,8,8,ACCATAGCCCAAGGGCAGGG,0,5002204
yjbJ_predicted,0.1111111111111111,8,8,ACCATACGAGTCGCTGGACA,0,5017858
yjbJ_predicted,0.1111111111111111,8,8,ACCAACCTCCGGCAGCTCTA,0,4999123
yjbJ_predicted,0.1111111111111111,8,8,ACATTACCCCGCAGTACGCG,0,5008946
yjbJ_predicted,0.1111111111111111,8,8,ACAGTGTGCCTTGACGGCCT,0,5021865
yjbJ_predicted,0.1111111111111111,8,8,ACAGGTGGCTTTTCTCAGCA,0,5016000
yjbJ_predicted,0.1111111111111111,8,8,ACAGAGGGCTGCGAATGAGG,0,5020859
yjbJ_predicted,0.1111111111111111,8,8,ACAACACATCTACGAACAGA,0,4995856
yjbJ_predicted,0.1111111111111111,8,8,AATTTGGCGGTATTCCGAAT,0,5002254
yjbJ_predicted,0.1111111111111111,8,8,AATTATTGCGGAGGTCCAAT,0,5004673
yjbJ_predicted,0.1111111111111111,8,8,AATGGATAGCCGTGTCTAGA,0,5004464
yjbJ_predicted,0.1111111111111111,8,8,AATGCCGTCTTTCTGTATAA,0,4994983
yjbJ_predicted,0.1111111111111111,8,8,AATCGCAGCCTAAACGTTGT,0,5004510
yjbJ_predicted,0.1111111111111111,8,8,AATAAATCATTTGACCGAGC,0,5027741
yjbJ_predicted,0.1111111111111111,8,8,AATAAAGTATTACGACTGTT,0,5016195
yjbJ_predicted,0.1111111111111111,8,8,AAGTCCATGGGACTCTCGGC,0,5023524
yjbJ_predicted,0.1111111111111111,8,8,AAGTAGTTCGCTGATGATAT,0,5017906
yjbJ_predicted,0.1111111111111111,8,8,AAGTAAGGTGGCTAGTTGCT,0,5020288
yjbJ_predicted,0.1111111111111111,8,8,AAGGTAAGGCGCCATCAAGC,0,4996870
yjbJ_predicted,0.1111111111111111,8,8,AAGAGGTGGTGCAGATATGC,0,5018507
yjbJ_predicted,0.1111111111111111,8,8,AAGACAGACGGTGCAGGGTT,0,5022601
yjbJ_predicted,0.1111111111111111,8,8,AAGAAGTCCGGAATAAATGA,0,5029545
yjbJ_predicted,0.1111111111111111,8,8,AAGAACTCCATTGGCCTTGT,0,5013123
yjbJ_predicted,0.1111111111111111,8,8,AACGTATGACGATCGTTGTT,0,4998495
yjbJ_predicted,0.1111111111111111,8,8,AACGCTATTCTAGTTTTGGG,0,5008724
yjbJ_predicted,0.1111111111111111,8,8,AACGCATCCGGTCCAATCGT,0,5013841
yjbJ_predicted,0.1111111111111111,8,8,AACGAAACGCAGAGATATTT,0,5013790
yjbJ_predicted,0.1111111111111111,8,8,AAAGTCCCGACAACTCTCGC,0,5011795
yjbJ_predicted,0.1111111111111111,8,8,AAAGGCTGGAGAGTTGTTCT,0,5025113
yjbJ_predicted,0.1111111111111111,8,8,AAACGCTCCTTTCCTCATGT,0,5003258
yjbJ_predicted,0.1111111111111111,8,8,AAAACGTTCTTCGTAGGAGC,0,5022399
yjbJ_predicted,0.125,7,7,TTTTTCCCTACGCAGTCTTC,0,5004891
yjbJ_predicted,0.125,7,7,TTTTACACTGGAAGTAAATG,0,4995171
yjbJ_predicted,0.125,7,7,TTTGTTGCTTGTTGTCCTGA,0,5001241
yjbJ_predicted,0.125,7,7,TTTGTGCTGTTAGTTATTTG,0,5002883
yjbJ_predicted,0.125,7,7,TTTCGCGTGGGCATATGATC,0,5025638
yjbJ_predicted,0.125,7,7,TTTCGAAGAGGGGAAAGCGC,0,5014200
yjbJ_predicted,0.125,7,7,TTTCGAACGTCACGGTACTA,0,5016263
yjbJ_predicted,0.125,7,7,TTTCCAGCCGTTTAGCCTTC,0,4996185
yjbJ_predicted,0.125,7,7,TTTAGATCAAATATATCAAA,0,5011482
yjbJ_predicted,0.125,7,7,TTTAGACATGCAGTCTTCTA,0,5027665
yjbJ_predicted,0.125,7,7,TTTACCTTTCGCTCAATGGC,0,4995547
yjbJ_predicted,0.125,7,7,TTGTCCGTAGTAGGTTGTCA,0,5021781
yjbJ_predicted,0.125,7,7,TTGGGTTGATCTCCTTAGCC,0,5008593
yjbJ_predicted,0.125,7,7,TTGGGCGGTCAATCTTCGGG,0,5027529
yjbJ_predicted,0.125,7,7,TTGCCATGTTTTCACGCGCA,0,5007040
yjbJ_predicted,0.125,7,7,TTGATTTCCCCATCGTACAT,0,5031264
yjbJ_predicted,0.125,7,7,TTGAAGTCAGCCGCACGGAG,0,5013535
yjbJ_predicted,0.125,7,7,TTCTATTTCGCGGTGCGGCA,0,5027875
yjbJ_predicted,0.125,7,7,TTCGCAACGAAATCCCTGTT,0,5019306
yjbJ_predicted,0.125,7,7,TTCCTTTAGTCCCGGGGCCT,0,5016074
yjbJ_predicted,0.125,7,7,TTCCGAACAGAGCAGTGGAG,0,5020376
yjbJ_predicted,0.125,7,7,TTCCCGGCGACCGAAGGCCC,0,5011811
yjbJ_predicted,0.125,7,7,TTCATGGACAAGTCGGTGGT,0,4994866
yjbJ_predicted,0.125,7,7,TTCACGTGGACAAAGGTTCC,0,4996003
yjbJ_predicted,0.125,7,7,TTCAACTGCTCTATGCGACC,0,4999331
yjbJ_predicted,0.125,7,7,TTATCCTCCGTAAAGTCAGT,0,5007849
yjbJ_predicted,0.125,7,7,TTATCAGATCACGCTGAAGG,0,5012966
yjbJ_predicted,0.125,7,7,TTATATGCCAGGGGGGTTGC,0,5014212
yjbJ_predicted,0.125,7,7,TTAGCCTATCGGTCGAATAC,0,5025881
yjbJ_predicted,0.125,7,7,TTAGCAACCAAGAGTACGTA,0,5019830
yjbJ_predicted,0.125,7,7,TTAGACTGTTTGGAAACACT,0,4995379
yjbJ_predicted,0.125,7,7,TTACGCAGTATGGTAAACGG,0,5003847
yjbJ_predicted,0.125,7,7,TTAATCTGAGGTAACTGTCG,0,5006830
yjbJ_predicted,0.125,7,7,TTAATAAGCCTTGTGCGGCT,0,5003083
yjbJ_predicted,0.125,7,7,TTAACTAGAGGGGACGAGCA,0,5029795
yjbJ_predicted,0.125,7,7,TGTTTGAGAAGAATCAGAGT,0,5017658
yjbJ_predicted,0.125,7,7,TGTTTAGATAAGACGGCAGT,0,5027766
yjbJ_predicted,0.125,7,7,TGTTCCACGTATGAAATTCT,0,5000010
yjbJ_predicted,0.125,7,7,TGTGTGTCGCTCACTCTATG,0,5023777
yjbJ_predicted,0.125,7,7,TGTGTGGTAGCTGGGTGCTC,0,5007563
yjbJ_predicted,0.125,7,7,TGTGGGGGACATGCGGCCCG,0,5029767
yjbJ_predicted,0.125,7,7,TGTGGATGCGCATGCGGGCG,0,5001375
yjbJ_predicted,0.125,7,7,TGTCTTGGGCACACTCTCTC,0,4995766
yjbJ_predicted,0.125,7,7,TGTCTTACTAGAGATCTACC,0,5004248
yjbJ_predicted,0.125,7,7,TGTCGGCTAGCCAATAAGGA,0,4996605
yjbJ_predicted,0.125,7,7,TGTACGGGACGTCGAACGAA,0,5005982
yjbJ_predicted,0.125,7,7,TGTACCGGACCGTTCCACTT,0,5025023
yjbJ_predicted,0.125,7,7,TGTACATATGAACGATGGTG,0,5014196
yjbJ_predicted,0.125,7,7,TGTACAATAGGTGTATCAGT,0,5017916
yjbJ_predicted,0.125,7,7,TGGTTGCTTCCGTGAATATA,0,5016480
yjbJ_predicted,0.125,7,7,TGGTTGAAAGGATCTAGGTA,0,4998608
yjbJ_predicted,0.125,7,7,TGGTCAGGGGACGTATATGT,0,5024631
yjbJ_predicted,0.125,7,7,TGGTCAAGGGCTATACGCAT,0,5000582
yjbJ_predicted,0.125,7,7,TGGGTTCTTGTAATTACCAG,0,5011610
yjbJ_predicted,0.125,7,7,TGGCTCTGGGCCGGGGCTAA,0,5028320
yjbJ_predicted,0.125,7,7,TGGATAAGTATGTGGCTCCA,0,4999440
yjbJ_predicted,0.125,7,7,TGGAGGGCTCCTATCGAGCT,0,5019992
yjbJ_predicted,0.125,7,7,TGGAGGGATTCCGATGAAGC,0,5021736
yjbJ_predicted,0.125,7,7,TGGAATGTTTGATCGCCCTG,0,5025051
yjbJ_predicted,0.125,7,7,TGCTTGCGGGAACTGGGGTG,0,4996977
yjbJ_predicted,0.125,7,7,TGCTGCATAGCTTCTTGTAA,0,5010395
yjbJ_predicted,0.125,7,7,TGCTATAGCAAGTCATAGAC,0,5012681
yjbJ_predicted,0.125,7,7,TGCCCAGTGCGCCTTGATAT,0,5008134
yjbJ_predicted,0.125,7,7,TGCATCTCGGCTTGAACTTG,0,5028216
yjbJ_predicted,0.125,7,7,TGCAACCGATTAATTAGCTT,0,5030318
yjbJ_predicted,0.125,7,7,TGCAAAACAGCGTGAGAGAC,0,5025140
yjbJ_predicted,0.125,7,7,TGATATTATGTTTGAACGTT,0,5017288
yjbJ_predicted,0.125,7,7,TGAGAATTACTTAATCGGGT,0,5002911
yjbJ_predicted,0.125,7,7,TGACTTCTGATTTGCGTATG,0,5011279
yjbJ_predicted,0.125,7,7,TGACTCTATACGTTCCCTAC,0,5002364
yjbJ_predicted,0.125,7,7,TGACGATGACGCCGGGCTGG,0,5003528
yjbJ_predicted,0.125,7,7,TGAATACTCATGGTAAGTCC,0,5026029
yjbJ_predicted,0.125,7,7,TGAACCCTTGAATTTTTCGG,0,5013030
yjbJ_predicted,0.125,7,7,TCTTTTGGAAGGCTACGCCT,0,5005771
yjbJ_predicted,0.125,7,7,TCTTTGCTCTGGACGTGAGT,0,5009132
yjbJ_predicted,0.125,7,7,TCTTGATAAGCCACCGGAGA,0,5027115
yjbJ_predicted,0.125,7,7,TCTTCCGGATGTTGGACCGG,0,5011298
yjbJ_predicted,0.125,7,7,TCTGCGTCTATCGGCGATCA,0,5002243
yjbJ_predicted,0.125,7,7,TCTGACCAATGTTCAGGTCG,0,5026504
yjbJ_predicted,0.125,7,7,TCTCGCTAAAAAACTCTGGG,0,5003360
yjbJ_predicted,0.125,7,7,TCTATTTTGCCCAGTTAGCC,0,5009626
yjbJ_predicted,0.125,7,7,TCTACACTTTGCTCTTGTTA,0,5017959
yjbJ_predicted,0.125,7,7,TCGTTTGAAAGGCACGCAGT,0,4998975
yjbJ_predicted,0.125,7,7,TCGGTGCACCATGAGTCCCT,0,5015168
yjbJ_predicted,0.125,7,7,TCGGTCATCTTGTAGATGGC,0,5017514
yjbJ_predicted,0.125,7,7,TCGGCGATATCAGTCGATGT,0,5020460
yjbJ_predicted,0.125,7,7,TCGGAGCTAAGCGCTGTTAG,0,5023810
yjbJ_predicted,0.125,7,7,TCGCGGGCAATATCGCCTGG,0,5021285
yjbJ_predicted,0.125,7,7,TCGCGGATTGTAAACTTCCT,0,4998719
yjbJ_predicted,0.125,7,7,TCGCAAGAACCGGATTGCCT,0,5009514
yjbJ_predicted,0.125,7,7,TCGATTCGTGTTAGACCAGC,0,5004948
yjbJ_predicted,0.125,7,7,TCGATGCTTATAAGCCCCAG,0,5017659
yjbJ_predicted,0.125,7,7,TCGAAGCGTCTTTCTCAGTT,0,5000276
yjbJ_predicted,0.125,7,7,TCCTTTCAGAGTGAGACAAT,0,5013516
yjbJ_predicted,0.125,7,7,TCCGTACAATCGTGACCGAA,0,5015013
yjbJ_predicted,0.125,7,7,TCCGCCCTTTGTTGGAATAT,0,5023960
yjbJ_predicted,0.125,7,7,TCCGCAGATCGGTACTTCTA,0,4997866
yjbJ_predicted,0.125,7,7,TCCCTATCCTTCTCAGCGAC,0,5001185
yjbJ_predicted,0.125,7,7,TCCCTAGCGCGATTATTGGG,0,5021897
yjbJ_predicted,0.125,7,7,TCCCGACTCAGACAGACTTG,0,5015073
yjbJ_predicted,0.125,7,7,TCCCCGCCCACGATAAGTAA,0,5026538
yjbJ_predicted,0.125,7,7,TCCACTCCCACAAGCAGGAA,0,5020281
yjbJ_predicted,0.125,7,7,TCATTCGGTGACCGTCTATT,0,4995759
yjbJ_predicted,0.125,7,7,TCATTCGGCAGAAATTCACT,0,5014183
yjbJ_predicted,0.125,7,7,TCATTCCCCTATTTACTCTA,0,5014498
yjbJ_predicted,0.125,7,7,TCAGGGTCTTTATCGTGACA,0,4999934
yjbJ_predicted,0.125,7,7,TCAGATGGGGGAAGAGCACA,0,5028969
yjbJ_predicted,0.125,7,7,TCACGCCATCCCCCGGTCAC,0,5010919
yjbJ_predicted,0.125,7,7,TCAACTCGTTAAGCGCTCGA,0,4998614
yjbJ_predicted,0.125,7,7,TATTAGAGATGGATAATAGC,0,4999380
yjbJ_predicted,0.125,7,7,TATGTAGCTGAGGCATCGGA,0,5007020
yjbJ_predicted,0.125,7,7,TATGACTCAGCCCGGCGAAT,0,5025617
yjbJ_predicted,0.125,7,7,TATCTCGTACTACCAACGCA,0,5026358
yjbJ_predicted,0.125,7,7,TATACATTTGAGTAGCTGAA,0,5000630
yjbJ_predicted,0.125,7,7,TAGTGTTGTCGTCTTTATAA,0,4999403
yjbJ_predicted,0.125,7,7,TAGGTTATGTGGCTGTCCTG,0,5010642
yjbJ_predicted,0.125,7,7,TAGGGGCTCTTACCCACGCG,0,5028544
yjbJ_predicted,0.125,7,7,TAGCTCTGCCGCCATCCGCG,0,5005073
yjbJ_predicted,0.125,7,7,TAGATTGCGGGCGCTAAGAA,0,5018887
yjbJ_predicted,0.125,7,7,TAGAAATCGGTCTCGCAGGT,0,5021849
yjbJ_predicted,0.125,7,7,TACTCCTCAAAGTGGCTTGT,0,5002639
yjbJ_predicted,0.125,7,7,TACTCCCCGTCGCCCACTGT,0,4998451
yjbJ_predicted,0.125,7,7,TACCGGGCGGAGCAAGAGCA,0,5014392
yjbJ_predicted,0.125,7,7,TACCAGGTACACAGGTGACC,0,5013486
yjbJ_predicted,0.125,7,7,TAATTTACTTTAATGCGTTC,0,5007888
yjbJ_predicted,0.125,7,7,TAATGAATAACGTTCGGGGA,0,5008632
yjbJ_predicted,0.125,7,7,TAATATCCCAAAGGGTCCGA,0,5029797
yjbJ_predicted,0.125,7,7,TAATACTGAGTATAGAAGTT,0,4999933
yjbJ_predicted,0.125,7,7,TAATAAAAGGCGGCAGAGAG,0,5027712
yjbJ_predicted,0.125,7,7,TAAGCGGGAACACATATAGG,0,5000144
yjbJ_predicted,0.125,7,7,TAAGCACATCTAGACGACTC,0,5013437
yjbJ_predicted,0.125,7,7,TAAGATGGGTCTCCATATTG,0,5012642
yjbJ_predicted,0.125,7,7,GTTGTGTATCGCTTTCCAGT,0,5023324
yjbJ_predicted,0.125,7,7,GTTGGTTTTAAGTACAAGGA,0,5023464
yjbJ_predicted,0.125,7,7,GTTGAAAAAGAGTTCATACA,0,5031058
yjbJ_predicted,0.125,7,7,GTTCCAGGGAATACTATATA,0,5006937
yjbJ_predicted,0.125,7,7,GTGTGATCAGGACAGGCGGC,0,5000527
yjbJ_predicted,0.125,7,7,GTGTAGTCAAAATCCGCGTA,0,5017847
yjbJ_predicted,0.125,7,7,GTGGTAAACGTTGACTTCTT,0,5021667
yjbJ_predicted,0.125,7,7,GTGCGGTTATCAAGCAAGTA,0,5019124
yjbJ_predicted,0.125,7,7,GTGAAACTACTACTGTTGTA,0,5008324
yjbJ_predicted,0.125,7,7,GTCTTGATCGTGTGCGGCCT,0,5007308
yjbJ_predicted,0.125,7,7,GTCGTTTTGGACCCACTGTT,0,5001506
yjbJ_predicted,0.125,7,7,GTCGTTAGTTAGACATGTGA,0,5011847
yjbJ_predicted,0.125,7,7,GTCGGATCGCGACGACAGTT,0,5017836
yjbJ_predicted,0.125,7,7,GTCCCCCAATGCCTCGATTA,0,5002636
yjbJ_predicted,0.125,7,7,GTCCATTCTCACCCCGGCCA,0,5026326
yjbJ_predicted,0.125,7,7,GTCATTATTACCGGGCTCTG,0,5022071
yjbJ_predicted,0.125,7,7,GTATGGGATCTCAGTTAAGT,0,4999605
yjbJ_predicted,0.125,7,7,GTAGCCTAATTACGGTTAAT,0,5006969
yjbJ_predicted,0.125,7,7,GTAGAAAAGGCGCGACGTTT,0,5004766
yjbJ_predicted,0.125,7,7,GTACGGGGAGATAAATCCTC,0,5029373
yjbJ_predicted,0.125,7,7,GTAAAAAGCCGGTCCGGACG,0,5024142
yjbJ_predicted,0.125,7,7,GGTTTGAAGCAATCCTCCAC,0,5008173
yjbJ_predicted,0.125,7,7,GGTTTGAAAATGTTGTATAA,0,5015470
yjbJ_predicted,0.125,7,7,GGTTGGAACTCACAGCGGCT,0,4997383
yjbJ_predicted,0.125,7,7,GGTTACACAGATGTCAAGCA,0,4997993
yjbJ_predicted,0.125,7,7,GGTGGAGGCGACATCTAGAG,0,4995107
yjbJ_predicted,0.125,7,7,GGTATGATTATGGGCTCTGA,0,5023092
yjbJ_predicted,0.125,7,7,GGTAGGCCGGTAATCCCGCA,0,4995866
yjbJ_predicted,0.125,7,7,GGTAATTTGGCGACGTCTTT,0,5019059
yjbJ_predicted,0.125,7,7,GGTAAACCCCTAAACGCTCA,0,5008486
yjbJ_predicted,0.125,7,7,GGGTGAATCCTAGGCATGTG,0,5018220
yjbJ_predicted,0.125,7,7,GGGGTTATGTACGTCATGTA,0,5001558
yjbJ_predicted,0.125,7,7,GGGGAGCGATTACGGATATT,0,5000943
yjbJ_predicted,0.125,7,7,GGGCTGCAATATATACCTAA,0,5008787
yjbJ_predicted,0.125,7,7,GGGCGCTAGGTATTCGACCG,0,5027538
yjbJ_predicted,0.125,7,7,GGGCCTACCCCACAGGAGAC,0,5025822
yjbJ_predicted,0.125,7,7,GGGCCATGTCCTCCCCTTAG,0,5009071
yjbJ_predicted,0.125,7,7,GGGCAATGGCGGTGGGATAG,0,5014059
yjbJ_predicted,0.125,7,7,GGGAGCCTAAGTATGTTTAA,0,5028464
yjbJ_predicted,0.125,7,7,GGCTTCTAGTAGAAAGCAAA,0,5028672
yjbJ_predicted,0.125,7,7,GGCTTCACAGGATGTTGGGT,0,5006765
yjbJ_predicted,0.125,7,7,GGCTTAAATGTATAATGGGT,0,5029501
yjbJ_predicted,0.125,7,7,GGCGCATCGTGACGATGGAT,0,5012566
yjbJ_predicted,0.125,7,7,GGCATCCGAATAGTCAGCGG,0,5003203
yjbJ_predicted,0.125,7,7,GGCATCAAGCAGACTCGAAG,0,5003393
yjbJ_predicted,0.125,7,7,GGATGATCTAAGTACGGGAA,0,5011870
yjbJ_predicted,0.125,7,7,GGATCTTGGGAGGGCGTTGA,0,5008507
yjbJ_predicted,0.125,7,7,GGATACGGGCTATTATGGCC,0,5025658
yjbJ_predicted,0.125,7,7,GGAGTTACCAACAAAAAGTC,0,5025482
yjbJ_predicted,0.125,7,7,GGAGCCCATCGAAAATCCCA,0,4995243
yjbJ_predicted,0.125,7,7,GGACGGGAATGACTGGGAAA,0,5030827
yjbJ_predicted,0.125,7,7,GGAACTGCGCTGAGGTCTAC,0,5024985
yjbJ_predicted,0.125,7,7,GGAAATTTTATCTCGTTAGT,0,5020735
yjbJ_predicted,0.125,7,7,GCTTTACCCATCTGGGCCGT,0,4998052
yjbJ_predicted,0.125,7,7,GCTTGATTTTGCCAAATAAG,0,5028978
yjbJ_predicted,0.125,7,7,GCTTATCTTACCCTTCCTTG,0,5003342
yjbJ_predicted,0.125,7,7,GCTGTGATTCCGACAAGGCA,0,5010483
yjbJ_predicted,0.125,7,7,GCTGATATAGCGCAAGTACC,0,5010654
yjbJ_predicted,0.125,7,7,GCTAGATCGGGTGGGCCGCC,0,5025389
yjbJ_predicted,0.125,7,7,GCGTTGAGAAAGGCACTGTG,0,5021735
yjbJ_predicted,0.125,7,7,GCGTGGTACTTTTATGTCCA,0,5010397
yjbJ_predicted,0.125,7,7,GCGTGAAAAGTCCCCATATA,0,4998351
yjbJ_predicted,0.125,7,7,GCGGGTCTTTGTCTGAGTTG,0,5017596
yjbJ_predicted,0.125,7,7,GCGGGGGAGCACATCAAACC,0,4998116
yjbJ_predicted,0.125,7,7,GCGGGGCTAAATAAGCACAT,0,5005921
yjbJ_predicted,0.125,7,7,GCGGCATTTGCCGGCTGTTC,0,5008271
yjbJ_predicted,0.125,7,7,GCGCGTACAGAGTATCACAC,0,5000899
yjbJ_predicted,0.125,7,7,GCGCAAGTCATGGTAACGGA,0,5020408
yjbJ_predicted,0.125,7,7,GCGACCACATGCTATCTCCT,0,5013857
yjbJ_predicted,0.125,7,7,GCCGTCTACCTACATGACGT,0,5000348
yjbJ_predicted,0.125,7,7,GCCCTTAGAACCTTGTTTAC,0,4999765
yjbJ_predicted,0.125,7,7,GCCATGGCTATTTACTTGGG,0,5018802
yjbJ_predicted,0.125,7,7,GCCATCGATGCGCAGGGGGT,0,5002352
yjbJ_predicted,0.125,7,7,GCATGAAGGTCGGGGGTATC,0,5008168
yjbJ_predicted,0.125,7,7,GCAGGTAACCCAGTAGGCTA,0,5017478
yjbJ_predicted,0.125,7,7,GCAGGAGAGTGCGTGAGAAC,0,5002401
yjbJ_predicted,0.125,7,7,GCAGCCTCCCTTTTTGTGTC,0,5006266
yjbJ_predicted,0.125,7,7,GCACATTGGGTGTGGAGTAC,0,5016408
yjbJ_predicted,0.125,7,7,GCACAGTTAAAGGCTAGGAT,0,4996089
yjbJ_predicted,0.125,7,7,GCAATTAAAGGCGTTATGCC,0,5015972
yjbJ_predicted,0.125,7,7,GCAATACTAGACATTGATCA,0,4998145
yjbJ_predicted,0.125,7,7,GCAAATGGTACTTGGGAACT,0,5002680
yjbJ_predicted,0.125,7,7,GCAAATAGAGTCATACCAGG,0,5001869
yjbJ_predicted,0.125,7,7,GCAAACCGACCATAACCCTC,0,5020469
yjbJ_predicted,0.125,7,7,GATTGGCGGCCGCGTAGTTC,0,5005168
yjbJ_predicted,0.125,7,7,GATTCGGCCGACCGCCTTTA,0,5023704
yjbJ_predicted,0.125,7,7,GATTCGCTGATACCCCCAAC,0,5019714
yjbJ_predicted,0.125,7,7,GATCCGAGGAACGAATTGGA,0,5020964
yjbJ_predicted,0.125,7,7,GATATAGGGACCGTCAGCTT,0,5001888
yjbJ_predicted,0.125,7,7,GAGTTCCGTGTGCGACATTG,0,4999564
yjbJ_predicted,0.125,7,7,GAGTCGGCCCTCTAGGTCGG,0,5005833
yjbJ_predicted,0.125,7,7,GAGGGGTTTCGCAGATTCGG,0,4999056
yjbJ_predicted,0.125,7,7,GAGCTACCGCGTGTTGCAAC,0,5022908
yjbJ_predicted,0.125,7,7,GAGCGCGAGTTCTAGCCTTT,0,5002231
yjbJ_predicted,0.125,7,7,GAGACGCACAACAGTCCGAG,0,5009138
yjbJ_predicted,0.125,7,7,GAGAAACTACGAGGCGTGAC,0,5019792
yjbJ_predicted,0.125,7,7,GACTGCCTTACATTATTCAT,0,5005253
yjbJ_predicted,0.125,7,7,GACGGTACGTGGCGTAAGCT,0,5027086
yjbJ_predicted,0.125,7,7,GACGAACAATCAAGGAGAGG,0,5015530
yjbJ_predicted,0.125,7,7,GAATTGCCCGATACCAAACA,0,4997743
yjbJ_predicted,0.125,7,7,GAATGAACTGACCCGTAGAG,0,5019117
yjbJ_predicted,0.125,7,7,GAATCGCAGACTTAGGACCG,0,5008454
yjbJ_predicted,0.125,7,7,GAATACTGCGTATGGTCTCT,0,4999038
yjbJ_predicted,0.125,7,7,GAAGTGCCGGGCCAGTCGGA,0,5003514
yjbJ_predicted,0.125,7,7,GAAGCAGGCGCTCGATAGAC,0,5009889
yjbJ_predicted,0.125,7,7,GAACGTGCACATATCTACAG,0,4997702
yjbJ_predicted,0.125,7,7,GAAATGCTTACATTTACCTA,0,5010885
yjbJ_predicted,0.125,7,7,GAAAGGCGTGATTTTCAGTT,0,5016203
yjbJ_predicted,0.125,7,7,GAAAACAACTAGCGTTTCGT,0,5021995
yjbJ_predicted,0.125,7,7,CTTTCTGTCAACAACCGTCC,0,5027153
yjbJ_predicted,0.125,7,7,CTTGCTGTCTAGATGAACAT,0,4995993
yjbJ_predicted,0.125,7,7,CTTCTCCCTCCAAGTGACCT,0,5007974
yjbJ_predicted,0.125,7,7,CTTATGTGTATTTCAGTGCC,0,5011095
yjbJ_predicted,0.125,7,7,CTTAGTCGATCCGGTAATAG,0,5004257
yjbJ_predicted,0.125,7,7,CTTAGAGTGAAGTACCATCA,0,5018136
yjbJ_predicted,0.125,7,7,CTGTCATGTATCAGGCGGGC,0,5023870
yjbJ_predicted,0.125,7,7,CTGTAACGTTTAACTAAGCC,0,5008873
yjbJ_predicted,0.125,7,7,CTGGTAGATTGTATTGGGTG,0,5021296
yjbJ_predicted,0.125,7,7,CTGGACATCTACCTACAACT,0,5020953
yjbJ_predicted,0.125,7,7,CTGCTGTGGAAAGTCATCCG,0,5026173
yjbJ_predicted,0.125,7,7,CTGCTCCAGAAAAAAAGGTG,0,5006284
yjbJ_predicted,0.125,7,7,CTGCGACGGTCGCAGTTCAA,0,5015554
yjbJ_predicted,0.125,7,7,CTGCCTCTGAAGTAGTGAAA,0,5002919
yjbJ_predicted,0.125,7,7,CTGACGCCGTGTATACATCT,0,5006443
yjbJ_predicted,0.125,7,7,CTCTCGGTGATGGAGGGCGC,0,5009013
yjbJ_predicted,0.125,7,7,CTCTCATTCGTGGGAACGCA,0,5023114
yjbJ_predicted,0.125,7,7,CTCGAACTGTCGGTGAAGTC,0,5014486
yjbJ_predicted,0.125,7,7,CTCCCGGTGTTAAGGGCGAG,0,5028601
yjbJ_predicted,0.125,7,7,CTCCACGCCAGAGCGGAGGC,0,5007588
yjbJ_predicted,0.125,7,7,CTCAGCACGACCGCGTGTCC,0,5031001
yjbJ_predicted,0.125,7,7,CTCACGCCAATCCAAGGGTC,0,4995463
yjbJ_predicted,0.125,7,7,CTATTCTGAGTTTTATCCTA,0,5009272
yjbJ_predicted,0.125,7,7,CTAGTGCGGGCACATCCGCT,0,5000393
yjbJ_predicted,0.125,7,7,CTACAACACTCAAGTGGGTT,0,4999641
yjbJ_predicted,0.125,7,7,CTAACCGTACTGGGGATTAG,0,5024144
yjbJ_predicted,0.125,7,7,CTAACCGATTAGCGTGTTCT,0,5012111
yjbJ_predicted,0.125,7,7,CGTTCTCGTTGTCTACTTCA,0,5028892
yjbJ_predicted,0.125,7,7,CGTCCTATTAGCGACACTAC,0,5021934
yjbJ_predicted,0.125,7,7,CGTCCGGCTCCTGGCATTTT,0,5013008
yjbJ_predicted,0.125,7,7,CGTCAATATATGGCCTCCGG,0,5023123
yjbJ_predicted,0.125,7,7,CGGTTGTTCACTCGGAAAAG,0,5013644
yjbJ_predicted,0.125,7,7,CGGTTGCGTCTCCTGGGCGT,0,5021209
yjbJ_predicted,0.125,7,7,CGGTGGTAATTGGATTGATT,0,5013266
yjbJ_predicted,0.125,7,7,CGGTGCTAAGTGTAATGTTA,0,5000343
yjbJ_predicted,0.125,7,7,CGGTACAGGTCCACATTATG,0,5003848
yjbJ_predicted,0.125,7,7,CGGGGGCTCTATCTCAACGA,0,5005544
yjbJ_predicted,0.125,7,7,CGGCTGTGTGTATCAACAAA,0,5010526
yjbJ_predicted,0.125,7,7,CGGAATCTCACTCACTGTGA,0,5024389
yjbJ_predicted,0.125,7,7,CGGAACGCACCTACTCGGGA,0,5014989
yjbJ_predicted,0.125,7,7,CGCTCGATTTGTTTACCAAT,0,5021099
yjbJ_predicted,0.125,7,7,CGCGAGACTCAAGTGATGTC,0,4996651
yjbJ_predicted,0.125,7,7,CGCCTTTGACTAGAATCTCA,0,4996019
yjbJ_predicted,0.125,7,7,CGCCATGGCAGGGTGATCTA,0,5016156
yjbJ_predicted,0.125,7,7,CGATTGTCACCCAGTGAGCT,0,5009452
yjbJ_predicted,0.125,7,7,CGATGGCGTTATTGACTACA,0,5019384
yjbJ_predicted,0.125,7,7,CGATCCCCTAACGTCGAGGG,0,5024911
yjbJ_predicted,0.125,7,7,CGAGGTTAGTAACATCACAC,0,5022240
yjbJ_predicted,0.125,7,7,CGAGGGCAATCTCGAGTCAC,0,4996056
yjbJ_predicted,0.125,7,7,CGACGATCAGCAGGGGCAGG,0,5015245
yjbJ_predicted,0.125,7,7,CGACGACGGCCCTCTAGTTG,0,5021333
yjbJ_predicted,0.125,7,7,CGACATCCTGGCAATTCCTT,0,5022252
yjbJ_predicted,0.125,7,7,CGACACGATACATCTCTCTC,0,4998977
yjbJ_predicted,0.125,7,7,CGAAGGAACCAACGATTTCC,0,5023345
yjbJ_predicted,0.125,7,7,CCTTTGGTCCGCGAGTTCTA,0,5023084
yjbJ_predicted,0.125,7,7,CCTGCGTGCATCGCAACATT,0,5007675
yjbJ_predicted,0.125,7,7,CCTGAGCAGATTCGGGGACC,0,5010776
yjbJ_predicted,0.125,7,7,CCTCTGTGTGCACCAGCTCA,0,5028164
yjbJ_predicted,0.125,7,7,CCTCGCTCAAACCCTCTGTC,0,5017457
yjbJ_predicted,0.125,7,7,CCTCCACAAAAGTTATTCAT,0,5022861
yjbJ_predicted,0.125,7,7,CCTCACAATACCTTAGGCAA,0,5009229
yjbJ_predicted,0.125,7,7,CCTATAGTGATGGGGCGGCT,0,5008402
yjbJ_predicted,0.125,7,7,CCTAGCTAAGAGGAGTATTC,0,5020350
yjbJ_predicted,0.125,7,7,CCGTTGGTTCCGGACTATCA,0,4996401
yjbJ_predicted,0.125,7,7,CCGTTCATAGGGATTATATT,0,5015758
yjbJ_predicted,0.125,7,7,CCGGGCTACCAGCGGTGGAC,0,5030033
yjbJ_predicted,0.125,7,7,CCGCGTCAACCCGGGGGCAA,0,5010440
yjbJ_predicted,0.125,7,7,CCGCGACTGGCCGAGGGCTA,0,5026973
yjbJ_predicted,0.125,7,7,CCGCACGTATAAATGCACAT,0,5016494
yjbJ_predicted,0.125,7,7,CCGCAAAGATGTTAGGTCCT,0,5004320
yjbJ_predicted,0.125,7,7,CCGATGGTATGGGTTTCGCC,0,5031067
yjbJ_predicted,0.125,7,7,CCCTGCGACTGTCATGGTGC,0,5014434
yjbJ_predicted,0.125,7,7,CCCTCTTTCGAGTCGAGTCT,0,5017282
yjbJ_predicted,0.125,7,7,CCCTCCTAGCGTCCCGGGCA,0,5023762
yjbJ_predicted,0.125,7,7,CCCGTAGTTACGACAACATA,0,5011366
yjbJ_predicted,0.125,7,7,CCCGTAAATAGACCGCTAGA,0,5012240
yjbJ_predicted,0.125,7,7,CCCGGCACTTTTCACAGGTG,0,5022870
yjbJ_predicted,0.125,7,7,CCCGGAAGCCGTTTAGGACC,0,5018295
yjbJ_predicted,0.125,7,7,CCCGCGGTAGGATAACCCCA,0,5014027
yjbJ_predicted,0.125,7,7,CCCAGTCCGAGGGTTCGGTT,0,5027411
yjbJ_predicted,0.125,7,7,CCCAGGGCTACTATGGCCAT,0,5029750
yjbJ_predicted,0.125,7,7,CCCAATGAAGCGTATGGTAT,0,4998715
yjbJ_predicted,0.125,7,7,CCATCTACGGATAATCACGG,0,5017766
yjbJ_predicted,0.125,7,7,CCAGCTCTTATATTCAAGGA,0,5026348
yjbJ_predicted,0.125,7,7,CCAGCGTTAGTGTATACCAT,0,5015638
yjbJ_predicted,0.125,7,7,CCAGAGTCCCCTGGGAAGGA,0,5012136
yjbJ_predicted,0.125,7,7,CCACTACGGTGTGGGAAAAG,0,5012119
yjbJ_predicted,0.125,7,7,CCACCATGACAAATAGCATA,0,5023932
yjbJ_predicted,0.125,7,7,CCAAACGTCATTTCTCGCGT,0,5018908
yjbJ_predicted,0.125,7,7,CATTTTGCCACATCAATGCC,0,5020145
yjbJ_predicted,0.125,7,7,CATGTGCAGCCGCGGCTTGT,0,5010266
yjbJ_predicted,0.125,7,7,CATGCGCTAAGACACAAGAG,0,5017876
yjbJ_predicted,0.125,7,7,CATGCGCCGACAGGGCGGTG,0,5028371
yjbJ_predicted,0.125,7,7,CATGCCCTGGGCCACGACTA,0,5024761
yjbJ_predicted,0.125,7,7,CATCCTCGATAAGGAGCATA,0,5017810
yjbJ_predicted,0.125,7,7,CATCATGTTCGGTTCGGCTA,0,5017568
yjbJ_predicted,0.125,7,7,CATATAACGCGTTTTTGTGT,0,5026025
yjbJ_predicted,0.125,7,7,CAGTGTGGTGTTGTCAGAAG,0,5014100
yjbJ_predicted,0.125,7,7,CAGTATGGTGTATACGTTTC,0,5026895
yjbJ_predicted,0.125,7,7,CAGTACCGACTGCTTCTAGG,0,5019224
yjbJ_predicted,0.125,7,7,CAGTACACGACCGAGATGCC,0,4996914
yjbJ_predicted,0.125,7,7,CAGGTTCTAAACACGATATT,0,5010694
yjbJ_predicted,0.125,7,7,CAGGTTCCACGCCTTCGTGA,0,5026702
yjbJ_predicted,0.125,7,7,CAGGGGAGAAGGTATGGGCA,0,5023179
yjbJ_predicted,0.125,7,7,CAGGGCCTTGGGCGTGCACT,0,5022695
yjbJ_predicted,0.125,7,7,CAGCGTCAAGCCAGAGCAAT,0,5022263
yjbJ_predicted,0.125,7,7,CAGCGAGAATTTGTGGCCCT,0,4998277
yjbJ_predicted,0.125,7,7,CAGATCAGGCCAGGCGATTC,0,5009035
yjbJ_predicted,0.125,7,7,CAGAAGCCCCCTCCCAGTCA,0,4994819
yjbJ_predicted,0.125,7,7,CACTCATGGAGGCATACCTC,0,4995724
yjbJ_predicted,0.125,7,7,CACGGGCTAGTATGTGTACC,0,4999035
yjbJ_predicted,0.125,7,7,CACGGAGCACTGCCGACGCG,0,5025501
yjbJ_predicted,0.125,7,7,CACGCTTCTTCGCGTAGGGT,0,5006208
yjbJ_predicted,0.125,7,7,CACGCACCAGTTAACCGTGT,0,5002236
yjbJ_predicted,0.125,7,7,CACATAGTAGGGCCAAAATG,0,5024996
yjbJ_predicted,0.125,7,7,CACAGTTGCCTGGCAACCCA,0,5025768
yjbJ_predicted,0.125,7,7,CAATTTCCCCAGAGGACGAA,0,5009128
yjbJ_predicted,0.125,7,7,CAATTCGGGCAAACGGAGCG,0,4995767
yjbJ_predicted,0.125,7,7,CAATCCTTTCGAGTTCGTTG,0,5020769
yjbJ_predicted,0.125,7,7,CAATCAGTGTGTTCAATTCG,0,5021758
yjbJ_predicted,0.125,7,7,CAAGTTTAAGCCCTGGCGTG,0,5000931
yjbJ_predicted,0.125,7,7,CAAGTTCAACTGCAGTGAAT,0,5002686
yjbJ_predicted,0.125,7,7,CAAGGATTCACTCGGTATCC,0,5010886
yjbJ_predicted,0.125,7,7,CAAGGAACTGGGTCCACCTG,0,5003641
yjbJ_predicted,0.125,7,7,CAACCGACCTTAGCATGATT,0,5022331
yjbJ_predicted,0.125,7,7,CAACAGTGTGGTTCTCATCC,0,5027328
yjbJ_predicted,0.125,7,7,CAACACATAGCAACCCACGC,0,5019773
yjbJ_predicted,0.125,7,7,CAAATTCGTGCTCGAGGTCC,0,4999312
yjbJ_predicted,0.125,7,7,CAAATCGGGTCTCTCGGATA,0,5008686
yjbJ_predicted,0.125,7,7,CAAAGACGGTAACCGCCGCT,0,5015702
yjbJ_predicted,0.125,7,7,ATTTCTGCGAGCCGTATGCT,0,4996840
yjbJ_predicted,0.125,7,7,ATTTCGATACAATTTTGTAG,0,4996187
yjbJ_predicted,0.125,7,7,ATTGGTCGAGGAGACCGCTC,0,5016068
yjbJ_predicted,0.125,7,7,ATTGGGGTTTTTAGGCTGAA,0,5026751
yjbJ_predicted,0.125,7,7,ATTGCCTTAGGGGCTTCAAC,0,5029062
yjbJ_predicted,0.125,7,7,ATTGACAGGGCTCTCCGCTA,0,5021815
yjbJ_predicted,0.125,7,7,ATTCCGTATGGCGAGGCCCG,0,5013388
yjbJ_predicted,0.125,7,7,ATTCCATGTGCACCAGCCTC,0,5009879
yjbJ_predicted,0.125,7,7,ATTATGGCCTAACCGCGATC,0,5021536
yjbJ_predicted,0.125,7,7,ATTAGAGGAACGTCTGCCCT,0,5014511
yjbJ_predicted,0.125,7,7,ATTAAAGTTACGAGGGTACG,0,5010043
yjbJ_predicted,0.125,7,7,ATGTTAACATGGTGTAGTTT,0,5018054
yjbJ_predicted,0.125,7,7,ATGTCCTCCGGGGAAGAGAC,0,5007240
yjbJ_predicted,0.125,7,7,ATGGGGGGGGGTTTCCGTAC,0,5016486
yjbJ_predicted,0.125,7,7,ATGGATCCTACCTCCGGTTT,0,4994858
yjbJ_predicted,0.125,7,7,ATGGACCCGCCTCGATTTAC,0,5030820
yjbJ_predicted,0.125,7,7,ATGATGAGGACGAGGCTATT,0,4999528
yjbJ_predicted,0.125,7,7,ATGAGCGTCTATGCTCATCA,0,5008464
yjbJ_predicted,0.125,7,7,ATCTCCTAACCAAAACAGGT,0,5003182
yjbJ_predicted,0.125,7,7,ATCTAGGTTATTGAATGAGG,0,5030883
yjbJ_predicted,0.125,7,7,ATCGTGTTTGCCAGCGTCGT,0,5021044
yjbJ_predicted,0.125,7,7,ATCGGGTCCGTATAATCCAA,0,4995060
yjbJ_predicted,0.125,7,7,ATCGGGCAAGAAATACCATG,0,5019011
yjbJ_predicted,0.125,7,7,ATCATGCTTAGGCGCTTAAA,0,5001172
yjbJ_predicted,0.125,7,7,ATCATACTACAGGTTCAGTT,0,4998210
yjbJ_predicted,0.125,7,7,ATCACACGGACGTTGTCGGA,0,4998214
yjbJ_predicted,0.125,7,7,ATATTTGGGGGATTGGGAGC,0,5019979
yjbJ_predicted,0.125,7,7,ATATTATATCTCTGACCCGG,0,4997118
yjbJ_predicted,0.125,7,7,ATAGTTCACGCATGCAAGCG,0,5017120
yjbJ_predicted,0.125,7,7,ATAGAGGGAGACGTAGCCGG,0,5016435
yjbJ_predicted,0.125,7,7,ATACCTAGTGAGTGTGAACG,0,5013436
yjbJ_predicted,0.125,7,7,ATAAGTCTAGCAACCCCGGC,0,4994970
yjbJ_predicted,0.125,7,7,ATAAGCAGCGGCATTTTCTC,0,5022021
yjbJ_predicted,0.125,7,7,ATAACGTACATGGCATAGAG,0,5027015
yjbJ_predicted,0.125,7,7,ATAAAAAACCTGTCATGCAA,0,5021295
yjbJ_predicted,0.125,7,7,AGTTGATGAGCGTAGTTGCT,0,5008871
yjbJ_predicted,0.125,7,7,AGTTCGATGTACCCTAGACT,0,4995709
yjbJ_predicted,0.125,7,7,AGTTAAAATAAGAGTTATGG,0,5026732
yjbJ_predicted,0.125,7,7,AGTGACACTGTTTTGTTCTG,0,4996603
yjbJ_predicted,0.125,7,7,AGTCTCTCATGACATACATG,0,4998090
yjbJ_predicted,0.125,7,7,AGTCGGTAAGTGCATTGTGG,0,5024269
yjbJ_predicted,0.125,7,7,AGTCGAGGCCCTTTATATAG,0,5005699
yjbJ_predicted,0.125,7,7,AGTACCCCTAGTTATTGTGC,0,5018372
yjbJ_predicted,0.125,7,7,AGGTTGTTAGTGCCATTCGA,0,4994877
yjbJ_predicted,0.125,7,7,AGGTTCGTCACTGTCCCCGT,0,5019025
yjbJ_predicted,0.125,7,7,AGGGGATCTGAGACTGATCT,0,5003094
yjbJ_predicted,0.125,7,7,AGGGCAACGTTTCTGGCGTC,0,5020209
yjbJ_predicted,0.125,7,7,AGGCTAACCGCCGGTCTGCA,0,5019980
yjbJ_predicted,0.125,7,7,AGGAGCGAGCTCTTTACCTA,0,5010490
yjbJ_predicted,0.125,7,7,AGGAACCACCATAAGTCGGC,0,5021053
yjbJ_predicted,0.125,7,7,AGCTAAGGCGCTTTCATCTT,0,5017281
yjbJ_predicted,0.125,7,7,AGCGCGAAGACTTCTCCTTT,0,5029596
yjbJ_predicted,0.125,7,7,AGCGAAGCGTCTCGTGCTCT,0,5010787
yjbJ_predicted,0.125,7,7,AGATTAGGGGGACTGGCGAC,0,5003938
yjbJ_predicted,0.125,7,7,AGATACAGCCTTTTACTTGG,0,4998607
yjbJ_predicted,0.125,7,7,AGAGTGCTCACAGAGGGGTA,0,5000526
yjbJ_predicted,0.125,7,7,AGAGCGAACAACGGAGGAAA,0,4998185
yjbJ_predicted,0.125,7,7,AGAAGGTTTCTATCCGAAAA,0,5013463
yjbJ_predicted,0.125,7,7,ACTTCGGGCTAGGCCCGTCC,0,5022556
yjbJ_predicted,0.125,7,7,ACTTCCGTCGCTCTAATATT,0,5022486
yjbJ_predicted,0.125,7,7,ACTTAAGGGACTTTTTTGCT,0,5007868
yjbJ_predicted,0.125,7,7,ACTGTCGATACTAAACTATC,0,5014366
yjbJ_predicted,0.125,7,7,ACTGCAGAAACATAGGAACG,0,5011292
yjbJ_predicted,0.125,7,7,ACTCGGACACTATCCATCTC,0,5027230
yjbJ_predicted,0.125,7,7,ACTCGGAACCGAATAGTTAC,0,5017808
yjbJ_predicted,0.125,7,7,ACTCGAGTTTGTTCAATGGA,0,5028406
yjbJ_predicted,0.125,7,7,ACTAATTGATCCGGGTTAAG,0,5006248
yjbJ_predicted,0.125,7,7,ACGTAGTGGTCGGGAACTCC,0,5023341
yjbJ_predicted,0.125,7,7,ACGACCGGCTGTCTTTAAAC,0,5004044
yjbJ_predicted,0.125,7,7,ACGAACGTGACGGCCGCGGC,0,4998779
yjbJ_predicted,0.125,7,7,ACCCATATGAGGCGAAAAGA,0,5010697
yjbJ_predicted,0.125,7,7,ACCAGCTGTGTCGGCTCGCA,0,5008291
yjbJ_predicted,0.125,7,7,ACAGGTTCTGCAATGAAGAT,0,5013612
yjbJ_predicted,0.125,7,7,ACACGTGCCTTAATTGAGCG,0,4999460
yjbJ_predicted,0.125,7,7,ACAATTCCGAAGCAGCTGTA,0,5030747
yjbJ_predicted,0.125,7,7,ACAATGTAGCAATCCGCCCT,0,5001395
yjbJ_predicted,0.125,7,7,ACAAGAGATCAAGTGCTTTG,0,5000387
yjbJ_predicted,0.125,7,7,ACAACAAATGGAGCCGGTCA,0,5010337
yjbJ_predicted,0.125,7,7,AATTTGACCAACGGGGAGAC,0,4995451
yjbJ_predicted,0.125,7,7,AATTCCCGGGAACTAAATTA,0,5024255
yjbJ_predicted,0.125,7,7,AATTAGGAGTCGTCGTGGCA,0,5020316
yjbJ_predicted,0.125,7,7,AATGCGAGATATAATAGGTC,0,5020692
yjbJ_predicted,0.125,7,7,AATGAGCATTGGGGGGGTTG,0,5022297
yjbJ_predicted,0.125,7,7,AATCTGCCGTGACATCACAC,0,5013419
yjbJ_predicted,0.125,7,7,AATCTATCGGTGTCCATAAG,0,5019770
yjbJ_predicted,0.125,7,7,AATCGTCCGGGTCGGCGTAC,0,5027398
yjbJ_predicted,0.125,7,7,AATCATTTCACTTTGCCTTG,0,5015087
yjbJ_predicted,0.125,7,7,AATAGGTGTATGAGCTCGAT,0,5001261
yjbJ_predicted,0.125,7,7,AATAAGGCGGTATGATCAGA,0,5011206
yjbJ_predicted,0.125,7,7,AAGTCCCGGATACGTTCCTA,0,5027018
yjbJ_predicted,0.125,7,7,AAGGGTGCATATATCGTGAA,0,5026430
yjbJ_predicted,0.125,7,7,AAGCCCTATCATACGGGGGT,0,5004676
yjbJ_predicted,0.125,7,7,AAGCCCGAGTCAATATTGCT,0,5011491
yjbJ_predicted,0.125,7,7,AAGCATGGTCAGCACACTGG,0,5000424
yjbJ_predicted,0.125,7,7,AAGAACTGGCCGTTATGTCT,0,5000220
yjbJ_predicted,0.125,7,7,AACTTACCTCTTCGAGGAGA,0,5021237
yjbJ_predicted,0.125,7,7,AACGCGCGTAGAGGAAGAGC,0,5014273
yjbJ_predicted,0.125,7,7,AACCGTTCTGAACCCTCCAA,0,5019578
yjbJ_predicted,0.125,7,7,AACCGTATCATTACGCCATA,0,5009576
yjbJ_predicted,0.125,7,7,AACCACCTTTTTGCGTACAC,0,4999162
yjbJ_predicted,0.125,7,7,AAATTGGCTGCGTTGTTCAT,0,5001756
yjbJ_predicted,0.125,7,7,AAATACCAACTCCATTGGTA,0,4998602
yjbJ_predicted,0.125,7,7,AAATAAAGGCTCGCTTGTCA,0,5029809
yjbJ_predicted,0.125,7,7,AAAGTCAAGTTTACCTACGA,0,5005877
yjbJ_predicted,0.125,7,7,AAACTATACTCTATCTAGCA,0,5001688
yjbJ_predicted,0.125,7,7,AAACAACGTATTACTCTCTT,0,4997649
yjbJ_predicted,0.14285714285714285,6,6,TTTTTTGTCTGCCATCAGGG,0,5001879
yjbJ_predicted,0.14285714285714285,6,6,TTTGTCCTAGCGTAGGTCTG,0,4996873
yjbJ_predicted,0.14285714285714285,6,6,TTTGTCCCGAGCCTCCACTC,0,4999439
yjbJ_predicted,0.14285714285714285,6,6,TTTCAGTATACGAAGGTCAT,0,4997764
yjbJ_predicted,0.14285714285714285,6,6,TTTCAGAACGGCTAGGATGA,0,5009115
yjbJ_predicted,0.14285714285714285,6,6,TTTCAAATGTGTATTCAAAG,0,4994844
yjbJ_predicted,0.14285714285714285,6,6,TTTAGCCGGACCTGAAGGGC,0,5000969
yjbJ_predicted,0.14285714285714285,6,6,TTTAGAGTACGTCCATCCCT,0,5010099
yjbJ_predicted,0.14285714285714285,6,6,TTGTTGTGAATAACGGAAGG,0,5001246
yjbJ_predicted,0.14285714285714285,6,6,TTGGTTTAATGAAATCTAAC,0,5010958
yjbJ_predicted,0.14285714285714285,6,6,TTGGTTAATCCTCACGCATC,0,5007890
yjbJ_predicted,0.14285714285714285,6,6,TTGGACAACTACGGATTACA,0,5022162
yjbJ_predicted,0.14285714285714285,6,6,TTGCAACTCGATTAGGCTGG,0,5027386
yjbJ_predicted,0.14285714285714285,6,6,TTGATATTTGGGTAATTACT,0,5017453
yjbJ_predicted,0.14285714285714285,6,6,TTCTGATGCCACACAGCCAG,0,5016387
yjbJ_predicted,0.14285714285714285,6,6,TTCTCCGTCCCATGTCATTT,0,5011574
yjbJ_predicted,0.14285714285714285,6,6,TTCCGGATGGCGTGTCTCTT,0,4998481
yjbJ_predicted,0.14285714285714285,6,6,TTCCGGATATCGGCGCCTTG,0,5019715
yjbJ_predicted,0.14285714285714285,6,6,TTCAGAAGTATCAGGAGGTT,0,5026405
yjbJ_predicted,0.14285714285714285,6,6,TTATTGGGGTCCCCTCTTTG,0,5013583
yjbJ_predicted,0.14285714285714285,6,6,TTATGGGAGGGAGGGGCATT,0,4998904
yjbJ_predicted,0.14285714285714285,6,6,TTATATTATTGTCGAACGCT,0,4996929
yjbJ_predicted,0.14285714285714285,6,6,TTAGTCGCCTGCGCGTCAAC,0,5001873
yjbJ_predicted,0.14285714285714285,6,6,TTAGCGATTTGACAAACCTC,0,5006257
yjbJ_predicted,0.14285714285714285,6,6,TTAGCACTTCAACATCAGGA,0,5023667
yjbJ_predicted,0.14285714285714285,6,6,TTAGAAGTAGCGAGCGCTTG,0,4995517
yjbJ_predicted,0.14285714285714285,6,6,TTACGCAACAGATATATCGA,0,5026734
yjbJ_predicted,0.14285714285714285,6,6,TTAATTGAAACGCCGGCGAA,0,5029061
yjbJ_predicted,0.14285714285714285,6,6,TTAAACTTAACAAGGAGCAG,0,5016403
yjbJ_predicted,0.14285714285714285,6,6,TGTTTGCCTGTCGTCGCGTT,0,5015382
yjbJ_predicted,0.14285714285714285,6,6,TGTTTGATCTTCAAAGAGCA,0,5006988
yjbJ_predicted,0.14285714285714285,6,6,TGTTTAGTTCTGCATTATCT,0,4997694
yjbJ_predicted,0.14285714285714285,6,6,TGTTGGATATTAGCTAGGAA,0,5022866
yjbJ_predicted,0.14285714285714285,6,6,TGTTCACGACAGCTGGGGGA,0,4999327
yjbJ_predicted,0.14285714285714285,6,6,TGTGTGGAACACTGCAAGCA,0,5019197
yjbJ_predicted,0.14285714285714285,6,6,TGTCTCATGGCGGGTCTGGG,0,5019287
yjbJ_predicted,0.14285714285714285,6,6,TGTCGCGAGGCTTGTTCAAA,0,5007454
yjbJ_predicted,0.14285714285714285,6,6,TGTCACCACCCGAAAGAAGC,0,5011495
yjbJ_predicted,0.14285714285714285,6,6,TGTCACAATGTTAATGGGCA,0,5023988
yjbJ_predicted,0.14285714285714285,6,6,TGTATATAGCGCGAGAGGCT,0,5030113
yjbJ_predicted,0.14285714285714285,6,6,TGTAAAATGGATGAACTAAT,0,5029389
yjbJ_predicted,0.14285714285714285,6,6,TGGTGGGTTGCAAGGCTATC,0,5008103
yjbJ_predicted,0.14285714285714285,6,6,TGGTCGCTTCCCGCTACATC,0,5020018
yjbJ_predicted,0.14285714285714285,6,6,TGGTATGTGCCTAGGCGAGT,0,5007958
yjbJ_predicted,0.14285714285714285,6,6,TGGCCCTCGCCCCCCCGTTT,0,5008790
yjbJ_predicted,0.14285714285714285,6,6,TGGATTGATTGTGTAATAGT,0,5021833
yjbJ_predicted,0.14285714285714285,6,6,TGGATACGAAAGCCATTCAC,0,5012665
yjbJ_predicted,0.14285714285714285,6,6,TGGAGGGTACTAAATGGATT,0,5002856
yjbJ_predicted,0.14285714285714285,6,6,TGGAAATCGGAGGTTTATAA,0,5021565
yjbJ_predicted,0.14285714285714285,6,6,TGCGGCCGTGGAAAGTCGTA,0,5017221
yjbJ_predicted,0.14285714285714285,6,6,TGCCTATCCATTACTGGCGC,0,5014961
yjbJ_predicted,0.14285714285714285,6,6,TGCCATTAGGTAACCGAGGA,0,4996895
yjbJ_predicted,0.14285714285714285,6,6,TGCAGCGGTTTCGTTCTTAG,0,5010166
yjbJ_predicted,0.14285714285714285,6,6,TGCAATAGGATGGGTGGGTT,0,5013097
yjbJ_predicted,0.14285714285714285,6,6,TGATTGCCATCCTCCTAATC,0,5000948
yjbJ_predicted,0.14285714285714285,6,6,TGATCCAGCGAGCGACTTTT,0,5023977
yjbJ_predicted,0.14285714285714285,6,6,TGAGTTTCGTCTGAGAAGTG,0,5016571
yjbJ_predicted,0.14285714285714285,6,6,TGAGTTCCGGAACAACGTGA,0,4997238
yjbJ_predicted,0.14285714285714285,6,6,TGAGTGGCGCATAATGATAA,0,4996693
yjbJ_predicted,0.14285714285714285,6,6,TGAGGGGGCCAGACACTGTT,0,5001764
yjbJ_predicted,0.14285714285714285,6,6,TGAGCTTCCCTGCTTTATGA,0,5020444
yjbJ_predicted,0.14285714285714285,6,6,TGACCTTGTGAATTAGCATA,0,5019608
yjbJ_predicted,0.14285714285714285,6,6,TGACATCGGCTGTTTATCCG,0,4995282
yjbJ_predicted,0.14285714285714285,6,6,TGAATTAAATGAGACTAGCT,0,5014628
yjbJ_predicted,0.14285714285714285,6,6,TGAAGGCCTACGTCCGAGTA,0,5025719
yjbJ_predicted,0.14285714285714285,6,6,TGAACTTGCATGATGTGGGC,0,5016457
yjbJ_predicted,0.14285714285714285,6,6,TGAAATTCCTACTTCAAACG,0,5004426
yjbJ_predicted,0.14285714285714285,6,6,TGAAAAGCCTAGTCATCGAC,0,5003812
yjbJ_predicted,0.14285714285714285,6,6,TCTTGAGTAAAATGTCCCGA,0,5006987
yjbJ_predicted,0.14285714285714285,6,6,TCTTAGGACAAGTTGTTATT,0,5003426
yjbJ_predicted,0.14285714285714285,6,6,TCTGCCCTAACATGTACATG,0,5026336
yjbJ_predicted,0.14285714285714285,6,6,TCTCTGGAGGAATTGCTTGA,0,5004008
yjbJ_predicted,0.14285714285714285,6,6,TCTCTGAGGGTCCCCCGAGG,0,5010485
yjbJ_predicted,0.14285714285714285,6,6,TCTCGCTGCATGCATGGCCG,0,4996125
yjbJ_predicted,0.14285714285714285,6,6,TCTAAAGACCGGTGAATCTA,0,4995646
yjbJ_predicted,0.14285714285714285,6,6,TCGTTACGATTGCCTTCGAC,0,5008730
yjbJ_predicted,0.14285714285714285,6,6,TCGTGAACCCCGTATGAGAT,0,5008230
yjbJ_predicted,0.14285714285714285,6,6,TCGTAATGCCATTTTAACGA,0,5012421
yjbJ_predicted,0.14285714285714285,6,6,TCGTAACCGGGAGCGCGGAC,0,5027381
yjbJ_predicted,0.14285714285714285,6,6,TCGGTAATCACCATTGCAGG,0,5015119
yjbJ_predicted,0.14285714285714285,6,6,TCGGGACGAGGTAACGGTTG,0,5008639
yjbJ_predicted,0.14285714285714285,6,6,TCGCTTTTCGTCCTATCGAT,0,5018711
yjbJ_predicted,0.14285714285714285,6,6,TCGCTTTGTGGATGGTTCGT,0,4999037
yjbJ_predicted,0.14285714285714285,6,6,TCGAGCCGTATCTCATCTAA,0,5010201
yjbJ_predicted,0.14285714285714285,6,6,TCGAAGAGAGCGAAACAAAC,0,5000081
yjbJ_predicted,0.14285714285714285,6,6,TCGAACGTAATTATGAATTG,0,5014284
yjbJ_predicted,0.14285714285714285,6,6,TCCTTCATTTGATCTTTACG,0,5012565
yjbJ_predicted,0.14285714285714285,6,6,TCCTCCGAAGCGGGTGTACG,0,4998578
yjbJ_predicted,0.14285714285714285,6,6,TCCGGCAGCGGTCTCTTGTA,0,4997211
yjbJ_predicted,0.14285714285714285,6,6,TCCGACTTCCATGCGCACAC,0,5024918
yjbJ_predicted,0.14285714285714285,6,6,TCCCTGGAAGTATCAGAGTT,0,5016699
yjbJ_predicted,0.14285714285714285,6,6,TCCCCGCATCCACGTGGCCA,0,5029787
yjbJ_predicted,0.14285714285714285,6,6,TCCATCTACCATAAGAGCTT,0,5021265
yjbJ_predicted,0.14285714285714285,6,6,TCCAGTAGTTTTCACACAAC,0,5004552
yjbJ_predicted,0.14285714285714285,6,6,TCATTGACGGCCTAGGACAG,0,5024724
yjbJ_predicted,0.14285714285714285,6,6,TCATTATCTTGAAAACGTAC,0,5015211
yjbJ_predicted,0.14285714285714285,6,6,TCAGGTGGTATTCTGGGTAT,0,4995332
yjbJ_predicted,0.14285714285714285,6,6,TCAGCATACGAGACTCGAAG,0,5027944
yjbJ_predicted,0.14285714285714285,6,6,TCACGGGTTAACGGGCGCCC,0,4995743
yjbJ_predicted,0.14285714285714285,6,6,TCACGATTTCCCATAAGGCA,0,5014056
yjbJ_predicted,0.14285714285714285,6,6,TATTGTCATCACCGTTGAAA,0,5012568
yjbJ_predicted,0.14285714285714285,6,6,TATTATCTTGAACAAAAGAT,0,5030319
yjbJ_predicted,0.14285714285714285,6,6,TATCTTTTGCAACTCTGCTT,0,5012567
yjbJ_predicted,0.14285714285714285,6,6,TATCGTCGTTTTCGACATGG,0,4999818
yjbJ_predicted,0.14285714285714285,6,6,TATCCTAGGACGTAGTCTAT,0,5014427
yjbJ_predicted,0.14285714285714285,6,6,TATCAATATGTTGTCATCAC,0,5006975
yjbJ_predicted,0.14285714285714285,6,6,TAGTCGTTAAACTCAGAACT,0,4996709
yjbJ_predicted,0.14285714285714285,6,6,TAGGCCGGCGGCCGAATGGA,0,5012961
yjbJ_predicted,0.14285714285714285,6,6,TAGGCCCGGAGGGTTCTGAG,0,5003307
yjbJ_predicted,0.14285714285714285,6,6,TAGCGAAACCACGAAGATTT,0,5007316
yjbJ_predicted,0.14285714285714285,6,6,TAGCCCTGCACACCTGGTGT,0,4997369
yjbJ_predicted,0.14285714285714285,6,6,TAGCCACATACGAGGGGAAA,0,5011005
yjbJ_predicted,0.14285714285714285,6,6,TAGAAGTCCACGCTGCAATA,0,5028381
yjbJ_predicted,0.14285714285714285,6,6,TACTACAGTTACCAGTCCAA,0,5014450
yjbJ_predicted,0.14285714285714285,6,6,TACGTCCGTGCAGGGCATCA,0,5009171
yjbJ_predicted,0.14285714285714285,6,6,TACGCGACCTGTAAAAAATG,0,5024172
yjbJ_predicted,0.14285714285714285,6,6,TACCGTCCACTATCGGTATT,0,4997647
yjbJ_predicted,0.14285714285714285,6,6,TACCATACTGAGTAGCTGGG,0,5025112
yjbJ_predicted,0.14285714285714285,6,6,TACCACTTCGGCAGTGGCCA,0,5003376
yjbJ_predicted,0.14285714285714285,6,6,TACATGTGAACTGGGAGGAT,0,5026488
yjbJ_predicted,0.14285714285714285,6,6,TACATCATTGTGCATTGCGT,0,5009069
yjbJ_predicted,0.14285714285714285,6,6,TACAGATTTTTTGAGTAGGA,0,5025674
yjbJ_predicted,0.14285714285714285,6,6,TACACTAATTCAGTAAAATA,0,5014464
yjbJ_predicted,0.14285714285714285,6,6,TACAAAGGCCCAAGTGCAGG,0,5015788
yjbJ_predicted,0.14285714285714285,6,6,TAATACGCGGTTTACTCCAT,0,5017684
yjbJ_predicted,0.14285714285714285,6,6,TAAGGTATGAACACTTAAGA,0,4998035
yjbJ_predicted,0.14285714285714285,6,6,TAAGCGCCCGGGGATTATGG,0,5008539
yjbJ_predicted,0.14285714285714285,6,6,TAAGCCGGGCGGTAATACTA,0,4998000
yjbJ_predicted,0.14285714285714285,6,6,TAACGGTTGATGAATTAGGT,0,5002581
yjbJ_predicted,0.14285714285714285,6,6,GTTTCATTTGTGGACCCATT,0,5023456
yjbJ_predicted,0.14285714285714285,6,6,GTTGGCAAGTCAACTGGAGT,0,5018143
yjbJ_predicted,0.14285714285714285,6,6,GTTCTACTGCATTACTTCCT,0,4996252
yjbJ_predicted,0.14285714285714285,6,6,GTTCGAAAATAGGAGTAAGA,0,5013016
yjbJ_predicted,0.14285714285714285,6,6,GTTCCTGAACTTTGTGGGGG,0,5009339
yjbJ_predicted,0.14285714285714285,6,6,GTTCAAGAACAACGTGAACA,0,4995309
yjbJ_predicted,0.14285714285714285,6,6,GTTATCTCTCGTTACTGGGG,0,5014821
yjbJ_predicted,0.14285714285714285,6,6,GTTACAGTCGTCATAACTAG,0,5002097
yjbJ_predicted,0.14285714285714285,6,6,GTGTTGTTATATACCGCAAC,0,5021039
yjbJ_predicted,0.14285714285714285,6,6,GTGTTCACTAGACCATTTAG,0,5026334
yjbJ_predicted,0.14285714285714285,6,6,GTGTATGACACCGATCCTGG,0,5005787
yjbJ_predicted,0.14285714285714285,6,6,GTGGTGGCCGCGCTCAACAC,0,5029234
yjbJ_predicted,0.14285714285714285,6,6,GTGGAATCAATTAAGCGTCG,0,5014544
yjbJ_predicted,0.14285714285714285,6,6,GTGCTTATCTATCGTCCTGA,0,5009417
yjbJ_predicted,0.14285714285714285,6,6,GTCTCAGAGGACAGAATCAG,0,4995311
yjbJ_predicted,0.14285714285714285,6,6,GTCGGGATAGTGCAGGAAGA,0,5006850
yjbJ_predicted,0.14285714285714285,6,6,GTCGATTGGGAACTGGGTTA,0,5017262
yjbJ_predicted,0.14285714285714285,6,6,GTCCTGAGGCACAGGTGATC,0,5006262
yjbJ_predicted,0.14285714285714285,6,6,GTCCTGAATCCTCATCCAGC,0,5002563
yjbJ_predicted,0.14285714285714285,6,6,GTCCAGGGTCAGGCGACATC,0,5012991
yjbJ_predicted,0.14285714285714285,6,6,GTCCAGCGTTGGGGGGTCGC,0,5017557
yjbJ_predicted,0.14285714285714285,6,6,GTCCAGAATACGGCCTCCCA,0,4999436
yjbJ_predicted,0.14285714285714285,6,6,GTCCAACCGGCATTCGGGTA,0,5023528
yjbJ_predicted,0.14285714285714285,6,6,GTCATCCGAATCTCACATAT,0,4996636
yjbJ_predicted,0.14285714285714285,6,6,GTCAATTTAATCATGGGTAT,0,5026269
yjbJ_predicted,0.14285714285714285,6,6,GTAGCCGATTGCCATACTAT,0,5023367
yjbJ_predicted,0.14285714285714285,6,6,GTACTCGGCTTGTGAAAAAA,0,5001601
yjbJ_predicted,0.14285714285714285,6,6,GTACGGGGGTCCGACTAAGA,0,5019952
yjbJ_predicted,0.14285714285714285,6,6,GTAAGGGGTAAGCCGGGGCA,0,5019396
yjbJ_predicted,0.14285714285714285,6,6,GTAAAGTCTTACCACGGGCT,0,5010586
yjbJ_predicted,0.14285714285714285,6,6,GGTTGTGCTGTTTAAAACAA,0,5016703
yjbJ_predicted,0.14285714285714285,6,6,GGTGGACTCACAAATTATGT,0,5025984
yjbJ_predicted,0.14285714285714285,6,6,GGTCAGCTGAGATAGTTAGG,0,4998187
yjbJ_predicted,0.14285714285714285,6,6,GGTAGTATCCCCTTTGGGTC,0,5019013
yjbJ_predicted,0.14285714285714285,6,6,GGTACCCGGTACCCTTGCCC,0,5011895
yjbJ_predicted,0.14285714285714285,6,6,GGTAAATTTGGATGGACGAT,0,4998276
yjbJ_predicted,0.14285714285714285,6,6,GGGGTGTAAGGACACGGAGG,0,5024824
yjbJ_predicted,0.14285714285714285,6,6,GGGGTCTACATCAATCAAAC,0,5019016
yjbJ_predicted,0.14285714285714285,6,6,GGGGTACGTATTTTTACGCT,0,5016946
yjbJ_predicted,0.14285714285714285,6,6,GGGGATGTAGTGGGGGGTTT,0,5017406
yjbJ_predicted,0.14285714285714285,6,6,GGGGACTGATTCACGCCCCA,0,5011046
yjbJ_predicted,0.14285714285714285,6,6,GGGGACGGTCTCTGTTCGCC,0,5010946
yjbJ_predicted,0.14285714285714285,6,6,GGGCTTGCAACCTTTTTAGG,0,5000177
yjbJ_predicted,0.14285714285714285,6,6,GGGCGAGGCCGCGGCGGAGA,0,5006700
yjbJ_predicted,0.14285714285714285,6,6,GGGATTTTGTTCTATATCGA,0,5016469
yjbJ_predicted,0.14285714285714285,6,6,GGGACCGACTCGGCCATCGA,0,5021979
yjbJ_predicted,0.14285714285714285,6,6,GGGACATCGGGGGATCTGAC,0,4996042
yjbJ_predicted,0.14285714285714285,6,6,GGGAAAGAACGAGACGATGG,0,5021406
yjbJ_predicted,0.14285714285714285,6,6,GGCTGGGCCGATGGCGCCTC,0,5018061
yjbJ_predicted,0.14285714285714285,6,6,GGCGGTCCGGTATTATGGCC,0,4994944
yjbJ_predicted,0.14285714285714285,6,6,GGCCCAACACAGCCGCCTTT,0,5023045
yjbJ_predicted,0.14285714285714285,6,6,GGCCACCCAGAGAGAGTACC,0,5006489
yjbJ_predicted,0.14285714285714285,6,6,GGCATAGTCTCGATGCCCTC,0,5028835
yjbJ_predicted,0.14285714285714285,6,6,GGCAGCTTCTGTACACTTAT,0,5027580
yjbJ_predicted,0.14285714285714285,6,6,GGATTTATGCTCCCGGATTG,0,5025141
yjbJ_predicted,0.14285714285714285,6,6,GGACTGTATGCGGCCCGCAT,0,5007970
yjbJ_predicted,0.14285714285714285,6,6,GGACGAATGATGCTCCCTCT,0,5021020
yjbJ_predicted,0.14285714285714285,6,6,GGAAGCGCCTTTGACTTGGT,0,5008660
yjbJ_predicted,0.14285714285714285,6,6,GGAACTGTTACCAAGGCCTG,0,5013505
yjbJ_predicted,0.14285714285714285,6,6,GGAACCTTCTGTTCCGAATA,0,5010256
yjbJ_predicted,0.14285714285714285,6,6,GGAAACCTACACGGCGCTTT,0,5027171
yjbJ_predicted,0.14285714285714285,6,6,GCTTATGATTGTATTGCACT,0,5026679
yjbJ_predicted,0.14285714285714285,6,6,GCTGAGTTTCACATTAAAAG,0,5006243
yjbJ_predicted,0.14285714285714285,6,6,GCTCGGCCCATTCGCTAGAC,0,5010212
yjbJ_predicted,0.14285714285714285,6,6,GCTCGATGCATATTTCAATC,0,5013960
yjbJ_predicted,0.14285714285714285,6,6,GCTCACTTGTTTGAGCCCCG,0,5011063
yjbJ_predicted,0.14285714285714285,6,6,GCTAGACAGTGTTGACTATT,0,5003878
yjbJ_predicted,0.14285714285714285,6,6,GCTACAGGCATTACCCAATG,0,5001205
yjbJ_predicted,0.14285714285714285,6,6,GCGTGCCGCCCCGCATGTTT,0,5027234
yjbJ_predicted,0.14285714285714285,6,6,GCGTACGTTCCAATCTAACG,0,5012967
yjbJ_predicted,0.14285714285714285,6,6,GCGTACAGCAATGCCTCATA,0,5012672
yjbJ_predicted,0.14285714285714285,6,6,GCGTAAACGGGGAATTCTGG,0,5023921
yjbJ_predicted,0.14285714285714285,6,6,GCGGCTATAGTCCAGTGCCA,0,5004733
yjbJ_predicted,0.14285714285714285,6,6,GCGCTTGTTTATGATGGGCG,0,4998982
yjbJ_predicted,0.14285714285714285,6,6,GCGCTGTGGCAAACACTCTG,0,5003736
yjbJ_predicted,0.14285714285714285,6,6,GCGCAGTGAGTTCGGGTTAT,0,5030072
yjbJ_predicted,0.14285714285714285,6,6,GCGAGCCCGAGGCACTATGT,0,5001135
yjbJ_predicted,0.14285714285714285,6,6,GCCTGCACAGGCGTTGCCAG,0,5004674
yjbJ_predicted,0.14285714285714285,6,6,GCCTAAGGGGTTTCATAAGC,0,5020132
yjbJ_predicted,0.14285714285714285,6,6,GCCGTCTTGAGGTAAGGCCT,0,5025222
yjbJ_predicted,0.14285714285714285,6,6,GCCGAAGCGTATTGACACGC,0,5027054
yjbJ_predicted,0.14285714285714285,6,6,GCCGAACTTGTAGACCGCCG,0,5013712
yjbJ_predicted,0.14285714285714285,6,6,GCCCTTGAGCGGGCGAGGTT,0,5013398
yjbJ_predicted,0.14285714285714285,6,6,GCCCTGATCTGAGATACAAT,0,5010951
yjbJ_predicted,0.14285714285714285,6,6,GCATATCGCCTAAAATGCTT,0,5001346
yjbJ_predicted,0.14285714285714285,6,6,GCATACATGTGCAGAACACA,0,5030582
yjbJ_predicted,0.14285714285714285,6,6,GCAGTTAAAGTTGTCTGAGA,0,5000660
yjbJ_predicted,0.14285714285714285,6,6,GCAGCTAGTGGCAATAATTG,0,5005140
yjbJ_predicted,0.14285714285714285,6,6,GCACTTGTGGCAAGGTAGAA,0,5024612
yjbJ_predicted,0.14285714285714285,6,6,GCACCTGATGGGGGTCTAGT,0,5005313
yjbJ_predicted,0.14285714285714285,6,6,GCACCTAGCGTACTTATGCT,0,5023996
yjbJ_predicted,0.14285714285714285,6,6,GCACATTGCTCACGTGCTTG,0,5018497
yjbJ_predicted,0.14285714285714285,6,6,GCACACATCACCAGTCATAT,0,5005973
yjbJ_predicted,0.14285714285714285,6,6,GCAAGCAAGTTGATCAATAT,0,5002248
yjbJ_predicted,0.14285714285714285,6,6,GCAACGACCGCATGTTCGAA,0,5012875
yjbJ_predicted,0.14285714285714285,6,6,GCAAATTGACAATGGTAGGG,0,5027313
yjbJ_predicted,0.14285714285714285,6,6,GCAAACAGGCCCAATCGCAT,0,4998191
yjbJ_predicted,0.14285714285714285,6,6,GCAAAACATAGGCTTCTTTG,0,5005055
yjbJ_predicted,0.14285714285714285,6,6,GATTTATGTGTACTGTAAGG,0,5015533
yjbJ_predicted,0.14285714285714285,6,6,GATTTAACAGTGATTTGCTA,0,5011081
yjbJ_predicted,0.14285714285714285,6,6,GATTCAGTTCATGGGTCTAC,0,5012120
yjbJ_predicted,0.14285714285714285,6,6,GATGTAGACATGCTGCGCTT,0,5017300
yjbJ_predicted,0.14285714285714285,6,6,GATCGTCTACTTGTTCATGT,0,5022585
yjbJ_predicted,0.14285714285714285,6,6,GATCAGGTTGCGGACCTTAT,0,5002114
yjbJ_predicted,0.14285714285714285,6,6,GATAGTGCCAGTGTCGGCTA,0,5009174
yjbJ_predicted,0.14285714285714285,6,6,GAGTGGGTCGCTTATGTTGA,0,5008394
yjbJ_predicted,0.14285714285714285,6,6,GAGTGGGGTGTATAGAGAAT,0,5019068
yjbJ_predicted,0.14285714285714285,6,6,GAGTACTGGCGGTGGTCCCT,0,5025522
yjbJ_predicted,0.14285714285714285,6,6,GAGGGGCTGGTGAGATTTTT,0,4998226
yjbJ_predicted,0.14285714285714285,6,6,GAGGCCACGGAATGTTGCTT,0,5017764
yjbJ_predicted,0.14285714285714285,6,6,GAGCTCTGCCTTCGAAGGGA,0,5030090
yjbJ_predicted,0.14285714285714285,6,6,GAGAGGTACACGGGCCACTC,0,5004236
yjbJ_predicted,0.14285714285714285,6,6,GAGAAGCCCTGTGTGTCGGG,0,5014097
yjbJ_predicted,0.14285714285714285,6,6,GACTTGTCGTCTCTAGTAGG,0,5011720
yjbJ_predicted,0.14285714285714285,6,6,GACTTGCAGGCCGGAAGGCA,0,5019507
yjbJ_predicted,0.14285714285714285,6,6,GACTCGAAACGGACCCGGCC,0,5017899
yjbJ_predicted,0.14285714285714285,6,6,GACTAACCACTCGCATTAAT,0,5024970
yjbJ_predicted,0.14285714285714285,6,6,GACTAAAAGTGAGCCTGGCA,0,5002613
yjbJ_predicted,0.14285714285714285,6,6,GACGCCTAATTCCTGCTATG,0,5003275
yjbJ_predicted,0.14285714285714285,6,6,GACGCACATGTCAAACCAAA,0,4996564
yjbJ_predicted,0.14285714285714285,6,6,GACGAAGGACGCATTGTCAA,0,4995675
yjbJ_predicted,0.14285714285714285,6,6,GACCTTACTACATAAACTAC,0,5005909
yjbJ_predicted,0.14285714285714285,6,6,GACCCTCCTGGTTCTCAGTG,0,5006758
yjbJ_predicted,0.14285714285714285,6,6,GACACGCGTTGTTTCCGTTT,0,5022130
yjbJ_predicted,0.14285714285714285,6,6,GACAAGCGGAAGCATCGGTT,0,5027058
yjbJ_predicted,0.14285714285714285,6,6,GACAAATATTGGGGCCAAGT,0,5008272
yjbJ_predicted,0.14285714285714285,6,6,GAATCTGGATTGTTTAACTT,0,5005432
yjbJ_predicted,0.14285714285714285,6,6,GAATAATGTACCGAGTCGTG,0,5014571
yjbJ_predicted,0.14285714285714285,6,6,GAACTATCTTTTTTTCTCTG,0,4998415
yjbJ_predicted,0.14285714285714285,6,6,GAACGATCGCCTTTTTTGAC,0,5008606
yjbJ_predicted,0.14285714285714285,6,6,GAAACGGTTTACATCTTAAC,0,5006983
yjbJ_predicted,0.14285714285714285,6,6,GAAACAATTGTCCGAGCCCG,0,5016456
yjbJ_predicted,0.14285714285714285,6,6,GAAAAGTATACACGCAATTT,0,4996958
yjbJ_predicted,0.14285714285714285,6,6,CTTTTTTAAGATTTAGTAGA,0,4999842
yjbJ_predicted,0.14285714285714285,6,6,CTTTTGTGCATAAGTATCGG,0,5031249
yjbJ_predicted,0.14285714285714285,6,6,CTTTTGGCAACGAGGGGCCT,0,4996626
yjbJ_predicted,0.14285714285714285,6,6,CTTTGTGTACTAAAGGGGGT,0,4999956
yjbJ_predicted,0.14285714285714285,6,6,CTTTGAAGAGAGGTATATAA,0,5025242
yjbJ_predicted,0.14285714285714285,6,6,CTTTATGGGTATCGCGCAAC,0,5030976
yjbJ_predicted,0.14285714285714285,6,6,CTTGTAAGCCGTAGCACCAG,0,5027653
yjbJ_predicted,0.14285714285714285,6,6,CTTGATGAGCGCACACTCAA,0,5010794
yjbJ_predicted,0.14285714285714285,6,6,CTTGAGACTCCCGCTCGTGA,0,5009408
yjbJ_predicted,0.14285714285714285,6,6,CTTGACTGAGCATTTAAAAG,0,5029072
yjbJ_predicted,0.14285714285714285,6,6,CTTCGAGTAGTTCGTATAAT,0,5025763
yjbJ_predicted,0.14285714285714285,6,6,CTTACAAGAACTTCCGGGGT,0,5009359
yjbJ_predicted,0.14285714285714285,6,6,CTGTGTAGACAATGCCCCTA,0,5025967
yjbJ_predicted,0.14285714285714285,6,6,CTGTCATTTATTATCAGCAA,0,5000581
yjbJ_predicted,0.14285714285714285,6,6,CTGTATCGACACCGTATAGT,0,5021843
yjbJ_predicted,0.14285714285714285,6,6,CTGTAAGCAGGCTAGGGTGT,0,4998459
yjbJ_predicted,0.14285714285714285,6,6,CTGGTAGAGGACGGCGATGG,0,5010213
yjbJ_predicted,0.14285714285714285,6,6,CTGGAACCCACTGTGGCCAG,0,4999963
yjbJ_predicted,0.14285714285714285,6,6,CTGCTATTGCAGAGTGTTCC,0,4996134
yjbJ_predicted,0.14285714285714285,6,6,CTGAGTAATATTCGATTGAC,0,5016356
yjbJ_predicted,0.14285714285714285,6,6,CTGAGGCGTTGCCGTAATCT,0,5014440
yjbJ_predicted,0.14285714285714285,6,6,CTGACCAGAACCATCGTACT,0,5024668
yjbJ_predicted,0.14285714285714285,6,6,CTCTCAGCGCGCCTCAACGA,0,5018156
yjbJ_predicted,0.14285714285714285,6,6,CTCGTGAATATGGTTCTTAA,0,5011153
yjbJ_predicted,0.14285714285714285,6,6,CTCGGTCCTAGCGGATAGCA,0,4998466
yjbJ_predicted,0.14285714285714285,6,6,CTCGGAAGGTTGCGTAACAA,0,5030882
yjbJ_predicted,0.14285714285714285,6,6,CTCCCTCTGAAGTCGGACAC,0,5005105
yjbJ_predicted,0.14285714285714285,6,6,CTCCATGAAAGCAGTCGTCG,0,5003818
yjbJ_predicted,0.14285714285714285,6,6,CTCAGTATTATATCGCGCAT,0,5008012
yjbJ_predicted,0.14285714285714285,6,6,CTCAGGGAGTGGCTGCAAAG,0,5031016
yjbJ_predicted,0.14285714285714285,6,6,CTATTGTTGTATGATGAAGC,0,5009975
yjbJ_predicted,0.14285714285714285,6,6,CTATATTCTGGCAATCGGAG,0,5031051
yjbJ_predicted,0.14285714285714285,6,6,CTAGTTGAGAAGTGAGCGAC,0,5021405
yjbJ_predicted,0.14285714285714285,6,6,CTAGATGCCCCAGTTGAGTT,0,5020438
yjbJ_predicted,0.14285714285714285,6,6,CTACTCCAGATAGTTTCCCT,0,5029585
yjbJ_predicted,0.14285714285714285,6,6,CTACGGTCCCCTCTGCGTGA,0,5022566
yjbJ_predicted,0.14285714285714285,6,6,CTAACGACGCATACGCCAGA,0,5012851
yjbJ_predicted,0.14285714285714285,6,6,CGTTGGAACGGCATTAGTCC,0,5013589
yjbJ_predicted,0.14285714285714285,6,6,CGTTGGAAAACCGAGGGATG,0,4999382
yjbJ_predicted,0.14285714285714285,6,6,CGTTCGTGCGTGACTTTCAT,0,5003306
yjbJ_predicted,0.14285714285714285,6,6,CGTGTGACGGGGGAGGAGTC,0,4996841
yjbJ_predicted,0.14285714285714285,6,6,CGTGTGAATCTGCCAAAGGA,0,4996085
yjbJ_predicted,0.14285714285714285,6,6,CGTGAATCATGGCATTTAAA,0,4995714
yjbJ_predicted,0.14285714285714285,6,6,CGGTTCTGTCGTTATATTAT,0,5030260
yjbJ_predicted,0.14285714285714285,6,6,CGGTTAGGGCCTCTCTTTAT,0,5021203
yjbJ_predicted,0.14285714285714285,6,6,CGGTGGGCACCATATCAGCC,0,5009726
yjbJ_predicted,0.14285714285714285,6,6,CGGTGCCAATGAACACCGAG,0,5004100
yjbJ_predicted,0.14285714285714285,6,6,CGGTCAGCATTCTGTTGTGT,0,5014727
yjbJ_predicted,0.14285714285714285,6,6,CGGGTTTTAGCGGCTGACCA,0,5012536
yjbJ_predicted,0.14285714285714285,6,6,CGGGGTGCAGGTACAGGGGT,0,5025477
yjbJ_predicted,0.14285714285714285,6,6,CGGGACGTGTTGGGTCTTCT,0,4999975
yjbJ_predicted,0.14285714285714285,6,6,CGGCCCTTAAAGTGCAAGTA,0,5003669
yjbJ_predicted,0.14285714285714285,6,6,CGGATGAGCCAGCCACTACC,0,5028610
yjbJ_predicted,0.14285714285714285,6,6,CGGACTAGGCATCAATGAGA,0,5015847
yjbJ_predicted,0.14285714285714285,6,6,CGGACCGGACCTCCGCGTCA,0,5016482
yjbJ_predicted,0.14285714285714285,6,6,CGGACCAAAGTCGTTACTGG,0,5022569
yjbJ_predicted,0.14285714285714285,6,6,CGGACAGAGTGGACGGTCTC,0,4995305
yjbJ_predicted,0.14285714285714285,6,6,CGGAATTTAAAACTATATGT,0,4995706
yjbJ_predicted,0.14285714285714285,6,6,CGCTTACTATCTGTGTTACG,0,5017251
yjbJ_predicted,0.14285714285714285,6,6,CGCTTACATACGCGTTCGAG,0,5030309
yjbJ_predicted,0.14285714285714285,6,6,CGCGGGGGCGAGTTTAATGT,0,5026496
yjbJ_predicted,0.14285714285714285,6,6,CGCGCGTCTCTCATTCCTAC,0,5016445
yjbJ_predicted,0.14285714285714285,6,6,CGCGCCTGTCCGCAGCAAGG,0,5027799
yjbJ_predicted,0.14285714285714285,6,6,CGCCTGTCGATCCCTACATA,0,5027821
yjbJ_predicted,0.14285714285714285,6,6,CGCCTAAGTGATCACTTCAT,0,4995737
yjbJ_predicted,0.14285714285714285,6,6,CGCAGAATGCCTCACCGGAC,0,5014433
yjbJ_predicted,0.14285714285714285,6,6,CGCACTAACTTACCATGCGT,0,5017078
yjbJ_predicted,0.14285714285714285,6,6,CGATCGTAATAGAGAACGGT,0,5006805
yjbJ_predicted,0.14285714285714285,6,6,CGATCCGGATCGGTAATGGT,0,5017700
yjbJ_predicted,0.14285714285714285,6,6,CGATAAGAGGTAGTGTAGCA,0,5028331
yjbJ_predicted,0.14285714285714285,6,6,CGAGGTCACGGCCCCATCAG,0,5030750
yjbJ_predicted,0.14285714285714285,6,6,CGAGGCAGGGGCGGACCTGT,0,5008719
yjbJ_predicted,0.14285714285714285,6,6,CGAGGCACCCTCTACCCAGG,0,5019335
yjbJ_predicted,0.14285714285714285,6,6,CGAGCTCAGCCCTTATCTGA,0,5018934
yjbJ_predicted,0.14285714285714285,6,6,CGACCACAAGCGGAGTGCCT,0,5001593
yjbJ_predicted,0.14285714285714285,6,6,CGAATGGTCTAGAATACGCA,0,5008253
yjbJ_predicted,0.14285714285714285,6,6,CGAATACAGCCGACGTGGCG,0,5001904
yjbJ_predicted,0.14285714285714285,6,6,CGAAAGCGCGGTCATGTATA,0,5008918
yjbJ_predicted,0.14285714285714285,6,6,CGAAAAAGTAATACAGGCCC,0,5010605
yjbJ_predicted,0.14285714285714285,6,6,CCTTCGAAGCGTCTCAGAGA,0,5021697
yjbJ_predicted,0.14285714285714285,6,6,CCTTAGGATACTAAGTCCAG,0,5010064
yjbJ_predicted,0.14285714285714285,6,6,CCTTAAACACCATTAAGTGA,0,5001037
yjbJ_predicted,0.14285714285714285,6,6,CCTGCCGAGCGCGTTGTAGG,0,4997594
yjbJ_predicted,0.14285714285714285,6,6,CCTCCGGTATCATCAGGGAC,0,5007022
yjbJ_predicted,0.14285714285714285,6,6,CCTCAATTCTTAACTGTGAG,0,5029992
yjbJ_predicted,0.14285714285714285,6,6,CCTAAGATGATAAGGACTCG,0,5021121
yjbJ_predicted,0.14285714285714285,6,6,CCGTCCTATTGGGCAGGCTA,0,5030054
yjbJ_predicted,0.14285714285714285,6,6,CCGGGTGTAATGTGGAATTT,0,5021202
yjbJ_predicted,0.14285714285714285,6,6,CCGGGGGTCTGCTCGATTTC,0,5002153
yjbJ_predicted,0.14285714285714285,6,6,CCGGCTTGAATGCCTATTAG,0,5014399
yjbJ_predicted,0.14285714285714285,6,6,CCGCTTAGTCCCGAGAGGGC,0,5029761
yjbJ_predicted,0.14285714285714285,6,6,CCGCTAACAGAGCGTAAATG,0,4995374
yjbJ_predicted,0.14285714285714285,6,6,CCGCCGTACGGAGCATGCAG,0,5029091
yjbJ_predicted,0.14285714285714285,6,6,CCGCAGAGAGCTATTATTTA,0,5001848
yjbJ_predicted,0.14285714285714285,6,6,CCGATATGAAGTTTCTGCGA,0,4995024
yjbJ_predicted,0.14285714285714285,6,6,CCGAGCCCAATCAATACCAC,0,4995053
yjbJ_predicted,0.14285714285714285,6,6,CCGACGGCACGCTCCGCATT,0,5019938
yjbJ_predicted,0.14285714285714285,6,6,CCCTGCTTCTACACCTACGA,0,4998310
yjbJ_predicted,0.14285714285714285,6,6,CCCGTTTGCTACATGCAATT,0,5017974
yjbJ_predicted,0.14285714285714285,6,6,CCCGAGGACCTTTGGATCCC,0,5017761
yjbJ_predicted,0.14285714285714285,6,6,CCCCGTATCTCACTGGCCCC,0,5011456
yjbJ_predicted,0.14285714285714285,6,6,CCCCGCTCCCAGTCAATGAA,0,5002083
yjbJ_predicted,0.14285714285714285,6,6,CCCCCGTCACCAGTATATCA,0,4996918
yjbJ_predicted,0.14285714285714285,6,6,CCCAACAGTACATTATTCAT,0,5029058
yjbJ_predicted,0.14285714285714285,6,6,CCCAAATTTGGCCACTCGCG,0,5012882
yjbJ_predicted,0.14285714285714285,6,6,CCAGTCAGGGCGCATTTCAT,0,4995203
yjbJ_predicted,0.14285714285714285,6,6,CCAGTCACATTCTCAAGGGA,0,5006650
yjbJ_predicted,0.14285714285714285,6,6,CCAGGTAATCGCTACAGGGT,0,5025952
yjbJ_predicted,0.14285714285714285,6,6,CCACGGGAGATTGGTTCATA,0,5010911
yjbJ_predicted,0.14285714285714285,6,6,CCACGGATTGCAATAGGTGA,0,5025587
yjbJ_predicted,0.14285714285714285,6,6,CCACAAATGCCTCCGTGAGG,0,5012795
yjbJ_predicted,0.14285714285714285,6,6,CCAAAGTGCCGGTGTATTCC,0,4999970
yjbJ_predicted,0.14285714285714285,6,6,CCAAAGATAGATGGGTATAC,0,5009933
yjbJ_predicted,0.14285714285714285,6,6,CATGGGAGCGGTGGATACCG,0,5017066
yjbJ_predicted,0.14285714285714285,6,6,CATGATGAATGCTTAATTCG,0,5017452
yjbJ_predicted,0.14285714285714285,6,6,CATCTTTGTCCCATAGGGCT,0,5029648
yjbJ_predicted,0.14285714285714285,6,6,CATCGGCATAGCAGAAGAGA,0,5017967
yjbJ_predicted,0.14285714285714285,6,6,CATCGAATATAAGAGGAGCT,0,5007155
yjbJ_predicted,0.14285714285714285,6,6,CATCCAAATGCTTCGGGTAT,0,4996179
yjbJ_predicted,0.14285714285714285,6,6,CATCAAAGAGCGATGTTCAG,0,5028105
yjbJ_predicted,0.14285714285714285,6,6,CATATACGCGTCGGTGGAGC,0,5011025
yjbJ_predicted,0.14285714285714285,6,6,CATAGGGTTTTGTTTCCAGG,0,5005542
yjbJ_predicted,0.14285714285714285,6,6,CATAACCCTAAAATCTGTTT,0,5022276
yjbJ_predicted,0.14285714285714285,6,6,CAGTTGCGAGTCACCAGTAG,0,5004036
yjbJ_predicted,0.14285714285714285,6,6,CAGTTCTGCTTGTCGCAACG,0,5006060
yjbJ_predicted,0.14285714285714285,6,6,CAGTGATAAAGCGTCGAGGG,0,5026364
yjbJ_predicted,0.14285714285714285,6,6,CAGTCAGTCACCGTGTATGA,0,5018883
yjbJ_predicted,0.14285714285714285,6,6,CAGGCGGGATCCTAATACGA,0,5004098
yjbJ_predicted,0.14285714285714285,6,6,CAGCTAAGTAATCAGTTTGA,0,5012498
yjbJ_predicted,0.14285714285714285,6,6,CAGCGAGAAAGCTATGTGTA,0,5010131
yjbJ_predicted,0.14285714285714285,6,6,CAGCAGCCTGTCTAGTGGAG,0,5011899
yjbJ_predicted,0.14285714285714285,6,6,CAGCAACGTTGCTGTAGTAG,0,5024332
yjbJ_predicted,0.14285714285714285,6,6,CAGACTAAGTATAGCATGCT,0,5025670
yjbJ_predicted,0.14285714285714285,6,6,CAGACCGGTGTGCTAACTTA,0,5009705
yjbJ_predicted,0.14285714285714285,6,6,CAGACAGACGGCCTGTGCCT,0,5024860
yjbJ_predicted,0.14285714285714285,6,6,CACTGTTTGCGCAGCATAAT,0,5013709
yjbJ_predicted,0.14285714285714285,6,6,CACTGGCGCGCTAAGAGAGC,0,5002576
yjbJ_predicted,0.14285714285714285,6,6,CACTACCGTCTTAAGGTCTT,0,5023442
yjbJ_predicted,0.14285714285714285,6,6,CACGCATGGGGGGCAGATGA,0,5000364
yjbJ_predicted,0.14285714285714285,6,6,CACGCATAACTGTAAATATC,0,5017894
yjbJ_predicted,0.14285714285714285,6,6,CACCTGACTGGTTCCGGAGA,0,5022618
yjbJ_predicted,0.14285714285714285,6,6,CACACTCACCTGCGTCACAT,0,5025287
yjbJ_predicted,0.14285714285714285,6,6,CAATTTCTGGCCGAACACTC,0,5001424
yjbJ_predicted,0.14285714285714285,6,6,CAATTTCCAGCCTGCTCAAG,0,5014407
yjbJ_predicted,0.14285714285714285,6,6,CAATTGCGGTAATTCGACAT,0,4995489
yjbJ_predicted,0.14285714285714285,6,6,CAATTCCTGCGGTAACGACG,0,5027487
yjbJ_predicted,0.14285714285714285,6,6,CAATGAGAGGGCGTGTATCT,0,5001523
yjbJ_predicted,0.14285714285714285,6,6,CAATCAGCCATGGGTATGCA,0,5027579
yjbJ_predicted,0.14285714285714285,6,6,CAAGTAGGGAATGTATTTTG,0,5006421
yjbJ_predicted,0.14285714285714285,6,6,CAAGAATATTGATCTGAGAC,0,5030031
yjbJ_predicted,0.14285714285714285,6,6,CAACGGCAACGGTGCACCAC,0,5008360
yjbJ_predicted,0.14285714285714285,6,6,CAACGCCCTTATAAGTATGA,0,5023765
yjbJ_predicted,0.14285714285714285,6,6,CAACGATCGTATATACCGCT,0,5030453
yjbJ_predicted,0.14285714285714285,6,6,ATTTGGGCCGTTCACCCGTG,0,5028208
yjbJ_predicted,0.14285714285714285,6,6,ATTTCATAGCTGATTCTGTC,0,4998527
yjbJ_predicted,0.14285714285714285,6,6,ATTTATTCTACTCTCATGAC,0,5011141
yjbJ_predicted,0.14285714285714285,6,6,ATTGGGGGGTGATCCAGTGT,0,5027276
yjbJ_predicted,0.14285714285714285,6,6,ATTGCTTTATTACAGGAATG,0,5029769
yjbJ_predicted,0.14285714285714285,6,6,ATTCGGTCTGGTCATTCCGC,0,5029968
yjbJ_predicted,0.14285714285714285,6,6,ATTCCTCAAGACATGCGACG,0,5017730
yjbJ_predicted,0.14285714285714285,6,6,ATTCAGTATCCCTCAGGCGC,0,4997008
yjbJ_predicted,0.14285714285714285,6,6,ATTAGCTTTGCAGTCTTGTA,0,4995610
yjbJ_predicted,0.14285714285714285,6,6,ATTAATCCAGACTGACTTTG,0,5026510
yjbJ_predicted,0.14285714285714285,6,6,ATGTCATAGATGACTGGCGC,0,5030817
yjbJ_predicted,0.14285714285714285,6,6,ATGGTCTGTGTTAGAAGAAG,0,5006544
yjbJ_predicted,0.14285714285714285,6,6,ATGGTACAATAGGTGCTAAG,0,5016134
yjbJ_predicted,0.14285714285714285,6,6,ATGGGCGACTGACAATCATT,0,5000256
yjbJ_predicted,0.14285714285714285,6,6,ATGAGGAGTAGTGGCACTCA,0,5022225
yjbJ_predicted,0.14285714285714285,6,6,ATGAGGAAATTGGGGACTCT,0,4997868
yjbJ_predicted,0.14285714285714285,6,6,ATGAAAAGGGGGTGAATACG,0,5008807
yjbJ_predicted,0.14285714285714285,6,6,ATCTTTGGGGGCTAGACCCC,0,4996758
yjbJ_predicted,0.14285714285714285,6,6,ATCTCCCAAACTATGGGGGT,0,5002769
yjbJ_predicted,0.14285714285714285,6,6,ATCGGGGCACGTGAGTCTCG,0,5000171
yjbJ_predicted,0.14285714285714285,6,6,ATCGGGCTGGTGACGACTTT,0,5001421
yjbJ_predicted,0.14285714285714285,6,6,ATCGCGGAGTCCGCGAAGTT,0,5004726
yjbJ_predicted,0.14285714285714285,6,6,ATCGCACTTCTGCTACAGGT,0,5021545
yjbJ_predicted,0.14285714285714285,6,6,ATCGACTCATGCGGACGGTT,0,5012886
yjbJ_predicted,0.14285714285714285,6,6,ATCAGAGAACCGATCAGCCC,0,5028035
yjbJ_predicted,0.14285714285714285,6,6,ATCACGGGTGACCATCAGGC,0,5031114
yjbJ_predicted,0.14285714285714285,6,6,ATATTACACAGTACTGTCTG,0,5005460
yjbJ_predicted,0.14285714285714285,6,6,ATATGGAGTTAAGAGGACGA,0,5030030
yjbJ_predicted,0.14285714285714285,6,6,ATATCGCCGGGACTCTGCGA,0,5022020
yjbJ_predicted,0.14285714285714285,6,6,ATATATGAGATCCTTTTAAA,0,5012151
yjbJ_predicted,0.14285714285714285,6,6,ATAGGATCAGCAGAGAACCT,0,5027930
yjbJ_predicted,0.14285714285714285,6,6,ATAGCATTCCGAACTCAGGG,0,5024625
yjbJ_predicted,0.14285714285714285,6,6,ATAGATCAGCTAATCAATAA,0,5021302
yjbJ_predicted,0.14285714285714285,6,6,ATAGAAATGAAGGCCCCAGA,0,5000893
yjbJ_predicted,0.14285714285714285,6,6,ATACTTCATCTCGTGCACGG,0,5000326
yjbJ_predicted,0.14285714285714285,6,6,ATACTGGAGGATTTGGTGCG,0,5010870
yjbJ_predicted,0.14285714285714285,6,6,ATACGGCTGCACGGGTACTG,0,5005842
yjbJ_predicted,0.14285714285714285,6,6,ATAAGTCCGAGGTACCTTAT,0,4997769
yjbJ_predicted,0.14285714285714285,6,6,ATAACCCTAATAGCCGCGTC,0,5019428
yjbJ_predicted,0.14285714285714285,6,6,AGTTGCTGCGCTGGACACTG,0,5022478
yjbJ_predicted,0.14285714285714285,6,6,AGTTGATTAACAGCACAACG,0,5006311
yjbJ_predicted,0.14285714285714285,6,6,AGTTCACGCGTCATCGGGAA,0,5020966
yjbJ_predicted,0.14285714285714285,6,6,AGTTACGGGTGACGCATCGT,0,5028591
yjbJ_predicted,0.14285714285714285,6,6,AGTCCAGCGGGGTCCTTAGG,0,5006882
yjbJ_predicted,0.14285714285714285,6,6,AGTATTATTAGCCGCATCGG,0,5007875
yjbJ_predicted,0.14285714285714285,6,6,AGTAGGTGCTACCTTCCCCC,0,5018840
yjbJ_predicted,0.14285714285714285,6,6,AGTAGAACGGCGAGTTCGCC,0,5024839
yjbJ_predicted,0.14285714285714285,6,6,AGTAATGCTGAATACTTACA,0,5006073
yjbJ_predicted,0.14285714285714285,6,6,AGTAAGACGATCGGCTACGG,0,5002174
yjbJ_predicted,0.14285714285714285,6,6,AGGTTCACTACGGCCGGTAA,0,4996346
yjbJ_predicted,0.14285714285714285,6,6,AGGGAGAGGGTAGCGCGTCA,0,5011328
yjbJ_predicted,0.14285714285714285,6,6,AGGCTAGGATCCTCTGCCAC,0,5029786
yjbJ_predicted,0.14285714285714285,6,6,AGGCCTGTAGGACTGTGAAT,0,5016618
yjbJ_predicted,0.14285714285714285,6,6,AGGCATAACCCCTAGTGCTT,0,5001027
yjbJ_predicted,0.14285714285714285,6,6,AGGATCTTGCTCATCAACGT,0,5024678
yjbJ_predicted,0.14285714285714285,6,6,AGGACAAAAGACTGTTCTAG,0,5014504
yjbJ_predicted,0.14285714285714285,6,6,AGGAACACTCTAACTACTGA,0,5017507
yjbJ_predicted,0.14285714285714285,6,6,AGCTGGCAGTGACGTTAGCA,0,5021156
yjbJ_predicted,0.14285714285714285,6,6,AGCCCTGGGTCTGAGCATTA,0,4998133
yjbJ_predicted,0.14285714285714285,6,6,AGCATAGTTCGAATGGTCCC,0,5026109
yjbJ_predicted,0.14285714285714285,6,6,AGCAGATGGTTGCTTATTCC,0,4995909
yjbJ_predicted,0.14285714285714285,6,6,AGATTTTGATTTGGTGTAAA,0,4996923
yjbJ_predicted,0.14285714285714285,6,6,AGAGTTACTCGGACTTAGGC,0,5011576
yjbJ_predicted,0.14285714285714285,6,6,AGAGGGTCAGCGAGCAATCT,0,5021603
yjbJ_predicted,0.14285714285714285,6,6,AGAGATAGTTACGATACCGG,0,4999095
yjbJ_predicted,0.14285714285714285,6,6,AGACGTATCTAGGGACTATA,0,5018407
yjbJ_predicted,0.14285714285714285,6,6,AGACGCCCGAGCCATGCGTA,0,5022224
yjbJ_predicted,0.14285714285714285,6,6,AGACCTGTGTAGGGCTACAG,0,5009567
yjbJ_predicted,0.14285714285714285,6,6,ACTTTTGCTCTTTAATGTAT,0,5024311
yjbJ_predicted,0.14285714285714285,6,6,ACTTTTAGAGTCAGGGTAGC,0,5017384
yjbJ_predicted,0.14285714285714285,6,6,ACTTCCGGTTTTTCCCATAC,0,5011487
yjbJ_predicted,0.14285714285714285,6,6,ACTGAGACATCGGTGGGCGA,0,5005962
yjbJ_predicted,0.14285714285714285,6,6,ACTACCATGACATGGTATAA,0,5018800
yjbJ_predicted,0.14285714285714285,6,6,ACTAAGTGGCACCCTCCAGA,0,5012264
yjbJ_predicted,0.14285714285714285,6,6,ACGTGCACTGATACAAACAG,0,5000261
yjbJ_predicted,0.14285714285714285,6,6,ACGTCTTCAACTGGGCCGGA,0,5001309
yjbJ_predicted,0.14285714285714285,6,6,ACGGAAGGCGGCTCCGCTAT,0,5021771
yjbJ_predicted,0.14285714285714285,6,6,ACGCTGTGCCAGAGGCTCGT,0,5016079
yjbJ_predicted,0.14285714285714285,6,6,ACGCACTTTTGCCCGAGAAC,0,5001166
yjbJ_predicted,0.14285714285714285,6,6,ACGATCCAAACTATCGATAT,0,5005504
yjbJ_predicted,0.14285714285714285,6,6,ACGAGCCGATCCAAATCCGT,0,5024804
yjbJ_predicted,0.14285714285714285,6,6,ACGAGACCCAGTAGGCCGAG,0,5017385
yjbJ_predicted,0.14285714285714285,6,6,ACCTTCTTGGCGCACGATGT,0,5014445
yjbJ_predicted,0.14285714285714285,6,6,ACCTATGAAATTCAAGCTTT,0,5008210
yjbJ_predicted,0.14285714285714285,6,6,ACCGCTTGGATTAAGAGTTT,0,5031266
yjbJ_predicted,0.14285714285714285,6,6,ACCCTGCACTATTCTCTTTC,0,5005928
yjbJ_predicted,0.14285714285714285,6,6,ACCCCGGCGGTTCACCTGGT,0,5014678
yjbJ_predicted,0.14285714285714285,6,6,ACCAGCAACATCATCAAGCT,0,5016143
yjbJ_predicted,0.14285714285714285,6,6,ACCACATCTCAGTGTGAAAA,0,5008258
yjbJ_predicted,0.14285714285714285,6,6,ACATGCGCGCCTGATACAGG,0,5001953
yjbJ_predicted,0.14285714285714285,6,6,ACATCAGGAGAGGCACTGTC,0,5020227
yjbJ_predicted,0.14285714285714285,6,6,ACAGTTCTCGCAAGAAGGGG,0,5017045
yjbJ_predicted,0.14285714285714285,6,6,ACAGTACGGAGAGTGGCGAG,0,5006035
yjbJ_predicted,0.14285714285714285,6,6,ACAGCAGTATCCACGGGAAA,0,5026590
yjbJ_predicted,0.14285714285714285,6,6,ACACAGCAAAACCTAACAGA,0,5002282
yjbJ_predicted,0.14285714285714285,6,6,ACACAATCACCCCAATTAAC,0,5029168
yjbJ_predicted,0.14285714285714285,6,6,ACAATAGTTGAAATTGGTGA,0,5009243
yjbJ_predicted,0.14285714285714285,6,6,AATTTAATGCGAATTGCTAT,0,5003079
yjbJ_predicted,0.14285714285714285,6,6,AATTACTGCGCTCTTTGAAG,0,5004480
yjbJ_predicted,0.14285714285714285,6,6,AATGTCCTTTATCTTGTATA,0,5023247
yjbJ_predicted,0.14285714285714285,6,6,AATGACGCTAGGCCTAGAAG,0,5002656
yjbJ_predicted,0.14285714285714285,6,6,AATCTGCGCGTGATATTTCT,0,5007745
yjbJ_predicted,0.14285714285714285,6,6,AATCATAAAACCGCCACCCG,0,5004967
yjbJ_predicted,0.14285714285714285,6,6,AAGTGGGTAGGATGGGTCCG,0,4998487
yjbJ_predicted,0.14285714285714285,6,6,AAGTCTTAAGGTGTGGATGG,0,5002992
yjbJ_predicted,0.14285714285714285,6,6,AAGTCCGTAGAGGCCCCAAT,0,4996654
yjbJ_predicted,0.14285714285714285,6,6,AAGCTGTCTAGCGCTCTTCC,0,5005682
yjbJ_predicted,0.14285714285714285,6,6,AAGCTGGCGCATCGGGCGTT,0,5026826
yjbJ_predicted,0.14285714285714285,6,6,AAGCGAGCGTGGCACGGAGC,0,5020687
yjbJ_predicted,0.14285714285714285,6,6,AAGCCAAGAACAAGGTCCTT,0,5026645
yjbJ_predicted,0.14285714285714285,6,6,AAGAATTACTGCCAACTTGT,0,5019402
yjbJ_predicted,0.14285714285714285,6,6,AACTTGGTTTTTCTGTTGGG,0,5018528
yjbJ_predicted,0.14285714285714285,6,6,AACTTGAACTTCCAACGGGG,0,5024873
yjbJ_predicted,0.14285714285714285,6,6,AACGTTAGCACGGCAAGACA,0,5003361
yjbJ_predicted,0.14285714285714285,6,6,AACCTTATACAGTAGAGATC,0,5004297
yjbJ_predicted,0.14285714285714285,6,6,AACCTGTAGCAACGGGAGAA,0,5025992
yjbJ_predicted,0.14285714285714285,6,6,AACCCACAGCTTGGCGTTTC,0,5022244
yjbJ_predicted,0.14285714285714285,6,6,AACATAAAAGATTACTGTTC,0,5018665
yjbJ_predicted,0.14285714285714285,6,6,AACAGCCCGATTGGGTACAA,0,4996048
yjbJ_predicted,0.14285714285714285,6,6,AAATTCATGCTGTTATGATA,0,5022220
yjbJ_predicted,0.14285714285714285,6,6,AAAGTCTTGAAATCACAATT,0,5008731
yjbJ_predicted,0.14285714285714285,6,6,AAAGCTGGTAATACTGGGTC,0,4996569
yjbJ_predicted,0.14285714285714285,6,6,AAACCTGGCGGCTCATTGCT,0,5005124
yjbJ_predicted,0.14285714285714285,6,6,AAACACTTGGCCCCGTGGTG,0,5016178
yjbJ_predicted,0.14285714285714285,6,6,AAAATGGCTTAAATCTCTAT,0,4998557
yjbJ_predicted,0.14285714285714285,6,6,AAAAGTATGTGAAAGTAAAC,0,4998247
yjbJ_predicted,0.14285714285714285,6,6,AAAAGCCCTGAGAAGGGTCA,0,5024147
yjbJ_predicted,0.16666666666666666,5,5,TTTTTGAATTTTCCCGCCGT,0,5012905
yjbJ_predicted,0.16666666666666666,5,5,TTTTCGTTAGATGTCCAGGA,0,5027291
yjbJ_predicted,0.16666666666666666,5,5,TTTGGTCCCTTCCCGAGACT,0,4998405
yjbJ_predicted,0.16666666666666666,5,5,TTTGATAGGGATTAGATAAT,0,5022543
yjbJ_predicted,0.16666666666666666,5,5,TTTGAATCATAATGGCATGG,0,5026119
yjbJ_predicted,0.16666666666666666,5,5,TTTCGGAAGAAAGGATATTC,0,4996421
yjbJ_predicted,0.16666666666666666,5,5,TTTCCAAAGTTGTTGTCTTA,0,5026713
yjbJ_predicted,0.16666666666666666,5,5,TTTAGAGGATAGGCGTCAGA,0,5010224
yjbJ_predicted,0.16666666666666666,5,5,TTTACAACCCTGCGCTTAGC,0,4999727
yjbJ_predicted,0.16666666666666666,5,5,TTGTCTAAGTCCAGGTGATT,0,5001383
yjbJ_predicted,0.16666666666666666,5,5,TTGGCACCACCCTCTCGCAT,0,5002157
yjbJ_predicted,0.16666666666666666,5,5,TTGCTATCGTCGTCCCTGAC,0,4999397
yjbJ_predicted,0.16666666666666666,5,5,TTGATGTATGGAGTCTCCCA,0,5025226
yjbJ_predicted,0.16666666666666666,5,5,TTGACATTTAGTCCTCCTTG,0,4996137
yjbJ_predicted,0.16666666666666666,5,5,TTCTCTGTACGTAGATTTCA,0,5000006
yjbJ_predicted,0.16666666666666666,5,5,TTCTATTGCCTGTCGCGACT,0,5019934
yjbJ_predicted,0.16666666666666666,5,5,TTCGTCCGCTCGTCAGACGG,0,5017191
yjbJ_predicted,0.16666666666666666,5,5,TTCCCGACAACAGTCAGCAA,0,4997189
yjbJ_predicted,0.16666666666666666,5,5,TTCATTACCGTTGGTGAGTA,0,5028288
yjbJ_predicted,0.16666666666666666,5,5,TTCATCCTTAATATGGCAGA,0,5010218
yjbJ_predicted,0.16666666666666666,5,5,TTCACCGCGTGAATCGCAGA,0,5030871
yjbJ_predicted,0.16666666666666666,5,5,TTATTATGCTTCAGATGTAA,0,5028653
yjbJ_predicted,0.16666666666666666,5,5,TTATTAAGCTCCTGGAGTCA,0,5015467
yjbJ_predicted,0.16666666666666666,5,5,TTATCGCCGGTTTCCGGATA,0,5006654
yjbJ_predicted,0.16666666666666666,5,5,TTATAAGCAGCGTGTGCCAT,0,5012187
yjbJ_predicted,0.16666666666666666,5,5,TTAGGTGTTATCATTTTAGG,0,5008864
yjbJ_predicted,0.16666666666666666,5,5,TTAGACTTTGTAGGGGAAAA,0,5022084
yjbJ_predicted,0.16666666666666666,5,5,TTACGGGTTCTCTTTCCAAC,0,5027421
yjbJ_predicted,0.16666666666666666,5,5,TTACCGTTCCAGGACCAGGA,0,5006517
yjbJ_predicted,0.16666666666666666,5,5,TTACCGCACACACGAGGTAC,0,4996757
yjbJ_predicted,0.16666666666666666,5,5,TTACCACTTGATAGAAGAAG,0,5025776
yjbJ_predicted,0.16666666666666666,5,5,TTACAATGTAGTCCAGTTAA,0,5021136
yjbJ_predicted,0.16666666666666666,5,5,TTAATTGGATAGCCCCGTTT,0,4998141
yjbJ_predicted,0.16666666666666666,5,5,TTAATTGACCCACACGGTGT,0,5028348
yjbJ_predicted,0.16666666666666666,5,5,TTAAAAAACGCCGAATGCTG,0,5030199
yjbJ_predicted,0.16666666666666666,5,5,TGTTTTGGCTTTACTTCACC,0,5004187
yjbJ_predicted,0.16666666666666666,5,5,TGTTGGCACCTTTCTCAGTC,0,5006567
yjbJ_predicted,0.16666666666666666,5,5,TGTTGGAAACGCGGTCGCAT,0,5018240
yjbJ_predicted,0.16666666666666666,5,5,TGTTGCGACTCGTCCGCAGC,0,5006031
yjbJ_predicted,0.16666666666666666,5,5,TGTTGACTGTGTAAGTCAAA,0,4995769
yjbJ_predicted,0.16666666666666666,5,5,TGTGCTCATAACTGGGGCGT,0,5028970
yjbJ_predicted,0.16666666666666666,5,5,TGTACGTAAGTCTTGCGTGT,0,5023214
yjbJ_predicted,0.16666666666666666,5,5,TGTACGGCAGGGAGCCTGAT,0,5019593
yjbJ_predicted,0.16666666666666666,5,5,TGTAAAGCCTCATAAACGTC,0,4999664
yjbJ_predicted,0.16666666666666666,5,5,TGTAAAATAGTGCTCCGAAA,0,4995163
yjbJ_predicted,0.16666666666666666,5,5,TGGTTTCGAACCGCTACTGT,0,5011502
yjbJ_predicted,0.16666666666666666,5,5,TGGTCACAGCAAATTCACCC,0,5020473
yjbJ_predicted,0.16666666666666666,5,5,TGGGGGACAATAGGCATCCA,0,4998919
yjbJ_predicted,0.16666666666666666,5,5,TGGAGGACCTTCAAGCCCCA,0,5019658
yjbJ_predicted,0.16666666666666666,5,5,TGGACATACCGCTTAGTGCG,0,5005987
yjbJ_predicted,0.16666666666666666,5,5,TGCTTCGCGTGCGGGGAGCT,0,5017246
yjbJ_predicted,0.16666666666666666,5,5,TGCTCGAAATGACTAGGATA,0,5013456
yjbJ_predicted,0.16666666666666666,5,5,TGCTATGAGTTAACCTAGAG,0,5029313
yjbJ_predicted,0.16666666666666666,5,5,TGCGTCGAATGTCTCCCGAT,0,5000446
yjbJ_predicted,0.16666666666666666,5,5,TGCGGTTAATCATTCAATTT,0,4999917
yjbJ_predicted,0.16666666666666666,5,5,TGCGGTGAAAGGTAATATCG,0,5011220
yjbJ_predicted,0.16666666666666666,5,5,TGCGGGCAGTCCAGGATCGG,0,5014729
yjbJ_predicted,0.16666666666666666,5,5,TGCGGCAGCAATGTTATATG,0,5029059
yjbJ_predicted,0.16666666666666666,5,5,TGCCTTCGGTCCGTTCATAG,0,5011164
yjbJ_predicted,0.16666666666666666,5,5,TGATTTGTCGCTCCCGTGTT,0,5019983
yjbJ_predicted,0.16666666666666666,5,5,TGAGATATTACTGACATTGA,0,5025255
yjbJ_predicted,0.16666666666666666,5,5,TGACTCCTACAAGGGCACGG,0,5012647
yjbJ_predicted,0.16666666666666666,5,5,TGACCACGGCCTTTACTGGT,0,5018008
yjbJ_predicted,0.16666666666666666,5,5,TGAAGCTCGTCCCCGCCCTA,0,5016607
yjbJ_predicted,0.16666666666666666,5,5,TCTTGACCAAGGCTTCCGAG,0,4997315
yjbJ_predicted,0.16666666666666666,5,5,TCTTAATCGGTTAGCCGTGA,0,5012964
yjbJ_predicted,0.16666666666666666,5,5,TCTGTTTAGCGGGGTCCTGT,0,5002796
yjbJ_predicted,0.16666666666666666,5,5,TCTGTGTCACAAATGGAGCA,0,5014578
yjbJ_predicted,0.16666666666666666,5,5,TCTGGAGTTGCTGTCAAGGC,0,5029842
yjbJ_predicted,0.16666666666666666,5,5,TCTGCTTACCATGAAACAAT,0,5027228
yjbJ_predicted,0.16666666666666666,5,5,TCTCTCTAATCCGTAGTATA,0,5026673
yjbJ_predicted,0.16666666666666666,5,5,TCTCCTAAGAAACTCTCACG,0,5022584
yjbJ_predicted,0.16666666666666666,5,5,TCTCCACGGGATAGCTTCAT,0,5026401
yjbJ_predicted,0.16666666666666666,5,5,TCTAGGTCAGCACGTACAGG,0,5025546
yjbJ_predicted,0.16666666666666666,5,5,TCTACCTCTGAGATACCCCA,0,5009531
yjbJ_predicted,0.16666666666666666,5,5,TCGTATTATAGACTCATCTT,0,5024779
yjbJ_predicted,0.16666666666666666,5,5,TCGGGTCGTTGCACACATGT,0,5015060
yjbJ_predicted,0.16666666666666666,5,5,TCGGGCCATGTCTGAAAACT,0,5021632
yjbJ_predicted,0.16666666666666666,5,5,TCGCGTCGCCCGGGGCCACT,0,4996392
yjbJ_predicted,0.16666666666666666,5,5,TCGCGACACTTGGCCTCTAA,0,5031227
yjbJ_predicted,0.16666666666666666,5,5,TCCTCCTTCATCACTTAGCT,0,5017256
yjbJ_predicted,0.16666666666666666,5,5,TCCTATTCTTCAACCCAGGG,0,5022398
yjbJ_predicted,0.16666666666666666,5,5,TCCTATAGGTGATGCTATTT,0,5021434
yjbJ_predicted,0.16666666666666666,5,5,TCCGGATCTCTTATTGGCAA,0,5015293
yjbJ_predicted,0.16666666666666666,5,5,TCCCTACGTATTTCATTACG,0,5026669
yjbJ_predicted,0.16666666666666666,5,5,TCCCGTATCTAGACCCATAG,0,5030186
yjbJ_predicted,0.16666666666666666,5,5,TCCCCTGTCTATACCGGGTT,0,5014041
yjbJ_predicted,0.16666666666666666,5,5,TCCATCAAAGTTCGCCACAT,0,5017287
yjbJ_predicted,0.16666666666666666,5,5,TCCAGAGAAGTCGTTTAACC,0,5025945
yjbJ_predicted,0.16666666666666666,5,5,TCCAACGACGTAGACTGCCG,0,4999687
yjbJ_predicted,0.16666666666666666,5,5,TCATTTGTCTGCTGGTCGTC,0,5028727
yjbJ_predicted,0.16666666666666666,5,5,TCATTCGGGCGCGAGACTTT,0,5000768
yjbJ_predicted,0.16666666666666666,5,5,TCATCTCAGCGGTTGCCAGG,0,4999973
yjbJ_predicted,0.16666666666666666,5,5,TCATCCGGCATTAGTGACGA,0,5002178
yjbJ_predicted,0.16666666666666666,5,5,TCATAGGTGATACAGTTAGC,0,5030025
yjbJ_predicted,0.16666666666666666,5,5,TCATACCTTCTATGCGGAAG,0,5020319
yjbJ_predicted,0.16666666666666666,5,5,TCAGTGAATGTTAGTCGATT,0,5003035
yjbJ_predicted,0.16666666666666666,5,5,TCAGAGTTCAGCCGTAGCCG,0,5023412
yjbJ_predicted,0.16666666666666666,5,5,TCACTGTTGCTGTCGCCCTA,0,5003228
yjbJ_predicted,0.16666666666666666,5,5,TCACAAAGTGAGATCCCCTG,0,5009947
yjbJ_predicted,0.16666666666666666,5,5,TCAATTTTGGGCCTGACTAT,0,5007892
yjbJ_predicted,0.16666666666666666,5,5,TCAAGCAGCGCGCAAAACGG,0,5030880
yjbJ_predicted,0.16666666666666666,5,5,TCAACTGCGTGTGGATGAGT,0,5026652
yjbJ_predicted,0.16666666666666666,5,5,TCAAAACCAGGAAGCTTAGG,0,5022944
yjbJ_predicted,0.16666666666666666,5,5,TATTGGGGGGTACCGGCTGC,0,5030123
yjbJ_predicted,0.16666666666666666,5,5,TATGGTGTTAGGGGGCTGCA,0,5019164
yjbJ_predicted,0.16666666666666666,5,5,TATGGCAGTTAAGGATACGA,0,5014901
yjbJ_predicted,0.16666666666666666,5,5,TATCTGTTTAAAGGTGAGCG,0,5029344
yjbJ_predicted,0.16666666666666666,5,5,TATATGGAAATCTCCCGTAT,0,5024415
yjbJ_predicted,0.16666666666666666,5,5,TATAGCTGGTCAGGGGGGAT,0,5007371
yjbJ_predicted,0.16666666666666666,5,5,TATAGAGTTATCTTTGTGGG,0,5028335
yjbJ_predicted,0.16666666666666666,5,5,TATACCACGGGATCACACAG,0,5015465
yjbJ_predicted,0.16666666666666666,5,5,TAGGTACGGAACGGCCGAGC,0,4995853
yjbJ_predicted,0.16666666666666666,5,5,TAGGCTCGTGCCTCCTAACC,0,5020856
yjbJ_predicted,0.16666666666666666,5,5,TAGCTCTTCCTGCCGGCATT,0,5020609
yjbJ_predicted,0.16666666666666666,5,5,TAGCTAGCGCGTTGGGGAGG,0,5028507
yjbJ_predicted,0.16666666666666666,5,5,TAGCCATGAAGCGTCTGTCT,0,5015845
yjbJ_predicted,0.16666666666666666,5,5,TAGATGCAGGCGCCTAAGCA,0,5010323
yjbJ_predicted,0.16666666666666666,5,5,TAGATAACGCCTTCCGGCAA,0,5017941
yjbJ_predicted,0.16666666666666666,5,5,TAGAGTGGCAAGTACCTCAT,0,5024652
yjbJ_predicted,0.16666666666666666,5,5,TAGAGTCTTAAAGCGGGTAT,0,5000358
yjbJ_predicted,0.16666666666666666,5,5,TACTGACTGCGCAAATCGTC,0,5019103
yjbJ_predicted,0.16666666666666666,5,5,TACGGAGGAGTACATTCTCC,0,4996155
yjbJ_predicted,0.16666666666666666,5,5,TACCCACGGACACGGCTGTA,0,4996606
yjbJ_predicted,0.16666666666666666,5,5,TAATGACTTGAATAGTGGAA,0,5026737
yjbJ_predicted,0.16666666666666666,5,5,TAATAGAAGGGGGAAGGAGC,0,5000131
yjbJ_predicted,0.16666666666666666,5,5,TAACTGCCCGTTTCAGTCTC,0,5012227
yjbJ_predicted,0.16666666666666666,5,5,TAACGTAGGTCCGGCCGCGA,0,5018719
yjbJ_predicted,0.16666666666666666,5,5,TAACGGGACAAATAATCGGT,0,5006454
yjbJ_predicted,0.16666666666666666,5,5,TAACGCATTTGAAACTCTCT,0,5027850
yjbJ_predicted,0.16666666666666666,5,5,TAACGATTCTATCGCGACGT,0,5019227
yjbJ_predicted,0.16666666666666666,5,5,TAACAGTTACCGATAGGTCT,0,4999161
yjbJ_predicted,0.16666666666666666,5,5,TAAAGAAAAAACCAGGGCGT,0,5000756
yjbJ_predicted,0.16666666666666666,5,5,TAAACGCGTTGTGCACGAGG,0,4997872
yjbJ_predicted,0.16666666666666666,5,5,TAAAAGACGGGTTTCGACAC,0,5006380
yjbJ_predicted,0.16666666666666666,5,5,GTTTTTCTCGAATTCCCTGT,0,5015305
yjbJ_predicted,0.16666666666666666,5,5,GTTTGGGTGCGTATCGCCAA,0,5007986
yjbJ_predicted,0.16666666666666666,5,5,GTTGTACGGCATCGCCACTT,0,5026986
yjbJ_predicted,0.16666666666666666,5,5,GTTGGCGGTAACTCGGTTCT,0,5015970
yjbJ_predicted,0.16666666666666666,5,5,GTTGGCGCAACATTAACTGT,0,5000929
yjbJ_predicted,0.16666666666666666,5,5,GTTGCCCGTCACCTTCTGTC,0,5026947
yjbJ_predicted,0.16666666666666666,5,5,GTTGATACCGCCGGGGACCT,0,5029258
yjbJ_predicted,0.16666666666666666,5,5,GTTCCCGAAAAAGTGAGCAA,0,4997123
yjbJ_predicted,0.16666666666666666,5,5,GTTCCACGGTCTCCTCGGCG,0,5020089
yjbJ_predicted,0.16666666666666666,5,5,GTTCACCACCGTGCTTTCCT,0,5011950
yjbJ_predicted,0.16666666666666666,5,5,GTTACAGAAACAGAAGTGGA,0,5018214
yjbJ_predicted,0.16666666666666666,5,5,GTTAACAATGTACTTACGTT,0,5013791
yjbJ_predicted,0.16666666666666666,5,5,GTGTAGGGAACAACAGTGTT,0,5009844
yjbJ_predicted,0.16666666666666666,5,5,GTGGGATCTCGTACACGTCT,0,5025981
yjbJ_predicted,0.16666666666666666,5,5,GTGGCAACACGCATATGAGT,0,5010896
yjbJ_predicted,0.16666666666666666,5,5,GTGCAGCCATCACGGGAATG,0,5016897
yjbJ_predicted,0.16666666666666666,5,5,GTGATAAATATTTCCTGAAC,0,5011840
yjbJ_predicted,0.16666666666666666,5,5,GTCTGTATATGGATCCGGCT,0,5016889
yjbJ_predicted,0.16666666666666666,5,5,GTCTCGATCTAGATTGATTC,0,5022301
yjbJ_predicted,0.16666666666666666,5,5,GTCGTTCATTGCCACAAGAT,0,5015587
yjbJ_predicted,0.16666666666666666,5,5,GTCGCTCTAACCAATTGACT,0,5004442
yjbJ_predicted,0.16666666666666666,5,5,GTCGATTTGTCTGTACGAAT,0,5026316
yjbJ_predicted,0.16666666666666666,5,5,GTCCTCTTACCCACACAATT,0,5017654
yjbJ_predicted,0.16666666666666666,5,5,GTCCGTCTCCTCGCTCCCAC,0,5008524
yjbJ_predicted,0.16666666666666666,5,5,GTCATATACAATCTCATTAA,0,5001557
yjbJ_predicted,0.16666666666666666,5,5,GTCAGGGCGTTGGGCGCGCT,0,5006678
yjbJ_predicted,0.16666666666666666,5,5,GTCAGATACGGCGCTTAGGC,0,5001026
yjbJ_predicted,0.16666666666666666,5,5,GTCACACAGGAATGCATTGG,0,5001984
yjbJ_predicted,0.16666666666666666,5,5,GTCAATAAGTGGACTGCAAA,0,4998581
yjbJ_predicted,0.16666666666666666,5,5,GTATTGTTCGTATAAGCGGA,0,5027484
yjbJ_predicted,0.16666666666666666,5,5,GTATTAACTGCGGTTCAAAC,0,5020929
yjbJ_predicted,0.16666666666666666,5,5,GTACGTGGGATCTCAAGAAA,0,5002474
yjbJ_predicted,0.16666666666666666,5,5,GTACGTGCTTAACGGTAAAA,0,4997761
yjbJ_predicted,0.16666666666666666,5,5,GTACATAGCGTAGGATGAAT,0,5020213
yjbJ_predicted,0.16666666666666666,5,5,GTAAGCAAGAATATTACATA,0,5005984
yjbJ_predicted,0.16666666666666666,5,5,GGTGGCGCATGGCACGGAGT,0,5002684
yjbJ_predicted,0.16666666666666666,5,5,GGTGATGTACATATGCCCTC,0,5011955
yjbJ_predicted,0.16666666666666666,5,5,GGTCTGCTGGGGATGTAGCT,0,5015049
yjbJ_predicted,0.16666666666666666,5,5,GGTCGCCAAATGCAGGCGGC,0,5027202
yjbJ_predicted,0.16666666666666666,5,5,GGTCCACTTGGGCTGCGTAG,0,5008691
yjbJ_predicted,0.16666666666666666,5,5,GGTATGACTTCTTCGCTTAG,0,5026845
yjbJ_predicted,0.16666666666666666,5,5,GGTATAGAACGGTAGGGGAC,0,5000698
yjbJ_predicted,0.16666666666666666,5,5,GGGTATCGACGTGCCTCAAC,0,5009173
yjbJ_predicted,0.16666666666666666,5,5,GGGTAGGTACCCGTAAAACG,0,5016795
yjbJ_predicted,0.16666666666666666,5,5,GGGTACGCCACACTTTAGCA,0,5002858
yjbJ_predicted,0.16666666666666666,5,5,GGGTACCGAGGTGATCTATG,0,5024950
yjbJ_predicted,0.16666666666666666,5,5,GGGGTCGCACGCAGGTTCTG,0,5019937
yjbJ_predicted,0.16666666666666666,5,5,GGGGTCACATGTCAGCTTAT,0,5007937
yjbJ_predicted,0.16666666666666666,5,5,GGGGTATCATGAAACACCAG,0,5029513
yjbJ_predicted,0.16666666666666666,5,5,GGGGGAGCTCACGAACGTTA,0,5000257
yjbJ_predicted,0.16666666666666666,5,5,GGGGGAAGTGACGGGCGAAA,0,5018819
yjbJ_predicted,0.16666666666666666,5,5,GGGGCAGCTTTGTATCCTAA,0,5022545
yjbJ_predicted,0.16666666666666666,5,5,GGGCTGGATATCTTAGAACT,0,5018147
yjbJ_predicted,0.16666666666666666,5,5,GGGCCAGGAGCCGCGTTCAT,0,4999469
yjbJ_predicted,0.16666666666666666,5,5,GGCTTTCAGAAATAGAGTTC,0,4996960
yjbJ_predicted,0.16666666666666666,5,5,GGCTGACTATCACTTATTGA,0,4995117
yjbJ_predicted,0.16666666666666666,5,5,GGCTGAAACATAAGATGTCC,0,5025695
yjbJ_predicted,0.16666666666666666,5,5,GGCGGGGCCGACAAGAATAC,0,4995286
yjbJ_predicted,0.16666666666666666,5,5,GGCGCCAGGAAGTAAGCCAC,0,5028114
yjbJ_predicted,0.16666666666666666,5,5,GGCGAACCACCTGGTGGGAA,0,5022120
yjbJ_predicted,0.16666666666666666,5,5,GGCCTCTTCTCTTCCGCCAG,0,5010130
yjbJ_predicted,0.16666666666666666,5,5,GGCCCGTGGCGCTCCCCTAG,0,5001456
yjbJ_predicted,0.16666666666666666,5,5,GGCCCCTTCACATTGCAGGT,0,5004232
yjbJ_predicted,0.16666666666666666,5,5,GGCAGTGAGGGTTCTTGTTT,0,5008147
yjbJ_predicted,0.16666666666666666,5,5,GGCAGGCTAGGCATTGGGAC,0,5008146
yjbJ_predicted,0.16666666666666666,5,5,GGCAGCGCCTGTATTGACTT,0,5004475
yjbJ_predicted,0.16666666666666666,5,5,GGCACCATCGACGGGTTGAA,0,5028362
yjbJ_predicted,0.16666666666666666,5,5,GGCAAGGTGCCCCAGATCGA,0,4996833
yjbJ_predicted,0.16666666666666666,5,5,GGATTGCATCGACAACCTAT,0,4995295
yjbJ_predicted,0.16666666666666666,5,5,GGATTCCAGGGTCTATAAAG,0,5009152
yjbJ_predicted,0.16666666666666666,5,5,GGATGTGGCGGATACCCGTT,0,5016138
yjbJ_predicted,0.16666666666666666,5,5,GGATCGTTAGTACGACATCC,0,4996249
yjbJ_predicted,0.16666666666666666,5,5,GGATATGGGCCATGGCGGAT,0,5010327
yjbJ_predicted,0.16666666666666666,5,5,GGAGTGGTGCAACACCTTTC,0,5006514
yjbJ_predicted,0.16666666666666666,5,5,GGAGCAGGGGATAACACATT,0,5007608
yjbJ_predicted,0.16666666666666666,5,5,GGACCACCATTCGTGGACGG,0,5014798
yjbJ_predicted,0.16666666666666666,5,5,GGAAGTTAGGACATCGCCTC,0,5026966
yjbJ_predicted,0.16666666666666666,5,5,GGAAAAGCTGTGACAACATT,0,5005374
yjbJ_predicted,0.16666666666666666,5,5,GCTTTTGGGGCACACGTAAA,0,5023476
yjbJ_predicted,0.16666666666666666,5,5,GCTTTGGCGTGTCAAGTTTA,0,5004719
yjbJ_predicted,0.16666666666666666,5,5,GCTTTATACGTCGGATCATA,0,5029322
yjbJ_predicted,0.16666666666666666,5,5,GCTTCTGTTTATAATCTGCA,0,4996513
yjbJ_predicted,0.16666666666666666,5,5,GCTGTCACCAACGGTAGACT,0,5018758
yjbJ_predicted,0.16666666666666666,5,5,GCTGTAGCATGTTTCAGTCA,0,5008551
yjbJ_predicted,0.16666666666666666,5,5,GCTGGCCGGAACTCATCCCA,0,5007429
yjbJ_predicted,0.16666666666666666,5,5,GCTGGAAATCACGTGAAACA,0,5015334
yjbJ_predicted,0.16666666666666666,5,5,GCTGAAGGCGTGTGTCAGCT,0,5007897
yjbJ_predicted,0.16666666666666666,5,5,GCTCTCTTACTGCGAGCATA,0,5014948
yjbJ_predicted,0.16666666666666666,5,5,GCTCGAGCACGAGCAGTTAG,0,5019071
yjbJ_predicted,0.16666666666666666,5,5,GCTCAGGTCTTATGGGGCAC,0,5031043
yjbJ_predicted,0.16666666666666666,5,5,GCTAGAGTGATTGTAGGATT,0,5026168
yjbJ_predicted,0.16666666666666666,5,5,GCGTGTCTAGGTCTGTGGGT,0,5019165
yjbJ_predicted,0.16666666666666666,5,5,GCGTGCATACGCTCTCCGGC,0,5030373
yjbJ_predicted,0.16666666666666666,5,5,GCGTCCATGGGCTACGGCAG,0,5017835
yjbJ_predicted,0.16666666666666666,5,5,GCGTACATGTGCTGGTCCCA,0,5001847
yjbJ_predicted,0.16666666666666666,5,5,GCGGTTTAATTGGGGGCGTA,0,5026561
yjbJ_predicted,0.16666666666666666,5,5,GCGGGAGATACTATTTAGCC,0,5018928
yjbJ_predicted,0.16666666666666666,5,5,GCGGAGCACATCGAGGATGG,0,5025762
yjbJ_predicted,0.16666666666666666,5,5,GCGCGCAATAGGGACACATT,0,5010923
yjbJ_predicted,0.16666666666666666,5,5,GCGATATTGATGAGATCTTT,0,5005394
yjbJ_predicted,0.16666666666666666,5,5,GCGAGCCCACTCTGACTGTA,0,5014852
yjbJ_predicted,0.16666666666666666,5,5,GCGAGACGCAGTAATAGGGA,0,5021273
yjbJ_predicted,0.16666666666666666,5,5,GCGAACGAGTACAGTGCAGG,0,5020894
yjbJ_predicted,0.16666666666666666,5,5,GCGAACCGAGATAAGAATCT,0,5020098
yjbJ_predicted,0.16666666666666666,5,5,GCCTTTAAGAAAAAAGTCAT,0,5026707
yjbJ_predicted,0.16666666666666666,5,5,GCCTGGCATTGCGTTGGGGA,0,4997765
yjbJ_predicted,0.16666666666666666,5,5,GCCGTCACGTTGAGTCTGTT,0,4995000
yjbJ_predicted,0.16666666666666666,5,5,GCCCGTTGTTAGCGGGGAGT,0,5027721
yjbJ_predicted,0.16666666666666666,5,5,GCCCGTACGGACTCCGAGCC,0,5025847
yjbJ_predicted,0.16666666666666666,5,5,GCCCGGGCTCTGGCCGAACA,0,5018777
yjbJ_predicted,0.16666666666666666,5,5,GCCCACGTCATAGGAAAAAC,0,5012662
yjbJ_predicted,0.16666666666666666,5,5,GCCACGATGTCGAGCTAGCT,0,5014448
yjbJ_predicted,0.16666666666666666,5,5,GCCAATGTTAAGTCCTCGGG,0,5024239
yjbJ_predicted,0.16666666666666666,5,5,GCATTATGCATGGCTACTGA,0,5003362
yjbJ_predicted,0.16666666666666666,5,5,GCATTAGGCTGCAGTGCCGG,0,5028979
yjbJ_predicted,0.16666666666666666,5,5,GCATGTACTCTGATGAGGTT,0,5022465
yjbJ_predicted,0.16666666666666666,5,5,GCATCGGATAAGCACACGGA,0,5012102
yjbJ_predicted,0.16666666666666666,5,5,GCATAGCGCGATTTACGCCG,0,4996133
yjbJ_predicted,0.16666666666666666,5,5,GCAGGGGCGGATCCAACGTT,0,5014635
yjbJ_predicted,0.16666666666666666,5,5,GCAGAATGATGACCCAGATC,0,5008898
yjbJ_predicted,0.16666666666666666,5,5,GCAATGTGTAAGTTTCCAGC,0,5020807
yjbJ_predicted,0.16666666666666666,5,5,GCAATACCTGGATGGGACTC,0,5009070
yjbJ_predicted,0.16666666666666666,5,5,GCAAGGGCATACTTGCACTT,0,5013041
yjbJ_predicted,0.16666666666666666,5,5,GCAACACGGAACTAAGTCAC,0,5005871
yjbJ_predicted,0.16666666666666666,5,5,GATTATGGACGCTACACGCT,0,5031053
yjbJ_predicted,0.16666666666666666,5,5,GATGGTAGCTCAAATAAATC,0,5010825
yjbJ_predicted,0.16666666666666666,5,5,GATGGGTGTGTCTATATAGC,0,5002949
yjbJ_predicted,0.16666666666666666,5,5,GATGGAGTCTTGAACCGTCA,0,5021275
yjbJ_predicted,0.16666666666666666,5,5,GATCAACAAGAGTGGCTGGG,0,5024236
yjbJ_predicted,0.16666666666666666,5,5,GATATGGAAGGGTCGCTGCA,0,5016036
yjbJ_predicted,0.16666666666666666,5,5,GATATGCTACACCTGAATCA,0,5018581
yjbJ_predicted,0.16666666666666666,5,5,GATAATCAGTGCCTATGTCA,0,5005351
yjbJ_predicted,0.16666666666666666,5,5,GAGTTAGCAACCCCTGGTTA,0,5000391
yjbJ_predicted,0.16666666666666666,5,5,GAGTGTATCAACTGATGCGG,0,5022307
yjbJ_predicted,0.16666666666666666,5,5,GAGTGGTTTATTTGTTTAGA,0,5024207
yjbJ_predicted,0.16666666666666666,5,5,GAGGGCAGGCATTTCCACAT,0,5023493
yjbJ_predicted,0.16666666666666666,5,5,GAGCCCGTTCGTCGGAAAAG,0,5011717
yjbJ_predicted,0.16666666666666666,5,5,GAGCAGAAGAGCCGGAACCT,0,5022438
yjbJ_predicted,0.16666666666666666,5,5,GAGATCGCCTTGCAGTCGGG,0,5030682
yjbJ_predicted,0.16666666666666666,5,5,GAGATCACAGCACCTGGCTT,0,5005774
yjbJ_predicted,0.16666666666666666,5,5,GAGAGTGATCCCATACAGGA,0,5001182
yjbJ_predicted,0.16666666666666666,5,5,GACGTTTTGCCAGCCTAACG,0,5012359
yjbJ_predicted,0.16666666666666666,5,5,GACGTTTGAAATCGTTGGGA,0,5004401
yjbJ_predicted,0.16666666666666666,5,5,GACGGTCCGTATCTAACACA,0,5007400
yjbJ_predicted,0.16666666666666666,5,5,GACGCGGTTATCTCAGTTAT,0,5000785
yjbJ_predicted,0.16666666666666666,5,5,GACGAAATTGGAAACAACAT,0,4998761
yjbJ_predicted,0.16666666666666666,5,5,GACCACCCAGCGGAAGCATT,0,5013110
yjbJ_predicted,0.16666666666666666,5,5,GACAGGTTATTGTTTATCAC,0,5003299
yjbJ_predicted,0.16666666666666666,5,5,GACACTTAGACGTGTGTGGA,0,5013189
yjbJ_predicted,0.16666666666666666,5,5,GAAGTCGGCTATTTGTATGG,0,5029226
yjbJ_predicted,0.16666666666666666,5,5,GAACGCACCTCGGTCTTCTT,0,5023796
yjbJ_predicted,0.16666666666666666,5,5,GAACCCGTTGACGGGCCGGG,0,5005559
yjbJ_predicted,0.16666666666666666,5,5,GAAATATAGGCGGGAGGGAG,0,4998697
yjbJ_predicted,0.16666666666666666,5,5,GAAAAGAAATCTGCTGCCGC,0,5023151
yjbJ_predicted,0.16666666666666666,5,5,GAAAAACATCTAAACCTTAT,0,4995674
yjbJ_predicted,0.16666666666666666,5,5,CTTTCATGATTACCGTTCAT,0,5017741
yjbJ_predicted,0.16666666666666666,5,5,CTTTAACGAGAGAGCCGCTT,0,5004373
yjbJ_predicted,0.16666666666666666,5,5,CTTGTTCCATGATTCAAAAG,0,5021767
yjbJ_predicted,0.16666666666666666,5,5,CTTGTGAAGGTATAGACGCT,0,5000664
yjbJ_predicted,0.16666666666666666,5,5,CTTGGGTTTGTAATAACGCT,0,5007137
yjbJ_predicted,0.16666666666666666,5,5,CTTAGGAGTCAATCTACAAT,0,5010572
yjbJ_predicted,0.16666666666666666,5,5,CTTAGACTCACCTGCCCAAA,0,5016923
yjbJ_predicted,0.16666666666666666,5,5,CTTAACCCCCAACCCGATTT,0,5030657
yjbJ_predicted,0.16666666666666666,5,5,CTTAACACGCCGCACCACTG,0,5003741
yjbJ_predicted,0.16666666666666666,5,5,CTGTGTATTTAGTGCGTGAC,0,5012239
yjbJ_predicted,0.16666666666666666,5,5,CTGGCGTGAGTTTCCGCACA,0,5018597
yjbJ_predicted,0.16666666666666666,5,5,CTGGCAGAGGTTGCGATCTA,0,5014403
yjbJ_predicted,0.16666666666666666,5,5,CTGCTAAAGGTAGTCGATTG,0,4996026
yjbJ_predicted,0.16666666666666666,5,5,CTGATCTCGCGACCAAGGTG,0,5030261
yjbJ_predicted,0.16666666666666666,5,5,CTCTGTTTACCACTCAGTCC,0,4995722
yjbJ_predicted,0.16666666666666666,5,5,CTCTCTCTTGCTACGAAACT,0,5009518
yjbJ_predicted,0.16666666666666666,5,5,CTCGCAAGGATGGTCACTGG,0,5031017
yjbJ_predicted,0.16666666666666666,5,5,CTCCGTTACGAACTGGGATT,0,5021975
yjbJ_predicted,0.16666666666666666,5,5,CTCCGGGACGCAATCAGTAA,0,5005546
yjbJ_predicted,0.16666666666666666,5,5,CTCCCATTCTGATGTCCCAG,0,5014017
yjbJ_predicted,0.16666666666666666,5,5,CTCCATACGTAATCCCGGCA,0,4995800
yjbJ_predicted,0.16666666666666666,5,5,CTCCACCCCTCATCTGCTTT,0,5025185
yjbJ_predicted,0.16666666666666666,5,5,CTCAGTCACATAGCGCTTCT,0,4997332
yjbJ_predicted,0.16666666666666666,5,5,CTATGTTATGTCTAGCTTGA,0,5028451
yjbJ_predicted,0.16666666666666666,5,5,CTATCCTAGAATTTAGATGG,0,5020847
yjbJ_predicted,0.16666666666666666,5,5,CTACGATGGGCCGATCTCAA,0,4998306
yjbJ_predicted,0.16666666666666666,5,5,CTACGATGAGTCCCTCCGCC,0,4998119
yjbJ_predicted,0.16666666666666666,5,5,CTACAGATCCGTGTGCTAAC,0,5015350
yjbJ_predicted,0.16666666666666666,5,5,CTAATATCACACGCCCGCAT,0,4999415
yjbJ_predicted,0.16666666666666666,5,5,CTAAGGCGAATAGAGAGTTC,0,5010634
yjbJ_predicted,0.16666666666666666,5,5,CTAACATAGTTTAGAGGCTC,0,5011391
yjbJ_predicted,0.16666666666666666,5,5,CGTTTTGAAGCGTACTACAC,0,5001944
yjbJ_predicted,0.16666666666666666,5,5,CGTTTTCGGTGCAGGGTTTA,0,4997845
yjbJ_predicted,0.16666666666666666,5,5,CGTTCTGAGGATAGTATGTT,0,4998849
yjbJ_predicted,0.16666666666666666,5,5,CGTTCAGGAAGGCGTCTGGT,0,4997621
yjbJ_predicted,0.16666666666666666,5,5,CGTTATGATGTAACTGTTAG,0,5000631
yjbJ_predicted,0.16666666666666666,5,5,CGTTACAGCGCGGACGCCCA,0,5023576
yjbJ_predicted,0.16666666666666666,5,5,CGTGCCTGTCGGTCCGTCCT,0,5031302
yjbJ_predicted,0.16666666666666666,5,5,CGTCTCAGTACACGATTCCC,0,5013501
yjbJ_predicted,0.16666666666666666,5,5,CGTCTAGATCATTTACATGT,0,4995209
yjbJ_predicted,0.16666666666666666,5,5,CGTCTACTCTAAGAAGTAAT,0,4995757
yjbJ_predicted,0.16666666666666666,5,5,CGTCGGAGTGGTCTAACCGG,0,5011613
yjbJ_predicted,0.16666666666666666,5,5,CGTCGAACACGATCACGTAA,0,5016595
yjbJ_predicted,0.16666666666666666,5,5,CGTCCTACGTGATCGGGAAA,0,4998442
yjbJ_predicted,0.16666666666666666,5,5,CGTCAGCGGCGTTCCTCGGC,0,5026670
yjbJ_predicted,0.16666666666666666,5,5,CGTATACTCCCACTAGGGTA,0,5014973
yjbJ_predicted,0.16666666666666666,5,5,CGTAGAGGAACGGTTATAGG,0,5024280
yjbJ_predicted,0.16666666666666666,5,5,CGTACGCGCCGGCCAAGATC,0,5014015
yjbJ_predicted,0.16666666666666666,5,5,CGGTTGCGCAACCTATCATT,0,5008510
yjbJ_predicted,0.16666666666666666,5,5,CGGTTCTATGGCGATCTATA,0,5021642
yjbJ_predicted,0.16666666666666666,5,5,CGGTTCAATCATGCATTCGG,0,5029896
yjbJ_predicted,0.16666666666666666,5,5,CGGTCAGTAGTATCTGGGGA,0,5003576
yjbJ_predicted,0.16666666666666666,5,5,CGGTACCATGGAATACGTTA,0,5022370
yjbJ_predicted,0.16666666666666666,5,5,CGGGTTGTATATGAGAGGTT,0,5019691
yjbJ_predicted,0.16666666666666666,5,5,CGGGTTCATGGTCATTGCCC,0,5024422
yjbJ_predicted,0.16666666666666666,5,5,CGGGGCGCTGGTCCACACAC,0,5000388
yjbJ_predicted,0.16666666666666666,5,5,CGGGCGGTTGGAGGGTGATA,0,5002623
yjbJ_predicted,0.16666666666666666,5,5,CGGATCCGCCTATTCGCCGG,0,5021091
yjbJ_predicted,0.16666666666666666,5,5,CGCTGTCGCCCGGTTCAGGG,0,5019252
yjbJ_predicted,0.16666666666666666,5,5,CGCTCATCTTGAAATCGACA,0,5026030
yjbJ_predicted,0.16666666666666666,5,5,CGCGCCAACTATTTCCCGTA,0,5009106
yjbJ_predicted,0.16666666666666666,5,5,CGCGAACGTTCTGTTCATAA,0,5010167
yjbJ_predicted,0.16666666666666666,5,5,CGCCTTGGGAACTGAGACGA,0,5015217
yjbJ_predicted,0.16666666666666666,5,5,CGCCTCGACCACTCGGCTAG,0,5014802
yjbJ_predicted,0.16666666666666666,5,5,CGCCGGTCACCAGACAGCCT,0,5027404
yjbJ_predicted,0.16666666666666666,5,5,CGCAGTATGGTAAGTGGTGA,0,5023946
yjbJ_predicted,0.16666666666666666,5,5,CGCAGGTCTTGTTGGGAATT,0,5023880
yjbJ_predicted,0.16666666666666666,5,5,CGCAGGGATATCCGGGACAG,0,5004019
yjbJ_predicted,0.16666666666666666,5,5,CGAGTAGAGCGTAATCACTA,0,4997376
yjbJ_predicted,0.16666666666666666,5,5,CGAGGCAGTGTTAAAATATT,0,4997851
yjbJ_predicted,0.16666666666666666,5,5,CGAGCTGATTTTGCAACGGA,0,5006123
yjbJ_predicted,0.16666666666666666,5,5,CGAGCCGTTGATCGGGTGGT,0,5020739
yjbJ_predicted,0.16666666666666666,5,5,CGAGCCAATTAGGGTTCCTC,0,4995223
yjbJ_predicted,0.16666666666666666,5,5,CGAGATGTAAAGCATATCCC,0,5019751
yjbJ_predicted,0.16666666666666666,5,5,CGACAACTCCTTCCATGGGC,0,5013376
yjbJ_predicted,0.16666666666666666,5,5,CGAATTCTGTTCCAACCTAT,0,5027251
yjbJ_predicted,0.16666666666666666,5,5,CGAAGGCAGTTGATGGACGG,0,5004010
yjbJ_predicted,0.16666666666666666,5,5,CCTTTGAGGGGGAACCCGGT,0,5030414
yjbJ_predicted,0.16666666666666666,5,5,CCTTGCAATTCTACACGATG,0,5009217
yjbJ_predicted,0.16666666666666666,5,5,CCTTCGTGGCGTTCCGACTA,0,5008017
yjbJ_predicted,0.16666666666666666,5,5,CCTTCCTCAAGGGAAAGGTG,0,5015478
yjbJ_predicted,0.16666666666666666,5,5,CCTGGTGACAAGTCCACGAT,0,5011169
yjbJ_predicted,0.16666666666666666,5,5,CCTGGTCCTCACCGGCTGTA,0,5030441
yjbJ_predicted,0.16666666666666666,5,5,CCTGGAAGTCCAGAAGTTAC,0,5027314
yjbJ_predicted,0.16666666666666666,5,5,CCTGCTCGATCAACTCAAAT,0,5002875
yjbJ_predicted,0.16666666666666666,5,5,CCTCTCGCGGGGACGCCGCT,0,5017171
yjbJ_predicted,0.16666666666666666,5,5,CCTCCGAACTATAAGTGGTC,0,5014435
yjbJ_predicted,0.16666666666666666,5,5,CCTCCCGAATAGTTCCGTGA,0,4998691
yjbJ_predicted,0.16666666666666666,5,5,CCTAGTTCCTGGCGGAGAAA,0,5003117
yjbJ_predicted,0.16666666666666666,5,5,CCTAAGGATCATGAAATGCA,0,5013118
yjbJ_predicted,0.16666666666666666,5,5,CCTAAATTTTTACTTAGTGA,0,5026843
yjbJ_predicted,0.16666666666666666,5,5,CCGTTGGATTAGTAGGGTAC,0,5004190
yjbJ_predicted,0.16666666666666666,5,5,CCGTGCCCTTCCCCTTGCGT,0,5012207
yjbJ_predicted,0.16666666666666666,5,5,CCGTCATGCACCCCCGACGT,0,5017055
yjbJ_predicted,0.16666666666666666,5,5,CCGTATTGGGAATGAACTAT,0,5012899
yjbJ_predicted,0.16666666666666666,5,5,CCGTAGTTAGAAGTCCGTTT,0,5012887
yjbJ_predicted,0.16666666666666666,5,5,CCGGGCATTCAGGTAGTGTC,0,4999484
yjbJ_predicted,0.16666666666666666,5,5,CCGGCGAGGTTACGTGGTTA,0,5004607
yjbJ_predicted,0.16666666666666666,5,5,CCGGCCGGTACAGGTTCACT,0,5019433
yjbJ_predicted,0.16666666666666666,5,5,CCGCTTCGTAAGGTCTGTGA,0,5007619
yjbJ_predicted,0.16666666666666666,5,5,CCGCGAATCCTGCCCCCGTG,0,5012609
yjbJ_predicted,0.16666666666666666,5,5,CCGCCTAAAGTCGGGGTCTT,0,5005085
yjbJ_predicted,0.16666666666666666,5,5,CCGCCGCCTAAAGTGACTCA,0,5027789
yjbJ_predicted,0.16666666666666666,5,5,CCGATGGAACAGATATGATA,0,4999534
yjbJ_predicted,0.16666666666666666,5,5,CCCTCCCTCGAACGTAGTTG,0,5024903
yjbJ_predicted,0.16666666666666666,5,5,CCCTCCATTCGAAGGAATCA,0,5013385
yjbJ_predicted,0.16666666666666666,5,5,CCCGCGCGTACACCGTTGTA,0,5008657
yjbJ_predicted,0.16666666666666666,5,5,CCCCCTGGACAACAGGGTGT,0,5031072
yjbJ_predicted,0.16666666666666666,5,5,CCCCCAGGTGGCTGCAAGGA,0,5011172
yjbJ_predicted,0.16666666666666666,5,5,CCCATTAGACATGGTGAGGC,0,5016101
yjbJ_predicted,0.16666666666666666,5,5,CCCATGATACGCAGCGGCAG,0,5018100
yjbJ_predicted,0.16666666666666666,5,5,CCCAATTTAAGAGACGCCCC,0,5009593
yjbJ_predicted,0.16666666666666666,5,5,CCATGTAGTATCTTTTCAGA,0,5030017
yjbJ_predicted,0.16666666666666666,5,5,CCATGGGGTTCGTGTAGAAT,0,5004545
yjbJ_predicted,0.16666666666666666,5,5,CCATCGTGTACCACCGCACG,0,5000634
yjbJ_predicted,0.16666666666666666,5,5,CCATAGATTCGCCATTGCGT,0,4996808
yjbJ_predicted,0.16666666666666666,5,5,CCAGGTCCAATGCTCGAAAC,0,4995071
yjbJ_predicted,0.16666666666666666,5,5,CCAGCCCTGATAAGGTCATA,0,5028273
yjbJ_predicted,0.16666666666666666,5,5,CCACCCTCCAACAACTGGCA,0,5000327
yjbJ_predicted,0.16666666666666666,5,5,CCAATCCGCACCGGGTTTAT,0,5020940
yjbJ_predicted,0.16666666666666666,5,5,CCAAGCTCCGTTGTGATTAT,0,5001832
yjbJ_predicted,0.16666666666666666,5,5,CCAACAAAGTTCAATCTCAT,0,5008693
yjbJ_predicted,0.16666666666666666,5,5,CCAAAGAAATTCCTTTAGGC,0,5023732
yjbJ_predicted,0.16666666666666666,5,5,CATTTTTAGTCCCGCTTTTT,0,4998594
yjbJ_predicted,0.16666666666666666,5,5,CATTGGGGCTGCATTTAAAC,0,5000817
yjbJ_predicted,0.16666666666666666,5,5,CATTATTCGTGGAATGTCTC,0,5005632
yjbJ_predicted,0.16666666666666666,5,5,CATGTCGTGGGCCACCCCGT,0,5009352
yjbJ_predicted,0.16666666666666666,5,5,CATGAGGGTGACGAGTTATC,0,5010611
yjbJ_predicted,0.16666666666666666,5,5,CATGAGGCCGTACTGGGGGT,0,5011659
yjbJ_predicted,0.16666666666666666,5,5,CATCAGGAACTGCACGCAGT,0,5029741
yjbJ_predicted,0.16666666666666666,5,5,CATATGATAAAGTGACCCGA,0,5009841
yjbJ_predicted,0.16666666666666666,5,5,CATACTTCAGACGAACCCGC,0,5004332
yjbJ_predicted,0.16666666666666666,5,5,CATACGTCATTCGGCCGTTT,0,4997084
yjbJ_predicted,0.16666666666666666,5,5,CATACCTAGTCGCGGATGCA,0,5022848
yjbJ_predicted,0.16666666666666666,5,5,CAGTTTGTCACTGGAGGGGT,0,5021455
yjbJ_predicted,0.16666666666666666,5,5,CAGTTTATTATGTCGGACGT,0,5030661
yjbJ_predicted,0.16666666666666666,5,5,CAGTTAACGCATGATATTTC,0,5018003
yjbJ_predicted,0.16666666666666666,5,5,CAGTCTACTCATGTTGGCAA,0,5006744
yjbJ_predicted,0.16666666666666666,5,5,CAGTCAGCTTAAGAGCCCGG,0,5002141
yjbJ_predicted,0.16666666666666666,5,5,CAGTATATAACCCCCATGAC,0,5016251
yjbJ_predicted,0.16666666666666666,5,5,CAGCGCGTATCCGGTCAAAA,0,5000237
yjbJ_predicted,0.16666666666666666,5,5,CAGCCGCGGTACATGAAGCC,0,4998283
yjbJ_predicted,0.16666666666666666,5,5,CAGATCTTCTATTTCCTGTA,0,5010186
yjbJ_predicted,0.16666666666666666,5,5,CAGACTGGTAGATCGTGCTT,0,4999606
yjbJ_predicted,0.16666666666666666,5,5,CAGAAGTCAGACGTGGAGCA,0,5009963
yjbJ_predicted,0.16666666666666666,5,5,CACTTAGTCGTATGTTCTAA,0,5001167
yjbJ_predicted,0.16666666666666666,5,5,CACTTACGCTGTCTGGGTTG,0,5022611
yjbJ_predicted,0.16666666666666666,5,5,CACTCTGAGCCAGCAAAGGA,0,4997478
yjbJ_predicted,0.16666666666666666,5,5,CACTATCTAGAAAACAACTC,0,5018604
yjbJ_predicted,0.16666666666666666,5,5,CACGTTTAGGATAATCCAGT,0,4997982
yjbJ_predicted,0.16666666666666666,5,5,CACGTAAGGCGCAGCAAATC,0,5014950
yjbJ_predicted,0.16666666666666666,5,5,CACCCATGAAAAGTTCCGGA,0,5007192
yjbJ_predicted,0.16666666666666666,5,5,CACATGCGTGTAACGGTCCC,0,5010735
yjbJ_predicted,0.16666666666666666,5,5,CACATCTGTCGCTAGCGAAT,0,5010434
yjbJ_predicted,0.16666666666666666,5,5,CACAGCTCATTAGCCTTTTG,0,5021108
yjbJ_predicted,0.16666666666666666,5,5,CACACTATCAAAATAGAAGT,0,5020435
yjbJ_predicted,0.16666666666666666,5,5,CAATCCTTGGACTTGTGCTA,0,5020526
yjbJ_predicted,0.16666666666666666,5,5,CAAGGCGGCCTTATTCCCTT,0,5009273
yjbJ_predicted,0.16666666666666666,5,5,CAACGCTCCATCCGACCAGG,0,5012064
yjbJ_predicted,0.16666666666666666,5,5,CAACCTCTCAAGAAGATTTA,0,5012755
yjbJ_predicted,0.16666666666666666,5,5,CAACAGATCTCTCGAGCACT,0,5011022
yjbJ_predicted,0.16666666666666666,5,5,CAAATCCGAGCCGGAGGTAA,0,5001195
yjbJ_predicted,0.16666666666666666,5,5,CAAAGTTACCCGGCTAAGAC,0,5024340
yjbJ_predicted,0.16666666666666666,5,5,CAAAATTCGTTTGTTCATCT,0,5013722
yjbJ_predicted,0.16666666666666666,5,5,CAAAAGTGGTTCCTTAAAGG,0,5028089
yjbJ_predicted,0.16666666666666666,5,5,CAAAAGGACACTGTACGAGA,0,5014600
yjbJ_predicted,0.16666666666666666,5,5,ATTTTGGGTGCAGAGGCCGG,0,5030918
yjbJ_predicted,0.16666666666666666,5,5,ATTTGTGGCCCACATGCGGA,0,5016785
yjbJ_predicted,0.16666666666666666,5,5,ATTTCTCGGAACAAAACATT,0,5027011
yjbJ_predicted,0.16666666666666666,5,5,ATTTATAGGCTTCAATAGGT,0,5029129
yjbJ_predicted,0.16666666666666666,5,5,ATTTAGCATTTATCGCATGA,0,5029079
yjbJ_predicted,0.16666666666666666,5,5,ATTGTCGATTACTCGCGTAG,0,5027256
yjbJ_predicted,0.16666666666666666,5,5,ATTGGCTTCAATCAGAACGC,0,5031003
yjbJ_predicted,0.16666666666666666,5,5,ATTGGCAGTAAGTTCCGAGT,0,5004654
yjbJ_predicted,0.16666666666666666,5,5,ATTGCTCGGGTGAAAATCAG,0,5005054
yjbJ_predicted,0.16666666666666666,5,5,ATTGCAGGATCGAGGGCATA,0,5019901
yjbJ_predicted,0.16666666666666666,5,5,ATTCTAACGGTGGGGATTCA,0,5003359
yjbJ_predicted,0.16666666666666666,5,5,ATTCGGGGTGAAACCAGCTG,0,5010267
yjbJ_predicted,0.16666666666666666,5,5,ATTCGCACCCGCGTTGAGAA,0,4998219
yjbJ_predicted,0.16666666666666666,5,5,ATTATGACTGCCACCCGAGT,0,5029403
yjbJ_predicted,0.16666666666666666,5,5,ATTACAGAGCGGAATGGTTC,0,5005285
yjbJ_predicted,0.16666666666666666,5,5,ATGTTTTTTTGGGGGAGGCC,0,5004274
yjbJ_predicted,0.16666666666666666,5,5,ATGTGCTGTACACATCGATA,0,4998635
yjbJ_predicted,0.16666666666666666,5,5,ATGTCTATTGAAAAACACTG,0,5020271
yjbJ_predicted,0.16666666666666666,5,5,ATGCCGCCCAGGTGACTCTC,0,4996113
yjbJ_predicted,0.16666666666666666,5,5,ATGCAACGTGGCAGTCCTCA,0,5001322
yjbJ_predicted,0.16666666666666666,5,5,ATGAGCACTCCCGGAACTGA,0,5019263
yjbJ_predicted,0.16666666666666666,5,5,ATGAATCGCCGATAGCGGTA,0,5016160
yjbJ_predicted,0.16666666666666666,5,5,ATGAAGGTTCCAAGATCCGA,0,5000665
yjbJ_predicted,0.16666666666666666,5,5,ATGAACGATCATAGGTAAGT,0,5006240
yjbJ_predicted,0.16666666666666666,5,5,ATCTTCCAGTATAACTCGGG,0,5021145
yjbJ_predicted,0.16666666666666666,5,5,ATCTGTCCAGACCGTCGCAA,0,5020914
yjbJ_predicted,0.16666666666666666,5,5,ATCTGCGGTAACCACCCATT,0,5024542
yjbJ_predicted,0.16666666666666666,5,5,ATCTCCAGGTACGGCTGATT,0,5022730
yjbJ_predicted,0.16666666666666666,5,5,ATCGGTTCCCGAGTTGGCAG,0,4996722
yjbJ_predicted,0.16666666666666666,5,5,ATCCTGGGAAAGGGCTGACC,0,5005894
yjbJ_predicted,0.16666666666666666,5,5,ATCCTATCCTGGTGTTGCTG,0,5014129
yjbJ_predicted,0.16666666666666666,5,5,ATCCGTTCTAGAATAACCTT,0,4996348
yjbJ_predicted,0.16666666666666666,5,5,ATCCGAGAGCTTAGAGAAAC,0,5021166
yjbJ_predicted,0.16666666666666666,5,5,ATCATGTTCATCCAGCTTAC,0,5016270
yjbJ_predicted,0.16666666666666666,5,5,ATATTGACGGCCAATTACAA,0,5028787
yjbJ_predicted,0.16666666666666666,5,5,ATATTCGAGTTATTACCGCT,0,5004014
yjbJ_predicted,0.16666666666666666,5,5,ATATGAGGGCAGTCAGTACA,0,5010042
yjbJ_predicted,0.16666666666666666,5,5,ATATCCATTAGCACGCGTCC,0,5012740
yjbJ_predicted,0.16666666666666666,5,5,ATAGCGCCGCTACGGAGTGA,0,5023236
yjbJ_predicted,0.16666666666666666,5,5,ATAGCGAAGTGTTTGTGTGG,0,5030289
yjbJ_predicted,0.16666666666666666,5,5,ATAGCACAAAAGCGTAATAG,0,4998564
yjbJ_predicted,0.16666666666666666,5,5,ATACGTACCATGGGGAGTAC,0,5025473
yjbJ_predicted,0.16666666666666666,5,5,ATACCCGCAGCGTGTAAAGG,0,5010221
yjbJ_predicted,0.16666666666666666,5,5,ATAATGAGCGCCCGTCAGTG,0,5008736
yjbJ_predicted,0.16666666666666666,5,5,ATAATCAAGCTTTCACATGC,0,5013205
yjbJ_predicted,0.16666666666666666,5,5,ATAAGGGGTATTACGGGAAA,0,5012401
yjbJ_predicted,0.16666666666666666,5,5,ATAAACGGCTTCACGCCAGC,0,4996963
yjbJ_predicted,0.16666666666666666,5,5,AGTTTGAGGCATTTTTTGAT,0,5002866
yjbJ_predicted,0.16666666666666666,5,5,AGTTGCGGGCGTACGGCATG,0,5009694
yjbJ_predicted,0.16666666666666666,5,5,AGTCTCCTTTAGAGGGCTAT,0,5018208
yjbJ_predicted,0.16666666666666666,5,5,AGTCTCCCGAGCCGATCAGA,0,5018465
yjbJ_predicted,0.16666666666666666,5,5,AGTCAAGATCGCAATAGTGT,0,5017239
yjbJ_predicted,0.16666666666666666,5,5,AGTCAAATCGGGACACTCTT,0,5018920
yjbJ_predicted,0.16666666666666666,5,5,AGTAGTAAGATACAGCTTCA,0,5001087
yjbJ_predicted,0.16666666666666666,5,5,AGTAGCGCATGGGATATACG,0,5005179
yjbJ_predicted,0.16666666666666666,5,5,AGTACAAGAGGCTGCAAGAT,0,5030264
yjbJ_predicted,0.16666666666666666,5,5,AGTAATACTCGATGTGGAGG,0,5002033
yjbJ_predicted,0.16666666666666666,5,5,AGGTTGAGCCCTCGGGATAA,0,5012517
yjbJ_predicted,0.16666666666666666,5,5,AGGTTCCTAATTTTATGGTT,0,5021128
yjbJ_predicted,0.16666666666666666,5,5,AGGTGAAACCCAGATCTGGC,0,5005800
yjbJ_predicted,0.16666666666666666,5,5,AGGTCCCATGTCTGCTGCAG,0,5012738
yjbJ_predicted,0.16666666666666666,5,5,AGGTAGGCTGATGGGATATT,0,5005801
yjbJ_predicted,0.16666666666666666,5,5,AGGTAACGGCCGGCACGCGA,0,5023676
yjbJ_predicted,0.16666666666666666,5,5,AGGGTTCAAATCCGCAGTAA,0,5028261
yjbJ_predicted,0.16666666666666666,5,5,AGGGGCTGGGAACAGCGCGC,0,4996276
yjbJ_predicted,0.16666666666666666,5,5,AGGGCGTGTTCATTAGTTCG,0,5005145
yjbJ_predicted,0.16666666666666666,5,5,AGGGACAAGGCTGCCAGGCC,0,5021739
yjbJ_predicted,0.16666666666666666,5,5,AGGCTGCATAGTCATGTACA,0,5026359
yjbJ_predicted,0.16666666666666666,5,5,AGGCAGCAAGTGGGGCGATA,0,5010188
yjbJ_predicted,0.16666666666666666,5,5,AGGAGTCCATTCATGCCTGA,0,5007856
yjbJ_predicted,0.16666666666666666,5,5,AGGAGGTAATGGCGCTTCGC,0,5012793
yjbJ_predicted,0.16666666666666666,5,5,AGGACTTGTGAGTTAGAAAT,0,5015318
yjbJ_predicted,0.16666666666666666,5,5,AGGAAGCCCATCCTAATGCA,0,5028806
yjbJ_predicted,0.16666666666666666,5,5,AGCTGGGGGTTATACGTAAC,0,5008687
yjbJ_predicted,0.16666666666666666,5,5,AGCTGCGACCCTCCGTCGGG,0,4998656
yjbJ_predicted,0.16666666666666666,5,5,AGCTACTTACACTGTCAATT,0,5000143
yjbJ_predicted,0.16666666666666666,5,5,AGCTAACTCTGCGGGTTATT,0,5017502
yjbJ_predicted,0.16666666666666666,5,5,AGCTAAAGCATATTGACCAT,0,5022472
yjbJ_predicted,0.16666666666666666,5,5,AGCGCGCGTTTCATGTGTGT,0,5000724
yjbJ_predicted,0.16666666666666666,5,5,AGCGACAAGGAGGTTAAGCA,0,5017270
yjbJ_predicted,0.16666666666666666,5,5,AGCCGTCAGCCCCCTCGATT,0,5006066
yjbJ_predicted,0.16666666666666666,5,5,AGCCATTGCGAATTCCCTGC,0,4996689
yjbJ_predicted,0.16666666666666666,5,5,AGCCAGCCTGTGATCCTGGC,0,5020028
yjbJ_predicted,0.16666666666666666,5,5,AGCCAAAGAAGTCTACAGGA,0,5011724
yjbJ_predicted,0.16666666666666666,5,5,AGCATATCTAATATCATAAA,0,5008496
yjbJ_predicted,0.16666666666666666,5,5,AGCAGTTAGCAGGCGCGCTG,0,5015300
yjbJ_predicted,0.16666666666666666,5,5,AGATTCCTCTCACGAATGCT,0,5008891
yjbJ_predicted,0.16666666666666666,5,5,AGAGGAGCAGCATGCGGTGA,0,5008500
yjbJ_predicted,0.16666666666666666,5,5,AGAGAGTTGAGGACAGATCG,0,5005355
yjbJ_predicted,0.16666666666666666,5,5,AGACTCCGAGGCGAGGCTGC,0,4998486
yjbJ_predicted,0.16666666666666666,5,5,AGACCTTGACGCCTCTAATT,0,5007218
yjbJ_predicted,0.16666666666666666,5,5,AGAATTGTTCAGTGAAAAAC,0,5009609
yjbJ_predicted,0.16666666666666666,5,5,AGAATGGGGGTACTCCACTG,0,5005113
yjbJ_predicted,0.16666666666666666,5,5,AGAATCGGATTAAACTTTAT,0,5013236
yjbJ_predicted,0.16666666666666666,5,5,AGAAGGATTTATTCCCTCCC,0,5019699
yjbJ_predicted,0.16666666666666666,5,5,AGAAAGAGTTGGCTATCATG,0,5012782
yjbJ_predicted,0.16666666666666666,5,5,ACTTATATGAAATGACCATG,0,5005517
yjbJ_predicted,0.16666666666666666,5,5,ACTTAGACACGTTAATTGCT,0,5024101
yjbJ_predicted,0.16666666666666666,5,5,ACTGGCACGTTGCGAACTTA,0,4998736
yjbJ_predicted,0.16666666666666666,5,5,ACTCTACCTTTGTAAACTGT,0,4994818
yjbJ_predicted,0.16666666666666666,5,5,ACTCGGGGCCGTACAACCAT,0,5017724
yjbJ_predicted,0.16666666666666666,5,5,ACTCCTGCAGACCGGGAGAT,0,4994779
yjbJ_predicted,0.16666666666666666,5,5,ACTCCACCAAGGAGTCCGGT,0,5007129
yjbJ_predicted,0.16666666666666666,5,5,ACTAGTTTAGGGCAGGTCAC,0,5013309
yjbJ_predicted,0.16666666666666666,5,5,ACTACAGATCTTTCGAAAGC,0,5012190
yjbJ_predicted,0.16666666666666666,5,5,ACGTTTTGCGGGTGTCCCCA,0,4997207
yjbJ_predicted,0.16666666666666666,5,5,ACGTTTCATTTTGCGAAATC,0,5020051
yjbJ_predicted,0.16666666666666666,5,5,ACGTTAGTGGGTGTGGCTCA,0,5014949
yjbJ_predicted,0.16666666666666666,5,5,ACGTCACAATATCGCGACAC,0,5023130
yjbJ_predicted,0.16666666666666666,5,5,ACGGTTTACTTGTTCATACA,0,5008547
yjbJ_predicted,0.16666666666666666,5,5,ACGGGAGTCTGCTACAATTG,0,5009020
yjbJ_predicted,0.16666666666666666,5,5,ACGGCTCCTTCCTGTACAAC,0,4995509
yjbJ_predicted,0.16666666666666666,5,5,ACGGATGTTTCAGAGTGTCA,0,4997167
yjbJ_predicted,0.16666666666666666,5,5,ACGGACGTTATAGATAGGGT,0,5012969
yjbJ_predicted,0.16666666666666666,5,5,ACGCGTCAATTCAAACACGC,0,4997894
yjbJ_predicted,0.16666666666666666,5,5,ACGCGGTATCTGCCGAGCCG,0,4996297
yjbJ_predicted,0.16666666666666666,5,5,ACGCCTTCTTAATTTACAAA,0,5019560
yjbJ_predicted,0.16666666666666666,5,5,ACGCCGCCTTTAAACGCTTG,0,5003084
yjbJ_predicted,0.16666666666666666,5,5,ACGCAGTGATACTAGACGTC,0,5013696
yjbJ_predicted,0.16666666666666666,5,5,ACGCACTCTCCTAGCAGTTT,0,5011714
yjbJ_predicted,0.16666666666666666,5,5,ACGATAGGCTGTATCTTACC,0,5015031
yjbJ_predicted,0.16666666666666666,5,5,ACGAGGTTCGCGAGGTCACT,0,5012570
yjbJ_predicted,0.16666666666666666,5,5,ACGAATTGGCGACTTTTGAA,0,5017048
yjbJ_predicted,0.16666666666666666,5,5,ACGAAATAGGGGCACTCCGT,0,5004308
yjbJ_predicted,0.16666666666666666,5,5,ACCTGTCTAGGATCAGCGGC,0,5022682
yjbJ_predicted,0.16666666666666666,5,5,ACCGTTAGCCCCGCGTTTAA,0,5025450
yjbJ_predicted,0.16666666666666666,5,5,ACCGCGGCGTGACGTCGGGT,0,5026177
yjbJ_predicted,0.16666666666666666,5,5,ACCCTTCAGCAGAGGTTCGG,0,4995997
yjbJ_predicted,0.16666666666666666,5,5,ACCCGTCATTTGCAATGATC,0,5001023
yjbJ_predicted,0.16666666666666666,5,5,ACCCAGAAGACTTGTATCTC,0,5011892
yjbJ_predicted,0.16666666666666666,5,5,ACCCACACGGTCTTACAGCT,0,5030409
yjbJ_predicted,0.16666666666666666,5,5,ACCATTCTCCAGAATCCGTT,0,5009258
yjbJ_predicted,0.16666666666666666,5,5,ACCATGAAAGGCGTGCAGTT,0,5000213
yjbJ_predicted,0.16666666666666666,5,5,ACCACGCAAAGAACCAAGTG,0,5001294
yjbJ_predicted,0.16666666666666666,5,5,ACATTTCCTGCACTCAAGGA,0,5014645
yjbJ_predicted,0.16666666666666666,5,5,ACATGGGAGCGATTGTGACT,0,5013692
yjbJ_predicted,0.16666666666666666,5,5,ACATGATCGCCTGGGAATCT,0,5009810
yjbJ_predicted,0.16666666666666666,5,5,ACATCTCGATACCCATGAAC,0,5007733
yjbJ_predicted,0.16666666666666666,5,5,ACATCACCTCGGCCGGTACA,0,4999670
yjbJ_predicted,0.16666666666666666,5,5,ACATAGCATGTCCCTTATTG,0,5000913
yjbJ_predicted,0.16666666666666666,5,5,ACATACGGGTTCGTGGATTT,0,5028833
yjbJ_predicted,0.16666666666666666,5,5,ACAGGGCATGGTGCCTCGTG,0,5007508
yjbJ_predicted,0.16666666666666666,5,5,ACAGGAGCCCTTAGCGGACA,0,5019435
yjbJ_predicted,0.16666666666666666,5,5,ACAGCTCGGCGGTGTGCGTG,0,5018296
yjbJ_predicted,0.16666666666666666,5,5,ACAGCCTACTGGGCAAGCGC,0,4995930
yjbJ_predicted,0.16666666666666666,5,5,ACAGCAGCCAATATAGGAGA,0,5011837
yjbJ_predicted,0.16666666666666666,5,5,ACAGCACTCCTTGACGACAT,0,5018625
yjbJ_predicted,0.16666666666666666,5,5,ACAGATGAAATTTGGAGATG,0,5005469
yjbJ_predicted,0.16666666666666666,5,5,ACAGACGGAGGTAATGTGGC,0,5011712
yjbJ_predicted,0.16666666666666666,5,5,ACAGACATCTCGATTTAGCC,0,5024967
yjbJ_predicted,0.16666666666666666,5,5,ACACTGACTGATCATGCTTC,0,5009859
yjbJ_predicted,0.16666666666666666,5,5,ACACGGTCACCGCGTTATCA,0,5002105
yjbJ_predicted,0.16666666666666666,5,5,ACACGAGTGACTCGGTTATC,0,5013130
yjbJ_predicted,0.16666666666666666,5,5,ACACCGGAGTCTTATAGACA,0,5027402
yjbJ_predicted,0.16666666666666666,5,5,ACACAGTGCCTTGAACGAAC,0,5020904
yjbJ_predicted,0.16666666666666666,5,5,ACACACATGGAACGTTCTAC,0,5000488
yjbJ_predicted,0.16666666666666666,5,5,ACAATAGAGCCGAACCACCT,0,5029980
yjbJ_predicted,0.16666666666666666,5,5,ACAACGAGCACAAAAAGAAT,0,5019951
yjbJ_predicted,0.16666666666666666,5,5,ACAAAGTTTCTTCTGCAAGT,0,5015327
yjbJ_predicted,0.16666666666666666,5,5,ACAAAGTAAGACCACAGAAA,0,5019101
yjbJ_predicted,0.16666666666666666,5,5,ACAAAGCGGCTCTATGGACT,0,5024392
yjbJ_predicted,0.16666666666666666,5,5,AATTGTTAACAAGGGCGAAT,0,5030824
yjbJ_predicted,0.16666666666666666,5,5,AATTATGGAAAACATGGAAA,0,5022435
yjbJ_predicted,0.16666666666666666,5,5,AATGTTAACGAAGTGTTCCC,0,5013166
yjbJ_predicted,0.16666666666666666,5,5,AATGGGATAGGGAGCAATTA,0,5023212
yjbJ_predicted,0.16666666666666666,5,5,AATGGATGTGGCAAGAGCCA,0,4998999
yjbJ_predicted,0.16666666666666666,5,5,AATGCGTTATCATCGGCGAC,0,5003565
yjbJ_predicted,0.16666666666666666,5,5,AATGATGTGGGACCGACCAG,0,4996524
yjbJ_predicted,0.16666666666666666,5,5,AATGAACCACGTTCATGGGT,0,5026531
yjbJ_predicted,0.16666666666666666,5,5,AATCTCTAGGCTGCTCGCAA,0,5021311
yjbJ_predicted,0.16666666666666666,5,5,AATCCTCACGGTCCCTCTCC,0,5025588
yjbJ_predicted,0.16666666666666666,5,5,AATAGCTCGTCTGATCTGTG,0,5011291
yjbJ_predicted,0.16666666666666666,5,5,AATAGCATAGAAGTAGCCCT,0,5026997
yjbJ_predicted,0.16666666666666666,5,5,AATACGAACAGCCTGTACGT,0,5018510
yjbJ_predicted,0.16666666666666666,5,5,AAGTTTATATTACTACAAGG,0,5008427
yjbJ_predicted,0.16666666666666666,5,5,AAGTGTTTTCCTGGACGGGG,0,5000912
yjbJ_predicted,0.16666666666666666,5,5,AAGTGCTTGAAGTGCAACCT,0,5001697
yjbJ_predicted,0.16666666666666666,5,5,AAGGGCATTAAATGAGTCAC,0,5020373
yjbJ_predicted,0.16666666666666666,5,5,AAGGACTTACCCGATACTAC,0,5013086
yjbJ_predicted,0.16666666666666666,5,5,AAGCTTAATAGGTTGAGGTG,0,5027428
yjbJ_predicted,0.16666666666666666,5,5,AAGCCGCCTGGCTGCAGAGA,0,4996515
yjbJ_predicted,0.16666666666666666,5,5,AAGCCCGTCGATTGAGTTTA,0,5012757
yjbJ_predicted,0.16666666666666666,5,5,AAGATTGTACAAGGTGCATT,0,5004934
yjbJ_predicted,0.16666666666666666,5,5,AACTTGGGATGACTGCGCAG,0,5027816
yjbJ_predicted,0.16666666666666666,5,5,AACTCACTGGGTGGTTTGCC,0,5019580
yjbJ_predicted,0.16666666666666666,5,5,AACCTGTATCATTAGGGGTC,0,4995744
yjbJ_predicted,0.16666666666666666,5,5,AACCAAACTGCATCACTTGC,0,5029386
yjbJ_predicted,0.16666666666666666,5,5,AACATTAAAAGCTAGATATG,0,5015892
yjbJ_predicted,0.16666666666666666,5,5,AACATGACGCGCGGTTGTGG,0,5002802
yjbJ_predicted,0.16666666666666666,5,5,AACATCGCGGCTGAAATCAT,0,5026208
yjbJ_predicted,0.16666666666666666,5,5,AACAGGTCTAACTCCGACGG,0,5011494
yjbJ_predicted,0.16666666666666666,5,5,AACAGAGCCGTTAGGCGTGC,0,5005372
yjbJ_predicted,0.16666666666666666,5,5,AACACGGCGAGCACACGGCG,0,5026172
yjbJ_predicted,0.16666666666666666,5,5,AAATTGTCTCACAACCGCAC,0,5029289
yjbJ_predicted,0.16666666666666666,5,5,AAATTATGCAACGCGCCCGT,0,4999886
yjbJ_predicted,0.16666666666666666,5,5,AAATACGACCGAATGATATT,0,5004842
yjbJ_predicted,0.16666666666666666,5,5,AAAGTGAAATATGACCCGAG,0,4999665
yjbJ_predicted,0.16666666666666666,5,5,AAAGGGCACCGAGAGGAGCC,0,5015897
yjbJ_predicted,0.16666666666666666,5,5,AAAGGACTGTAAGTCCCCGA,0,5029285
yjbJ_predicted,0.16666666666666666,5,5,AAACGGTAAAGTGTGGGGTA,0,5030185
yjbJ_predicted,0.16666666666666666,5,5,AAACGAGATGGGCTAATTAT,0,5000857
yjbJ_predicted,0.16666666666666666,5,5,AAACCATATTATATTTAGTG,0,5018461
yjbJ_predicted,0.16666666666666666,5,5,AAAATCGTAAGGCGGGAGTT,0,4999510
yjbJ_predicted,0.16666666666666666,5,5,AAAACGGGGGTAATCTGGGC,0,5017203
yjbJ_predicted,0.2,4,4,TTTTTTGGCTATGTGTTGCT,0,5009082
yjbJ_predicted,0.2,4,4,TTTTCTCTTGCCGCTTTTCA,0,5019538
yjbJ_predicted,0.2,4,4,TTTTCAGGTGTCGGGTCTTT,0,4999443
yjbJ_predicted,0.2,4,4,TTTGTCTAACTCCACCAGGG,0,5028142
yjbJ_predicted,0.2,4,4,TTTGTATATCTCCCCTACGT,0,5026710
yjbJ_predicted,0.2,4,4,TTTGCGTGGCTCTGACCCGC,0,5010607
yjbJ_predicted,0.2,4,4,TTTGCACGGTCTACGCACCA,0,5021463
yjbJ_predicted,0.2,4,4,TTTGAGATGGCCAGACTATC,0,5005579
yjbJ_predicted,0.2,4,4,TTTGAAATGGGGAGCGGGCG,0,4995725
yjbJ_predicted,0.2,4,4,TTTCGTACTTAAGGTGCGCA,0,5024788
yjbJ_predicted,0.2,4,4,TTTCGGGGTCCATTTCATAA,0,4999667
yjbJ_predicted,0.2,4,4,TTTCGCAACCCCCTAGTAGC,0,5009429
yjbJ_predicted,0.2,4,4,TTTATACGCAGGTGCGGAGT,0,5015187
yjbJ_predicted,0.2,4,4,TTTAAATAACGACTAACCGT,0,5005623
yjbJ_predicted,0.2,4,4,TTGTTGTGATCCTGGACATT,0,5030881
yjbJ_predicted,0.2,4,4,TTGGTGCCGGCTAAAGGCGT,0,5013536
yjbJ_predicted,0.2,4,4,TTGGGGGTGGTGTCCCGATG,0,5008856
yjbJ_predicted,0.2,4,4,TTGGGACTCAGCGTACAAAT,0,5008879
yjbJ_predicted,0.2,4,4,TTGGCGGTTACCCTGGTAGG,0,5024015
yjbJ_predicted,0.2,4,4,TTGCTACGTGTGGCTGATTC,0,5008325
yjbJ_predicted,0.2,4,4,TTGCGCCATTAGCAATTTAC,0,5009227
yjbJ_predicted,0.2,4,4,TTGCCGGCAGTTATCATGAT,0,5015797
yjbJ_predicted,0.2,4,4,TTGAGTCTCCGTGCCGGGAT,0,4994739
yjbJ_predicted,0.2,4,4,TTCTGAGATAATATTTGGAC,0,5025968
yjbJ_predicted,0.2,4,4,TTCTACAACTCGCTAGCTAT,0,5018239
yjbJ_predicted,0.2,4,4,TTCGTTGTAGTTTCGATTGC,0,5003457
yjbJ_predicted,0.2,4,4,TTCGGCGGTTTACTGAAAGT,0,5006012
yjbJ_predicted,0.2,4,4,TTCGCATAAGCGGCCCAAAG,0,5007470
yjbJ_predicted,0.2,4,4,TTCGAAGTGATCGCCCATGT,0,4995201
yjbJ_predicted,0.2,4,4,TTCCTGGAAAGAGTAGCAGG,0,5005575
yjbJ_predicted,0.2,4,4,TTCCCTCTGGACCTATGTCA,0,5016656
yjbJ_predicted,0.2,4,4,TTCCAGAACATTCACAAAAT,0,5015263
yjbJ_predicted,0.2,4,4,TTCAGCGTACTCGCAGAAGC,0,5029110
yjbJ_predicted,0.2,4,4,TTCAAAGTTGCTTCCCGTAG,0,5014247
yjbJ_predicted,0.2,4,4,TTATTCCGTCTGTCGTAAAG,0,5007245
yjbJ_predicted,0.2,4,4,TTATTCATTTATCTAAATAC,0,5027517
yjbJ_predicted,0.2,4,4,TTATCGACCAATTCAGGGTT,0,5028579
yjbJ_predicted,0.2,4,4,TTAGTTCAGTAGATCTTGGT,0,4998192
yjbJ_predicted,0.2,4,4,TTAGGTCGCTTGAGCCGTGG,0,5020890
yjbJ_predicted,0.2,4,4,TTAGCGTCAGATTTTACGTA,0,5025354
yjbJ_predicted,0.2,4,4,TTAGCCAGATATTGCGTCGG,0,4998490
yjbJ_predicted,0.2,4,4,TTAGATGTCACCCGAATATA,0,5020614
yjbJ_predicted,0.2,4,4,TTAGACCATGTCGCGTTCTT,0,5016152
yjbJ_predicted,0.2,4,4,TTACTACGGCGATGTACGCT,0,5022764
yjbJ_predicted,0.2,4,4,TTACGCGAATTGCGGCAGAA,0,5026609
yjbJ_predicted,0.2,4,4,TTAATGGGGTCTGCGCGTGG,0,5000315
yjbJ_predicted,0.2,4,4,TTAACCTGCGGGTGGTGTAT,0,5018825
yjbJ_predicted,0.2,4,4,TGTTGCTCTCCTATGCTAGA,0,5026559
yjbJ_predicted,0.2,4,4,TGTTAGTTCACATCGCACAG,0,5001198
yjbJ_predicted,0.2,4,4,TGTTAGCCATACGCTCAGGG,0,4996717
yjbJ_predicted,0.2,4,4,TGTCTCGCAGAGTTGTGGGC,0,5000737
yjbJ_predicted,0.2,4,4,TGTCGCGAAAGGCCGAGCAT,0,5021224
yjbJ_predicted,0.2,4,4,TGTCGAGCCTTGGATTACAC,0,5026077
yjbJ_predicted,0.2,4,4,TGTCCGCGGAGGACTGTTCA,0,5014359
yjbJ_predicted,0.2,4,4,TGTATGGGATTTCACAACTG,0,5029126
yjbJ_predicted,0.2,4,4,TGTATAGTGGGACAAACGCG,0,5017286
yjbJ_predicted,0.2,4,4,TGTAGAGACGGGTGTCTGGT,0,5014993
yjbJ_predicted,0.2,4,4,TGGTGTCGTAGATTTTCCGT,0,5019526
yjbJ_predicted,0.2,4,4,TGGTGCTCGGTCTCACGTGT,0,4999735
yjbJ_predicted,0.2,4,4,TGGTGACAAGCGTGCTAAGT,0,5023611
yjbJ_predicted,0.2,4,4,TGGGTTGCTCCAATTCGTAG,0,5030888
yjbJ_predicted,0.2,4,4,TGGGTATTTCTCTCGCCTAC,0,5014615
yjbJ_predicted,0.2,4,4,TGGGTACTACGCAGGCCGGA,0,5024520
yjbJ_predicted,0.2,4,4,TGGGGCCGCATTTAAGCTTC,0,5018721
yjbJ_predicted,0.2,4,4,TGGCCACACAGCCGCAGAAA,0,5021468
yjbJ_predicted,0.2,4,4,TGGCAGAGTCTCGTAATCGA,0,5004807
yjbJ_predicted,0.2,4,4,TGGATACTCGGGGGCGCCCT,0,5017093
yjbJ_predicted,0.2,4,4,TGGAGTATCTGCACCAACCC,0,5025879
yjbJ_predicted,0.2,4,4,TGCTTTGGCGTGATGAGTCT,0,5013936
yjbJ_predicted,0.2,4,4,TGCTTAATTGGAATCAAGGT,0,5013799
yjbJ_predicted,0.2,4,4,TGCTCGAGATACATTTGATC,0,5017893
yjbJ_predicted,0.2,4,4,TGCTAAAATTGGGAGAATAC,0,5015500
yjbJ_predicted,0.2,4,4,TGCGTTAATTTCTCAGGCTA,0,5002852
yjbJ_predicted,0.2,4,4,TGCGGGAGTTTGCATGCGAA,0,5006751
yjbJ_predicted,0.2,4,4,TGCGGACTAAATTACCATCC,0,5021278
yjbJ_predicted,0.2,4,4,TGCGAATTGGTGGTACCCCA,0,5014753
yjbJ_predicted,0.2,4,4,TGCCTTAACTTAGCAAAAAA,0,5013877
yjbJ_predicted,0.2,4,4,TGCCTGCGATAGAACAATTT,0,5022603
yjbJ_predicted,0.2,4,4,TGCCCTGTTCAGGCTATCTG,0,5006092
yjbJ_predicted,0.2,4,4,TGCCCTGGGTAGGGCTCGTT,0,5009699
yjbJ_predicted,0.2,4,4,TGCCCATGCAGGTACCCTCG,0,5016600
yjbJ_predicted,0.2,4,4,TGCCAGCCTTTTCCAATGGT,0,5000789
yjbJ_predicted,0.2,4,4,TGCCACTTTATTGATAATGC,0,5029893
yjbJ_predicted,0.2,4,4,TGCATGAACGGAATGGAGCC,0,4999091
yjbJ_predicted,0.2,4,4,TGCATAGGCGTCCCTGGTCT,0,5003968
yjbJ_predicted,0.2,4,4,TGCACTCCATTCTCTGGCTC,0,5021855
yjbJ_predicted,0.2,4,4,TGATAGTATGTTCGGATTTG,0,5025485
yjbJ_predicted,0.2,4,4,TGACTTTAGCACCCATACGC,0,4997659
yjbJ_predicted,0.2,4,4,TGACTCCGGAGGCACGTCAA,0,5017424
yjbJ_predicted,0.2,4,4,TGACAGGATTCTGGTCGTAC,0,5010374
yjbJ_predicted,0.2,4,4,TGACACATCGGGGCCAACTC,0,5015475
yjbJ_predicted,0.2,4,4,TGAACCTCTCGTAGTCTGCA,0,5007150
yjbJ_predicted,0.2,4,4,TGAACCAGTCATTTTGGACA,0,5022670
yjbJ_predicted,0.2,4,4,TGAAAAATTTTTCGCATACA,0,5025696
yjbJ_predicted,0.2,4,4,TCTTTATTAGAAGGGCTAAG,0,4996956
yjbJ_predicted,0.2,4,4,TCTGGGGTAGCAAGGTACCA,0,5018627
yjbJ_predicted,0.2,4,4,TCTGGAGTCTGGCTTTCAGG,0,5009734
yjbJ_predicted,0.2,4,4,TCTGCTTGGGTGTCCGGATG,0,4995462
yjbJ_predicted,0.2,4,4,TCTGCGGTCATGGTTCTGAT,0,5028927
yjbJ_predicted,0.2,4,4,TCTGATCGTATAGACCACGG,0,5002952
yjbJ_predicted,0.2,4,4,TCTATTTTACCGGTCAGATC,0,5006565
yjbJ_predicted,0.2,4,4,TCTATATCCTCACCATGAGG,0,5013545
yjbJ_predicted,0.2,4,4,TCTATAATTCGGGCTTATTT,0,4998050
yjbJ_predicted,0.2,4,4,TCTACTTTGAACGGTTTCAA,0,5014134
yjbJ_predicted,0.2,4,4,TCGTTCTGCTACTTACGACA,0,5018518
yjbJ_predicted,0.2,4,4,TCGTCTGTAGACGAGCTCCA,0,5030771
yjbJ_predicted,0.2,4,4,TCGTCTGGGTGCAGCAACCA,0,5017259
yjbJ_predicted,0.2,4,4,TCGTAGGATGGCAAATACAT,0,5008009
yjbJ_predicted,0.2,4,4,TCGTACTGATGCTACTTTAC,0,5018237
yjbJ_predicted,0.2,4,4,TCGGTTCATGGCTAATCCGT,0,4996323
yjbJ_predicted,0.2,4,4,TCGGGGCGCACAGTGACCAT,0,5016534
yjbJ_predicted,0.2,4,4,TCGGGCAGGAACCATTAGGA,0,5024151
yjbJ_predicted,0.2,4,4,TCGGCACTAGTGCGGGATCT,0,5002326
yjbJ_predicted,0.2,4,4,TCGGAGTTCGCCTGATCAGA,0,5016468
yjbJ_predicted,0.2,4,4,TCGGAGGGATCAAATCACGA,0,5000622
yjbJ_predicted,0.2,4,4,TCGGACCCCCAGCCAAAGAA,0,4999245
yjbJ_predicted,0.2,4,4,TCGCGGTGCCATCGAAAAGA,0,5024285
yjbJ_predicted,0.2,4,4,TCGCGACACTTCCCGCATCA,0,5010194
yjbJ_predicted,0.2,4,4,TCGCCATTGCATGATTGCCC,0,5011365
yjbJ_predicted,0.2,4,4,TCGCAAACGGGCTGAACCGA,0,5013764
yjbJ_predicted,0.2,4,4,TCGATTAAGGGGGCCAGATG,0,5015923
yjbJ_predicted,0.2,4,4,TCGACGATTTATGTCCGTTC,0,5016642
yjbJ_predicted,0.2,4,4,TCGACAGCGTGGGGGCGCCT,0,5004399
yjbJ_predicted,0.2,4,4,TCGAATTACATTTGGCTCGA,0,5007830
yjbJ_predicted,0.2,4,4,TCCGGTTCCGTCTTGATCGC,0,5000417
yjbJ_predicted,0.2,4,4,TCCGCGGGGAAGTTCTCCAT,0,5028894
yjbJ_predicted,0.2,4,4,TCCCCATGAAGAATTTGTTA,0,5020116
yjbJ_predicted,0.2,4,4,TCCCAGGGGGTGGCTCGAAG,0,5017450
yjbJ_predicted,0.2,4,4,TCCCAACAGGCGTAGCCTCA,0,5007199
yjbJ_predicted,0.2,4,4,TCAGTTTTCTCACGAACTGA,0,5008274
yjbJ_predicted,0.2,4,4,TCAGTGGAAAAGGAAATCTG,0,5009504
yjbJ_predicted,0.2,4,4,TCAGTCGATGATCCACGATT,0,5006658
yjbJ_predicted,0.2,4,4,TCAGGGGACACGTTACATAC,0,5007342
yjbJ_predicted,0.2,4,4,TCAGGCGAGATCTAGTCACG,0,5024819
yjbJ_predicted,0.2,4,4,TCAGATTACGACTGTACCGG,0,5022104
yjbJ_predicted,0.2,4,4,TCAGATCACCCCGGGTTCTT,0,5027956
yjbJ_predicted,0.2,4,4,TCACTAGCATTTGAGTTAGT,0,5012370
yjbJ_predicted,0.2,4,4,TCACCACCCGATGCCAGAGT,0,5011719
yjbJ_predicted,0.2,4,4,TCAATGGCGCCACTTGCGCC,0,4997957
yjbJ_predicted,0.2,4,4,TCAATAATGCTTACTTCTGG,0,5010389
yjbJ_predicted,0.2,4,4,TCAAGACAGGCCACGAGGAT,0,5004183
yjbJ_predicted,0.2,4,4,TATTTGAAGGGTTGATAGTT,0,5021905
yjbJ_predicted,0.2,4,4,TATTTCGTTATATTCCAAGG,0,5015235
yjbJ_predicted,0.2,4,4,TATGGTAGCGGCGCCAATCT,0,5007134
yjbJ_predicted,0.2,4,4,TATGGGGAGTGGTGTTGATA,0,5022743
yjbJ_predicted,0.2,4,4,TATCCCGGTGTCATATAGTA,0,5008509
yjbJ_predicted,0.2,4,4,TATCACCCGAACGAGATGCC,0,5028972
yjbJ_predicted,0.2,4,4,TATATACGACGTGATCAGTT,0,5027157
yjbJ_predicted,0.2,4,4,TAGGGTTACAACGATAGTGT,0,4998909
yjbJ_predicted,0.2,4,4,TAGGCTTTTTGGGTTGTTTT,0,5029396
yjbJ_predicted,0.2,4,4,TAGGCCTCCATCATCAGTAA,0,5006265
yjbJ_predicted,0.2,4,4,TAGGCACAAAGAACTTTGGG,0,4999058
yjbJ_predicted,0.2,4,4,TAGGATCGGCATTCCCCCAA,0,5010392
yjbJ_predicted,0.2,4,4,TAGGAGGGCGTCCAGATTAT,0,5029085
yjbJ_predicted,0.2,4,4,TAGGACGGTCGTAGGCCTCA,0,5017843
yjbJ_predicted,0.2,4,4,TAGGAAGGCGAGCCAGACTG,0,5017818
yjbJ_predicted,0.2,4,4,TAGCTTGTGTCTTAACCGAG,0,5030334
yjbJ_predicted,0.2,4,4,TAGCTCTGCAGGGACAGACC,0,5031229
yjbJ_predicted,0.2,4,4,TAGCGACAGAATGCGTGCTA,0,5008156
yjbJ_predicted,0.2,4,4,TAGCCGCGCTTTACTAGGTC,0,4997372
yjbJ_predicted,0.2,4,4,TAGCCAGCGATATGAGCTTG,0,4995612
yjbJ_predicted,0.2,4,4,TAGCAGGATAACCTGCAGCT,0,5026252
yjbJ_predicted,0.2,4,4,TAGAGAGACCGCCATACTTT,0,5007758
yjbJ_predicted,0.2,4,4,TACTGCAGAACAAAGACGCA,0,5016957
yjbJ_predicted,0.2,4,4,TACGTCTCGGCTCGCATCCA,0,5026971
yjbJ_predicted,0.2,4,4,TACGTCGGGAGACTAAGGTT,0,5024986
yjbJ_predicted,0.2,4,4,TACGGCTTCACCCGCCGTCC,0,5018451
yjbJ_predicted,0.2,4,4,TACGGCCAATTGTTCAGCAA,0,5004849
yjbJ_predicted,0.2,4,4,TACGGATACCGGTCTGCTTC,0,5013224
yjbJ_predicted,0.2,4,4,TACCTGGCAATGCCGTAAGA,0,5007043
yjbJ_predicted,0.2,4,4,TACAGGTGGCCCCGGGTTTA,0,5016553
yjbJ_predicted,0.2,4,4,TACACTAAATAAGGAAGTTC,0,5009208
yjbJ_predicted,0.2,4,4,TACAAGGTGGAGAGAGCGCA,0,4995129
yjbJ_predicted,0.2,4,4,TACAAACATACATACCTCGT,0,5025068
yjbJ_predicted,0.2,4,4,TAATTGACACTATTGCGCTG,0,5029766
yjbJ_predicted,0.2,4,4,TAAGTTGAGAGACGAGCTCA,0,5022843
yjbJ_predicted,0.2,4,4,TAAGGGCTCTCGTATACGCA,0,4995256
yjbJ_predicted,0.2,4,4,TAACTGTTTTCGCATTTCGG,0,5010076
yjbJ_predicted,0.2,4,4,TAACATCCTGGTTTGAATGT,0,5004243
yjbJ_predicted,0.2,4,4,TAACACCTCGCTGATACGTT,0,5009092
yjbJ_predicted,0.2,4,4,TAAACTGGAAAATGTCCGAC,0,4994732
yjbJ_predicted,0.2,4,4,TAAAACCCCACACAGCACTT,0,5002242
yjbJ_predicted,0.2,4,4,GTTGCAATGATTGACCGGGG,0,5016339
yjbJ_predicted,0.2,4,4,GTTGAACGCGAGGCGCATTC,0,5027905
yjbJ_predicted,0.2,4,4,GTTCTCCTCTGGACGGTACC,0,4994902
yjbJ_predicted,0.2,4,4,GTTCATCGGCATAGTTCGTA,0,5003817
yjbJ_predicted,0.2,4,4,GTTCACTTGCGAAGGCTGGA,0,5002579
yjbJ_predicted,0.2,4,4,GTTATATGTCAACTAAAGAA,0,5013250
yjbJ_predicted,0.2,4,4,GTTAGTCCTGCCGGTGCCCG,0,5017190
yjbJ_predicted,0.2,4,4,GTTACACGACAGATGGACTC,0,5015943
yjbJ_predicted,0.2,4,4,GTTAACGCCTTGAGTGTGTC,0,4999163
yjbJ_predicted,0.2,4,4,GTGTGCAGAGGTGCCGCCAT,0,5002427
yjbJ_predicted,0.2,4,4,GTGTAGCTCCCAGCTATTAA,0,5025021
yjbJ_predicted,0.2,4,4,GTGTACTGTGTCGTTCTCTG,0,5017592
yjbJ_predicted,0.2,4,4,GTGGTAGTAGTCTGTGTTTT,0,5012193
yjbJ_predicted,0.2,4,4,GTGGTAGCGTCTTAGCGTTC,0,5030547
yjbJ_predicted,0.2,4,4,GTGGCACAGGTGATATAAAA,0,5012343
yjbJ_predicted,0.2,4,4,GTGCTAATAGCTTTAGAGTT,0,5027971
yjbJ_predicted,0.2,4,4,GTGCTAAACCACCCGGGAGT,0,5018453
yjbJ_predicted,0.2,4,4,GTGCGTTTGGCGACAAAGGA,0,4997741
yjbJ_predicted,0.2,4,4,GTGCCGTTCCCCCGCATATA,0,5005735
yjbJ_predicted,0.2,4,4,GTGCAGACAGCTGATCTCCA,0,4995390
yjbJ_predicted,0.2,4,4,GTGCACATTGAGCCCTGGCC,0,4995949
yjbJ_predicted,0.2,4,4,GTGCAAACCGCATTAACGAT,0,5007802
yjbJ_predicted,0.2,4,4,GTGACCCTTGGATTGCGATT,0,5000538
yjbJ_predicted,0.2,4,4,GTCTTATTCGTAACGGTGCT,0,5004496
yjbJ_predicted,0.2,4,4,GTCTGGCAGTTAAGTGGGCC,0,5030711
yjbJ_predicted,0.2,4,4,GTCTCGTTATGATACGAGCC,0,5001169
yjbJ_predicted,0.2,4,4,GTCTAACATATCCTAAGTAG,0,5008007
yjbJ_predicted,0.2,4,4,GTCGACGACAGCCCGGTGGA,0,4996775
yjbJ_predicted,0.2,4,4,GTCCAGGTTTCTTTTCCATA,0,5027224
yjbJ_predicted,0.2,4,4,GTCCAGCCAGTTAAGGTTCA,0,5019251
yjbJ_predicted,0.2,4,4,GTCCACGGGATAGCGTCCAG,0,4996004
yjbJ_predicted,0.2,4,4,GTCATATTCAAGTTGAGGAC,0,5000673
yjbJ_predicted,0.2,4,4,GTCACGGTAAGCATGAAGGC,0,5015818
yjbJ_predicted,0.2,4,4,GTCAAACACGTCGGTCAGAA,0,5019488
yjbJ_predicted,0.2,4,4,GTCAAAATAAGATTAGGTAC,0,5003810
yjbJ_predicted,0.2,4,4,GTCAAAAACTTAGGGAAAAG,0,5003659
yjbJ_predicted,0.2,4,4,GTATTGTAACTTTGGAGAGC,0,4996117
yjbJ_predicted,0.2,4,4,GTATTCGATAAACCGTTGAA,0,5027217
yjbJ_predicted,0.2,4,4,GTAGTGGCACGCCTATCGGT,0,5021036
yjbJ_predicted,0.2,4,4,GTAGTCAAATGGCTGCAGTA,0,5010979
yjbJ_predicted,0.2,4,4,GTAGGTGATAGGAGAAATAT,0,5011192
yjbJ_predicted,0.2,4,4,GTAGAGTCATTTTACAGGGG,0,4997891
yjbJ_predicted,0.2,4,4,GTACTGCGTGGTCATCTTTC,0,5002768
yjbJ_predicted,0.2,4,4,GTACGTAGACAGTAAGTTCC,0,5010464
yjbJ_predicted,0.2,4,4,GTACATTCTCCCGCATTTGT,0,5013403
yjbJ_predicted,0.2,4,4,GTACAGTCACCTTGCTGTTG,0,5008428
yjbJ_predicted,0.2,4,4,GTAAGAGTGACAACGGAGTT,0,5021303
yjbJ_predicted,0.2,4,4,GTAACTCTATGCCTCACCTT,0,4996630
yjbJ_predicted,0.2,4,4,GTAAATGCGGGACGTCACGA,0,5001993
yjbJ_predicted,0.2,4,4,GTAAAGAGAGCGCATCTCTA,0,5009835
yjbJ_predicted,0.2,4,4,GGTTTAGATGGTCATTCTGG,0,5030514
yjbJ_predicted,0.2,4,4,GGTTCTCATGGACGCAAAAG,0,5023062
yjbJ_predicted,0.2,4,4,GGTTAGAAATGTAAGAGCCT,0,5000640
yjbJ_predicted,0.2,4,4,GGTTAAGTATGATGTGTGTA,0,5024510
yjbJ_predicted,0.2,4,4,GGTGTGTAGGTTAATCGTAT,0,5004945
yjbJ_predicted,0.2,4,4,GGTGGACCACGTTAAACTGC,0,5015636
yjbJ_predicted,0.2,4,4,GGTGCCGAAATCCGGCAAGA,0,5027184
yjbJ_predicted,0.2,4,4,GGTCTCATATCGCGGTGTCG,0,5022205
yjbJ_predicted,0.2,4,4,GGTCGTGGACTCGGACTGCA,0,5016978
yjbJ_predicted,0.2,4,4,GGTCGGCTCGCTACCGTTGA,0,5000185
yjbJ_predicted,0.2,4,4,GGTCATTTGCATAGTGCAGG,0,5020090
yjbJ_predicted,0.2,4,4,GGTCATGGCGAGATGGGTTA,0,5014251
yjbJ_predicted,0.2,4,4,GGTATGGGCGGCTACTTATT,0,5001480
yjbJ_predicted,0.2,4,4,GGTAGAACGGTAGTTACGCC,0,5009606
yjbJ_predicted,0.2,4,4,GGTACCCGCCCATGCATCAC,0,5003706
yjbJ_predicted,0.2,4,4,GGTAAGCCTGGCTAATACAC,0,5022969
yjbJ_predicted,0.2,4,4,GGTAACCTTGCGGTACATAT,0,5020109
yjbJ_predicted,0.2,4,4,GGGTTTAAGCCGGGTGAATA,0,4994833
yjbJ_predicted,0.2,4,4,GGGTGTGCACGTCGAGAAAT,0,5020765
yjbJ_predicted,0.2,4,4,GGGTGTAATTTCGTTATCCC,0,5026771
yjbJ_predicted,0.2,4,4,GGGTGTAAACCTGTAAAAGC,0,5006116
yjbJ_predicted,0.2,4,4,GGGTATACAACATCGCAATA,0,5028398
yjbJ_predicted,0.2,4,4,GGGGTACCGCGCTCATAATG,0,5025472
yjbJ_predicted,0.2,4,4,GGGCGCCACGGACCTCTGTT,0,5010457
yjbJ_predicted,0.2,4,4,GGGCCTTTTAGGGTTGAGCC,0,5009541
yjbJ_predicted,0.2,4,4,GGGATTCCTCGAAGGGAGCA,0,5023094
yjbJ_predicted,0.2,4,4,GGGATGGAATTCGGGTAGCG,0,5028069
yjbJ_predicted,0.2,4,4,GGGAATTGGATTCGTGAAAT,0,5007185
yjbJ_predicted,0.2,4,4,GGGAAGACAAAAGCATTAAA,0,5011518
yjbJ_predicted,0.2,4,4,GGCTGTGTCAGCAAATCAAA,0,5024552
yjbJ_predicted,0.2,4,4,GGCTCGGTGTAGCCTGGGTG,0,5006209
yjbJ_predicted,0.2,4,4,GGCTCCGTGCCTTTGGGGGA,0,5025440
yjbJ_predicted,0.2,4,4,GGCGTAGGCACACATGGCGC,0,4997170
yjbJ_predicted,0.2,4,4,GGCGGCTGGATCGAGCACCC,0,4994974
yjbJ_predicted,0.2,4,4,GGCGCGGCATAGTTGCAGGC,0,5001056
yjbJ_predicted,0.2,4,4,GGCGCGGATCTGTTGCAACC,0,5021803
yjbJ_predicted,0.2,4,4,GGCGCCCAGGAAAAACCCGA,0,5017129
yjbJ_predicted,0.2,4,4,GGCGAATGGCGGCGGAACTT,0,5021334
yjbJ_predicted,0.2,4,4,GGCCTTTGATCAGAAATGCC,0,5005182
yjbJ_predicted,0.2,4,4,GGCCGTCTAGTGGAGGAGTA,0,5024138
yjbJ_predicted,0.2,4,4,GGCCCAGGGCCTACCGGGCA,0,5025110
yjbJ_predicted,0.2,4,4,GGCCAAAAGCCTCATCTCTA,0,5001110
yjbJ_predicted,0.2,4,4,GGCAGCGTGGGTGGCCGATC,0,4994935
yjbJ_predicted,0.2,4,4,GGCAGCGCCACAAAGCGAGT,0,5010373
yjbJ_predicted,0.2,4,4,GGCAGCGACTGACAGACAAA,0,5000235
yjbJ_predicted,0.2,4,4,GGATTTCCATCTGCTATGCG,0,5014011
yjbJ_predicted,0.2,4,4,GGATTACCTAGCATGCACAC,0,5013026
yjbJ_predicted,0.2,4,4,GGATGGCTCATAAGTCGCAC,0,5015615
yjbJ_predicted,0.2,4,4,GGATACGCATGGGGGACCGT,0,5019346
yjbJ_predicted,0.2,4,4,GGATACAAACGGGTCTTTGA,0,5022912
yjbJ_predicted,0.2,4,4,GGAGGAAGTTTTCAAGTTTA,0,5010502
yjbJ_predicted,0.2,4,4,GGAGCATCTTGAGTCGTAGA,0,5016811
yjbJ_predicted,0.2,4,4,GGACTGGAATTCCCTATTCA,0,5026367
yjbJ_predicted,0.2,4,4,GGACTCGATTTGCCCGGCAT,0,5022734
yjbJ_predicted,0.2,4,4,GGACGCCGCCAAGGTCCTAA,0,5017487
yjbJ_predicted,0.2,4,4,GGACCCAATCCGCCTGTGTC,0,5015298
yjbJ_predicted,0.2,4,4,GGAATCAAACGCATTGATTG,0,4995432
yjbJ_predicted,0.2,4,4,GGAATACCCTGCGCCGCAAC,0,5020689
yjbJ_predicted,0.2,4,4,GGAACTACGGAAATCGAACG,0,4994966
yjbJ_predicted,0.2,4,4,GGAAACTTAAAAACGTATGC,0,5016614
yjbJ_predicted,0.2,4,4,GCTTCTGCGTGGTCCCGGGC,0,5001833
yjbJ_predicted,0.2,4,4,GCTGGGTTGATAGACTGACG,0,5017622
yjbJ_predicted,0.2,4,4,GCTGCGAGTAGCCCGACAAC,0,5008221
yjbJ_predicted,0.2,4,4,GCTCGTGGGGGATCACGACG,0,4998162
yjbJ_predicted,0.2,4,4,GCTCGATTGGAAATCGTCCG,0,5009120
yjbJ_predicted,0.2,4,4,GCTCGATAAGTATGTGTCGC,0,5027135
yjbJ_predicted,0.2,4,4,GCTCCTCGGTCTATTTCCCC,0,4999318
yjbJ_predicted,0.2,4,4,GCTAGGTTTTCGTTTGTTTG,0,5017960
yjbJ_predicted,0.2,4,4,GCTACTCCTAGATCCTAGTT,0,5027173
yjbJ_predicted,0.2,4,4,GCGTCAAAAGTACTCGAGGC,0,5027288
yjbJ_predicted,0.2,4,4,GCGTACACCAAACAGAGTAC,0,5006211
yjbJ_predicted,0.2,4,4,GCGGTCGCAAGCCCATTGGA,0,5022909
yjbJ_predicted,0.2,4,4,GCGGCGGCGAACCAAGGGCG,0,5026398
yjbJ_predicted,0.2,4,4,GCGGATTCATTATGCTGCCT,0,5029336
yjbJ_predicted,0.2,4,4,GCGGAGGTTCTTTCATATCG,0,5014780
yjbJ_predicted,0.2,4,4,GCGCGCTGGGCTCTACATGT,0,5030230
yjbJ_predicted,0.2,4,4,GCGCGACGTCAGAACGCAAA,0,5026256
yjbJ_predicted,0.2,4,4,GCGCCATCCATACCTCGGAC,0,5025236
yjbJ_predicted,0.2,4,4,GCGCATGATGAAGCGCGGTC,0,5011710
yjbJ_predicted,0.2,4,4,GCGACGGCGTCATCCGCAGA,0,5025343
yjbJ_predicted,0.2,4,4,GCGAAAATCTTAGAGTGACC,0,4998406
yjbJ_predicted,0.2,4,4,GCCTTCACGGGCAGAACTGC,0,5007058
yjbJ_predicted,0.2,4,4,GCCTGCATTGAGCTGGAATC,0,5000793
yjbJ_predicted,0.2,4,4,GCCTCTCAGTCCTCCCACAG,0,4998852
yjbJ_predicted,0.2,4,4,GCCTCATGTTTCTTGCGTAC,0,5024193
yjbJ_predicted,0.2,4,4,GCCGGCAATCCGTAATCGAT,0,5015675
yjbJ_predicted,0.2,4,4,GCCGCAAATTTTCCTACCGC,0,5016458
yjbJ_predicted,0.2,4,4,GCCGACAAAATTGCGACAGT,0,5020773
yjbJ_predicted,0.2,4,4,GCCCTATGAAATTGCGGAAA,0,5006281
yjbJ_predicted,0.2,4,4,GCCCGCATTGTTACAGGAAC,0,4999496
yjbJ_predicted,0.2,4,4,GCCCGAGATCTGGCATTGAT,0,5020176
yjbJ_predicted,0.2,4,4,GCCCGACCTAGTCTAGCAGT,0,5027837
yjbJ_predicted,0.2,4,4,GCCCATTCCCATGGAGTAAG,0,5025299
yjbJ_predicted,0.2,4,4,GCCCAACCAAGAGTTGAGAG,0,5015491
yjbJ_predicted,0.2,4,4,GCCAGATGTTTAGTTCAGCC,0,5011294
yjbJ_predicted,0.2,4,4,GCCACCATTGCGTCATCCTG,0,5030800
yjbJ_predicted,0.2,4,4,GCCAATGCGGTAGGCAACGC,0,5003323
yjbJ_predicted,0.2,4,4,GCATCTTAGCCGATATAGAC,0,5017099
yjbJ_predicted,0.2,4,4,GCATCGAGAACCTCAGCGGA,0,5003308
yjbJ_predicted,0.2,4,4,GCATACGAGGACCGGCACCC,0,5023138
yjbJ_predicted,0.2,4,4,GCAGTCCGCATACCGGATTA,0,5001571
yjbJ_predicted,0.2,4,4,GCAGAATCCTTGCTGGATTG,0,5015150
yjbJ_predicted,0.2,4,4,GCAGAAATCTACAAGCTTTA,0,5016317
yjbJ_predicted,0.2,4,4,GCACTCGGTAAAATCGTGTG,0,5001157
yjbJ_predicted,0.2,4,4,GCACAGAAGGCGGCGTGATG,0,5015977
yjbJ_predicted,0.2,4,4,GCAATTGCTATTCTAGATAA,0,5015379
yjbJ_predicted,0.2,4,4,GCAATTCTCGCTAGGAGTGG,0,5017185
yjbJ_predicted,0.2,4,4,GCAATATGTGGGTTTAAATC,0,5020654
yjbJ_predicted,0.2,4,4,GCAACTGTGCCGGGATGGTT,0,5001404
yjbJ_predicted,0.2,4,4,GATTGTAACAGCGATCACAA,0,5020838
yjbJ_predicted,0.2,4,4,GATGTGGCTTTCATGTGCGT,0,5025300
yjbJ_predicted,0.2,4,4,GATGTGCGCGGCCTCGCTTT,0,5019255
yjbJ_predicted,0.2,4,4,GATGCAAGTTACCTCTTGGC,0,5002997
yjbJ_predicted,0.2,4,4,GATCTCTTTGTTCGTGGGAT,0,5029999
yjbJ_predicted,0.2,4,4,GATACTTACTTTTTTGAGTC,0,5009169
yjbJ_predicted,0.2,4,4,GATAAGTCCACCAGGGCACG,0,5005453
yjbJ_predicted,0.2,4,4,GAGTTCACCCGAGCAAACTC,0,4995465
yjbJ_predicted,0.2,4,4,GAGGTTTATCACGCTAGGGT,0,5024956
yjbJ_predicted,0.2,4,4,GAGGTGAATCGGTCTGTATG,0,5026891
yjbJ_predicted,0.2,4,4,GAGGTCAGCGTATCTTCGCG,0,5000174
yjbJ_predicted,0.2,4,4,GAGGGTGGTCCTGTTGGTAG,0,4999621
yjbJ_predicted,0.2,4,4,GAGGCCCAGTCTCATAGTTG,0,4996334
yjbJ_predicted,0.2,4,4,GAGGACTTTTTCCCATCTAA,0,5013682
yjbJ_predicted,0.2,4,4,GAGGACTCCTCTTCAGACCT,0,5017303
yjbJ_predicted,0.2,4,4,GAGCTTAGTGATTAATGAAT,0,5000662
yjbJ_predicted,0.2,4,4,GAGCTGCCGCTCTCGAGTAA,0,5003305
yjbJ_predicted,0.2,4,4,GAGCTAAACAACGCGGGATA,0,5003639
yjbJ_predicted,0.2,4,4,GAGCGTGTGTAAAGTACCCT,0,4998161
yjbJ_predicted,0.2,4,4,GAGCCTTACGGTGTGGGTAA,0,5000123
yjbJ_predicted,0.2,4,4,GAGCCGTCGGGCAAAGTCAG,0,5024680
yjbJ_predicted,0.2,4,4,GAGAGCGGTGTTATCGATTT,0,5017213
yjbJ_predicted,0.2,4,4,GAGAATAGGAGAGAACGATC,0,5012152
yjbJ_predicted,0.2,4,4,GACCGAAGTTTAATTTCGTG,0,5009233
yjbJ_predicted,0.2,4,4,GACAGTACGTCGGTTTGTTG,0,5007195
yjbJ_predicted,0.2,4,4,GACAGAAGGGCTGCGGATGT,0,5028344
yjbJ_predicted,0.2,4,4,GACACGTAATCAAAGAGTAG,0,5002372
yjbJ_predicted,0.2,4,4,GACAATAGTTGACCTCGCCA,0,5029365
yjbJ_predicted,0.2,4,4,GACAAGCGGAATTTTTTGTT,0,5028758
yjbJ_predicted,0.2,4,4,GAATCGTACTAGTGGTAGGT,0,4997968
yjbJ_predicted,0.2,4,4,GAATCGGTCCAAATAAACGA,0,4999558
yjbJ_predicted,0.2,4,4,GAATCAACACGAGAGGCGGA,0,5021469
yjbJ_predicted,0.2,4,4,GAAGCTGGGTATGCTTGTTT,0,5025949
yjbJ_predicted,0.2,4,4,GAAGCTCCCAAATACCTGAC,0,5003063
yjbJ_predicted,0.2,4,4,GAAGCAGGGGGATCTCCCTT,0,4997228
yjbJ_predicted,0.2,4,4,GAACCAAGATGAGGAGCCTA,0,5025986
yjbJ_predicted,0.2,4,4,GAACAGCCACGAGAGGCCCG,0,5020715
yjbJ_predicted,0.2,4,4,GAAATCCACGAAGTAACACT,0,5014495
yjbJ_predicted,0.2,4,4,GAAACATCCGATCGGTGGAC,0,5010253
yjbJ_predicted,0.2,4,4,CTTTTAGTCTTAAATCTACT,0,5003894
yjbJ_predicted,0.2,4,4,CTTTTAATGGTTCGGTTATA,0,5000093
yjbJ_predicted,0.2,4,4,CTTTGCTTTCGGGCCTTCAA,0,5030830
yjbJ_predicted,0.2,4,4,CTTTCACAGACTGTTGGGCT,0,5002375
yjbJ_predicted,0.2,4,4,CTTTAATCCGCTGCCCTACT,0,4997011
yjbJ_predicted,0.2,4,4,CTTTAAAATCCTGTGGCTAA,0,4999959
yjbJ_predicted,0.2,4,4,CTTGGCATAACCAGAGTCCT,0,5025044
yjbJ_predicted,0.2,4,4,CTTCTTCACGGGTATTAGCT,0,4996426
yjbJ_predicted,0.2,4,4,CTTCTGGCCGACACGGACTT,0,5025234
yjbJ_predicted,0.2,4,4,CTTCGGGCTTAGATGGGAAT,0,5012345
yjbJ_predicted,0.2,4,4,CTTATCCTCTTAAATAATGT,0,5017643
yjbJ_predicted,0.2,4,4,CTTACGTTAAGTATGCGGTG,0,5000514
yjbJ_predicted,0.2,4,4,CTGTTCCTACTCACCGTCCT,0,5023567
yjbJ_predicted,0.2,4,4,CTGTGTGTGCAACGAGACCT,0,4996868
yjbJ_predicted,0.2,4,4,CTGTGCTGCAAACGTAAGAC,0,5027492
yjbJ_predicted,0.2,4,4,CTGTGATTGTAGATGTGTTG,0,5023017
yjbJ_predicted,0.2,4,4,CTGGGGATTGGGCCACACAG,0,5000933
yjbJ_predicted,0.2,4,4,CTGGACGGATCAGTTAAGTA,0,5015778
yjbJ_predicted,0.2,4,4,CTGCTTATCAGCGGATTCGC,0,5013012
yjbJ_predicted,0.2,4,4,CTGCGGTTAAGAAAGCCCAA,0,4998053
yjbJ_predicted,0.2,4,4,CTGCGATCCGATCCGCTTGA,0,5007329
yjbJ_predicted,0.2,4,4,CTGCATCATGGTGAAAATAA,0,5015885
yjbJ_predicted,0.2,4,4,CTGCAAGGACACGCGACGGA,0,5021661
yjbJ_predicted,0.2,4,4,CTGATTGCAGTCTCTTACAC,0,5017850
yjbJ_predicted,0.2,4,4,CTGAGCTTGCTACCCCTAAC,0,5022187
yjbJ_predicted,0.2,4,4,CTGACGGAACATTTGAATCC,0,5016991
yjbJ_predicted,0.2,4,4,CTCTCTAGATTGACGTGAGA,0,5024303
yjbJ_predicted,0.2,4,4,CTCTCAAATCCGATGCAGTG,0,4997314
yjbJ_predicted,0.2,4,4,CTCTAGGTCTTGCATGTAAA,0,4998878
yjbJ_predicted,0.2,4,4,CTCGTTCCAATGAAGGTGTC,0,5021997
yjbJ_predicted,0.2,4,4,CTCGATTCCGGGCCAGATCT,0,5007609
yjbJ_predicted,0.2,4,4,CTCGACATCATAAGTGTAAC,0,5023451
yjbJ_predicted,0.2,4,4,CTCGAAACCGCCCCGCTGTC,0,5010132
yjbJ_predicted,0.2,4,4,CTCCGCTTCTGGTCGCCTGT,0,5028443
yjbJ_predicted,0.2,4,4,CTCCCCTTCACGGGGACTAC,0,4998978
yjbJ_predicted,0.2,4,4,CTCCATAGTTCAGACAGTAA,0,5029458
yjbJ_predicted,0.2,4,4,CTCCAGCGTTGTCACCAGGC,0,5017192
yjbJ_predicted,0.2,4,4,CTCCAGCAAGGTTGAAATGT,0,5026365
yjbJ_predicted,0.2,4,4,CTCCACACACCTAGATACGG,0,5021429
yjbJ_predicted,0.2,4,4,CTCATCCACGATCAGGAAGG,0,5023570
yjbJ_predicted,0.2,4,4,CTCAGGTGCGTTGAGTTAGT,0,5027395
yjbJ_predicted,0.2,4,4,CTATGGTCTTTCCTCGGATA,0,5001946
yjbJ_predicted,0.2,4,4,CTATCCATGGCGCCATTATT,0,5022088
yjbJ_predicted,0.2,4,4,CTAGAAAGGGTGAGCGGTTG,0,5020300
yjbJ_predicted,0.2,4,4,CTACTCCGGTAGAAAAGAAA,0,4997456
yjbJ_predicted,0.2,4,4,CTACCGCACTCTGGACTGTA,0,5019806
yjbJ_predicted,0.2,4,4,CTACACTTTTTTGACTAGCA,0,5003766
yjbJ_predicted,0.2,4,4,CTACAACAGGGGAAGCATTT,0,5024198
yjbJ_predicted,0.2,4,4,CTAACCGTTCTAGGCGCTAG,0,5006883
yjbJ_predicted,0.2,4,4,CGTTGCGTTTTGGTCCATAG,0,5014039
yjbJ_predicted,0.2,4,4,CGTTCAGTTTACTCTTCCAA,0,5022756
yjbJ_predicted,0.2,4,4,CGTGTGTCAATTCTTGCAGA,0,5031073
yjbJ_predicted,0.2,4,4,CGTGTGAGTCCGCAGGTCAG,0,5021535
yjbJ_predicted,0.2,4,4,CGTGTAGATGGGGCGAGGGA,0,5011871
yjbJ_predicted,0.2,4,4,CGTCGTTTCAACCTGCACCA,0,5005142
yjbJ_predicted,0.2,4,4,CGTCCTGTGCTCACCTTACT,0,4994847
yjbJ_predicted,0.2,4,4,CGTCCAGGCGCAAGGCAGAC,0,5031080
yjbJ_predicted,0.2,4,4,CGTCATCATCCGTACTTCAC,0,5025366
yjbJ_predicted,0.2,4,4,CGTCAAGACAACAGCTGGTG,0,4998914
yjbJ_predicted,0.2,4,4,CGTATGCGGTCTCTTGAAGT,0,5026811
yjbJ_predicted,0.2,4,4,CGTACGTCTCGACACCGCTC,0,5002356
yjbJ_predicted,0.2,4,4,CGTACATAGACTAGGCGGGC,0,5002175
yjbJ_predicted,0.2,4,4,CGTAATTAGCTTTCTGGGCT,0,5015088
yjbJ_predicted,0.2,4,4,CGTAATCTATTGCAAACTAC,0,5007511
yjbJ_predicted,0.2,4,4,CGTAACAACCCGGGTAAAGA,0,5014242
yjbJ_predicted,0.2,4,4,CGGTGGCCACAGTCTGGGTC,0,5012262
yjbJ_predicted,0.2,4,4,CGGTGAATAATATGTTCGGG,0,5021650
yjbJ_predicted,0.2,4,4,CGGTCTCCAACGGCTTGCCG,0,4995857
yjbJ_predicted,0.2,4,4,CGGTCAGTCAATTTTTCTAA,0,5020674
yjbJ_predicted,0.2,4,4,CGGTAGGGCTGATGCAGCTT,0,5018040
yjbJ_predicted,0.2,4,4,CGGTACAGGGGGTACTGGTA,0,4997367
yjbJ_predicted,0.2,4,4,CGGGTGTTCAGGAACGCATC,0,5003123
yjbJ_predicted,0.2,4,4,CGGGGTGTGAGCGGCAACAA,0,4995887
yjbJ_predicted,0.2,4,4,CGGGGTAGAGGGTTCTGCGT,0,5013540
yjbJ_predicted,0.2,4,4,CGGGCGCCCTTTGGTAGCAA,0,5004061
yjbJ_predicted,0.2,4,4,CGGCAGATATGACACATTTG,0,5003068
yjbJ_predicted,0.2,4,4,CGGATGGGACAAGGTGTGAA,0,5004493
yjbJ_predicted,0.2,4,4,CGGATAGGATCAGCTTTTTC,0,5002575
yjbJ_predicted,0.2,4,4,CGGAAGCCCGAGGGCGGCAA,0,5022929
yjbJ_predicted,0.2,4,4,CGGAACGATCGTATACCACA,0,5003874
yjbJ_predicted,0.2,4,4,CGCTTTACTTTAAGGCTCGA,0,4999972
yjbJ_predicted,0.2,4,4,CGCTGTGGTCTACAGGTGTA,0,5002402
yjbJ_predicted,0.2,4,4,CGCTGGACTCTGCGGCCGGA,0,5004472
yjbJ_predicted,0.2,4,4,CGCTGAAACTCGCAACTTGA,0,5010339
yjbJ_predicted,0.2,4,4,CGCTCGTGAAACAAAGTGCG,0,5016174
yjbJ_predicted,0.2,4,4,CGCTCCGTTTTGGTAGTTCG,0,5009706
yjbJ_predicted,0.2,4,4,CGCGGTCATTCAGGGACACT,0,5014151
yjbJ_predicted,0.2,4,4,CGCCTGCGAGCCGATATAGA,0,5029671
yjbJ_predicted,0.2,4,4,CGCCTATTTAAGTAAGCGTA,0,5023861
yjbJ_predicted,0.2,4,4,CGCCTATCGGGGAATGGGCT,0,5016902
yjbJ_predicted,0.2,4,4,CGCCAATGGTCCGCTTGCAA,0,5028891
yjbJ_predicted,0.2,4,4,CGCACTTACATCACTTGGGT,0,5029143
yjbJ_predicted,0.2,4,4,CGCACTATGTTCCATGTCCA,0,4999118
yjbJ_predicted,0.2,4,4,CGCACGAACCGCTACTGTCC,0,5000211
yjbJ_predicted,0.2,4,4,CGATGGATTACCGCATGGGG,0,5012673
yjbJ_predicted,0.2,4,4,CGATCCGGATTTAACGCCAT,0,5019687
yjbJ_predicted,0.2,4,4,CGATAAATTTAAGGGAGGTG,0,5026979
yjbJ_predicted,0.2,4,4,CGATAAACCGTCCCGCAGCA,0,5003315
yjbJ_predicted,0.2,4,4,CGACTTCGTTAGGAACCTTA,0,5003605
yjbJ_predicted,0.2,4,4,CGACGCATCCGCAATGAGCC,0,5011799
yjbJ_predicted,0.2,4,4,CGACCGGTATTAGCCGGCTT,0,5018089
yjbJ_predicted,0.2,4,4,CGACCAAGACCACTCGAAGC,0,5024907
yjbJ_predicted,0.2,4,4,CGAACAAGGAACCGTGCGGG,0,5024530
yjbJ_predicted,0.2,4,4,CGAAATGTTATCGAAAATCG,0,5024379
yjbJ_predicted,0.2,4,4,CCTTTGGAAAGTCAATCAAC,0,5018939
yjbJ_predicted,0.2,4,4,CCTTTGATATGTCCTAGACA,0,5001576
yjbJ_predicted,0.2,4,4,CCTGTCGAAGGTTGTACGGT,0,5005885
yjbJ_predicted,0.2,4,4,CCTGAAGATGCACATGGAGA,0,5022488
yjbJ_predicted,0.2,4,4,CCTCGGATCCCGTCTTGTAG,0,5024301
yjbJ_predicted,0.2,4,4,CCTCACGGATAGTGGTACGG,0,5025121
yjbJ_predicted,0.2,4,4,CCTATTGACGCAACGGCGCC,0,5000125
yjbJ_predicted,0.2,4,4,CCTATTCGGACAAACGCTCT,0,5002265
yjbJ_predicted,0.2,4,4,CCTATGAACTGTCCCTAGTG,0,5027700
yjbJ_predicted,0.2,4,4,CCGTTTGTTCGATTCCGACG,0,5031000
yjbJ_predicted,0.2,4,4,CCGTGATGTTACATGGGACA,0,5008618
yjbJ_predicted,0.2,4,4,CCGTGAGATGTCGAATGACT,0,5006186
yjbJ_predicted,0.2,4,4,CCGTAGACAACGGTGAAGCT,0,5018889
yjbJ_predicted,0.2,4,4,CCGTAACTACCGCTGGCTGT,0,5007931
yjbJ_predicted,0.2,4,4,CCGGTGCTTTACGCTGTGAA,0,5016219
yjbJ_predicted,0.2,4,4,CCGGCTGGTGGTATGTATGC,0,5030695
yjbJ_predicted,0.2,4,4,CCGCGGCTGTCTCGGTGGGT,0,5027760
yjbJ_predicted,0.2,4,4,CCGCACGGGCTGAAGGACAA,0,5028070
yjbJ_predicted,0.2,4,4,CCGATTTGCTGACATACCGT,0,4998288
yjbJ_predicted,0.2,4,4,CCGATTGTATGGGCTTTCCC,0,5013898
yjbJ_predicted,0.2,4,4,CCGAGTCAGTCGAGTGGCGA,0,5026214
yjbJ_predicted,0.2,4,4,CCGACCTCCGACATTATATA,0,4998696
yjbJ_predicted,0.2,4,4,CCCTGTAGCATGATGGCAGA,0,5022684
yjbJ_predicted,0.2,4,4,CCCTGCATCTCATGAACGGG,0,5007724
yjbJ_predicted,0.2,4,4,CCCTGACTTTCTAACTGATG,0,5020004
yjbJ_predicted,0.2,4,4,CCCGTGTGGCTACGTGACTC,0,4999146
yjbJ_predicted,0.2,4,4,CCCGTGGTACACCGATATAT,0,5024020
yjbJ_predicted,0.2,4,4,CCCGGCGCCACACGGCGAAG,0,5030322
yjbJ_predicted,0.2,4,4,CCCGGCATTGTCAGGTCGCC,0,5006495
yjbJ_predicted,0.2,4,4,CCCGGCAGGGAACGTCCTAT,0,5012326
yjbJ_predicted,0.2,4,4,CCCGCAAACGATACGGATAA,0,4995721
yjbJ_predicted,0.2,4,4,CCCGATGAGACTCCTGCGCA,0,5028232
yjbJ_predicted,0.2,4,4,CCCCCTCATGGGGTCAGTAA,0,5012407
yjbJ_predicted,0.2,4,4,CCCCCTATGTTTGTCGGGTC,0,5007015
yjbJ_predicted,0.2,4,4,CCCCCATAAGACATTAGTTA,0,5010570
yjbJ_predicted,0.2,4,4,CCCCAGTCCGGCCGCTACAG,0,5009732
yjbJ_predicted,0.2,4,4,CCCATCAACACGATGTAGCT,0,5023900
yjbJ_predicted,0.2,4,4,CCCACGAGACTCTGATCAGG,0,5027294
yjbJ_predicted,0.2,4,4,CCATTCGCGTCGGACGTCTA,0,4996632
yjbJ_predicted,0.2,4,4,CCATGATGTCGTGCAAACTA,0,5024808
yjbJ_predicted,0.2,4,4,CCATCGCAATCAATAGAAGA,0,5013074
yjbJ_predicted,0.2,4,4,CCAGTGCTGGATCCACCCAA,0,5012057
yjbJ_predicted,0.2,4,4,CCAGGTCGCGGTAAGGTGGA,0,5030141
yjbJ_predicted,0.2,4,4,CCACAGACCCAGGTAAACTG,0,5024828
yjbJ_predicted,0.2,4,4,CCAAGGGCCAAGTCGCTCGC,0,5016451
yjbJ_predicted,0.2,4,4,CCAAGAACGCTTCCGTTGCG,0,4997831
yjbJ_predicted,0.2,4,4,CCAAAAACTCAGTCTCGCAA,0,5027740
yjbJ_predicted,0.2,4,4,CATTTATATTCTTACACGAG,0,4998353
yjbJ_predicted,0.2,4,4,CATTGACGGACGCCAGAATC,0,5018332
yjbJ_predicted,0.2,4,4,CATTAGAAGGTATAGATTGG,0,4999585
yjbJ_predicted,0.2,4,4,CATTACCGGAGCGCCTACGC,0,5021869
yjbJ_predicted,0.2,4,4,CATGTCGATAGGTACGAAGC,0,5019305
yjbJ_predicted,0.2,4,4,CATGAGGTTAATCATCGAGC,0,5008996
yjbJ_predicted,0.2,4,4,CATCGCCACGGGACTGGATT,0,5016346
yjbJ_predicted,0.2,4,4,CATCAGGAACCTGTCGTACA,0,5002312
yjbJ_predicted,0.2,4,4,CATATGATCTACTATTGCGA,0,5019296
yjbJ_predicted,0.2,4,4,CATACATCTTCGCTGGAGAA,0,5002203
yjbJ_predicted,0.2,4,4,CAGTTGCAGGAAGGGTACAA,0,4999391
yjbJ_predicted,0.2,4,4,CAGTTCGATGGGCGCTTCAA,0,5010509
yjbJ_predicted,0.2,4,4,CAGTGGACATCGCCAGCATT,0,5011414
yjbJ_predicted,0.2,4,4,CAGTGAACAGTTCATGGACC,0,4995368
yjbJ_predicted,0.2,4,4,CAGTCGCGTATAGGGTGTGA,0,5012437
yjbJ_predicted,0.2,4,4,CAGTAGTGATGACTCCGTGT,0,4994820
yjbJ_predicted,0.2,4,4,CAGGCTTCTCGCGGCTCCCC,0,5028244
yjbJ_predicted,0.2,4,4,CAGGCGGGTGAACTTATTCC,0,5022413
yjbJ_predicted,0.2,4,4,CAGGACCTAAAGTAGTCCCC,0,5009565
yjbJ_predicted,0.2,4,4,CAGCTTTTCTATACGAAGCA,0,5006584
yjbJ_predicted,0.2,4,4,CAGCGTAACCCGGTTGCTTC,0,5010057
yjbJ_predicted,0.2,4,4,CAGCGGCGAATCATTCCTGG,0,5009681
yjbJ_predicted,0.2,4,4,CAGAGCCATGCGGCTTAAGA,0,5005476
yjbJ_predicted,0.2,4,4,CAGACCGGAATAGTTCTGCA,0,5008153
yjbJ_predicted,0.2,4,4,CAGAATGCTTGTCTTCGTAC,0,5002784
yjbJ_predicted,0.2,4,4,CACTGATCCTTCACGGGTTA,0,5014432
yjbJ_predicted,0.2,4,4,CACGTGTAATGGTCCATGCG,0,5014602
yjbJ_predicted,0.2,4,4,CACGGTTCACGCTCCGCATT,0,5013275
yjbJ_predicted,0.2,4,4,CACGAACAGGAGTTGCTGAA,0,5019852
yjbJ_predicted,0.2,4,4,CACCGTACTTGGGGGTAACG,0,5023477
yjbJ_predicted,0.2,4,4,CACCACCGGAACCCGGTTCA,0,5011660
yjbJ_predicted,0.2,4,4,CACAGGATGACTACGTAGAC,0,5019369
yjbJ_predicted,0.2,4,4,CACAGGAGTTGGATAAGGTA,0,5004156
yjbJ_predicted,0.2,4,4,CACAAATGATTCATGTAATC,0,5025584
yjbJ_predicted,0.2,4,4,CAATTCCGTTTAGTGGCCAT,0,5015985
yjbJ_predicted,0.2,4,4,CAATATCGGTGTTAAGCCCT,0,5022628
yjbJ_predicted,0.2,4,4,CAACGGGACCTATTTCACTG,0,4999705
yjbJ_predicted,0.2,4,4,CAACCAGCGCCAGTCCACTA,0,5026601
yjbJ_predicted,0.2,4,4,CAAATTTTGGGAAACGAGTC,0,5007426
yjbJ_predicted,0.2,4,4,CAAAACAGGGGTTAATGTGA,0,5007122
yjbJ_predicted,0.2,4,4,ATTTCGTCAAGCGAAAGACG,0,5014705
yjbJ_predicted,0.2,4,4,ATTTCCATGCTAATGGTCGC,0,5029169
yjbJ_predicted,0.2,4,4,ATTTACAGAAAGTGCCGCGA,0,5005059
yjbJ_predicted,0.2,4,4,ATTGTAGGACCCTTGCTGTA,0,4995306
yjbJ_predicted,0.2,4,4,ATTGTACACATTCGCCACGG,0,5008444
yjbJ_predicted,0.2,4,4,ATTGGCGCTGCCGCCACCTA,0,5013387
yjbJ_predicted,0.2,4,4,ATTGGCCGGCCTGTCTGGTT,0,5002607
yjbJ_predicted,0.2,4,4,ATTGGCACCCGGTGTTCAAG,0,5024296
yjbJ_predicted,0.2,4,4,ATTCGTCGATTGCAATAATG,0,5009842
yjbJ_predicted,0.2,4,4,ATTCATCGAGGTTTCCATTA,0,4997835
yjbJ_predicted,0.2,4,4,ATTACCGGTTGCGAGTGTTC,0,5008566
yjbJ_predicted,0.2,4,4,ATGTGGAATCTCGGCCGCTG,0,5026629
yjbJ_predicted,0.2,4,4,ATGTGATAGTATACAATTCA,0,5008312
yjbJ_predicted,0.2,4,4,ATGGTTATGTGATGAGCAAC,0,5002085
yjbJ_predicted,0.2,4,4,ATGGTAATCCAAGGGGATAC,0,5017343
yjbJ_predicted,0.2,4,4,ATGGGTAAGCGGGATGGTGT,0,5031181
yjbJ_predicted,0.2,4,4,ATGGGGGGGGGGTTTCCGTA,0,5016528
yjbJ_predicted,0.2,4,4,ATGGCTGAACTAACGTTTTA,0,5006891
yjbJ_predicted,0.2,4,4,ATGGCCAACAAACCCGTCTC,0,5020559
yjbJ_predicted,0.2,4,4,ATGCGTATAGAGAAGACGAG,0,5016021
yjbJ_predicted,0.2,4,4,ATGCGGCAGGTAAGCATTGC,0,5019678
yjbJ_predicted,0.2,4,4,ATGCCGGGCGAATGACGACA,0,5018123
yjbJ_predicted,0.2,4,4,ATGAGATAGATGTTCGATTG,0,5027658
yjbJ_predicted,0.2,4,4,ATGACTCATCGGTAGTCGTA,0,5008270
yjbJ_predicted,0.2,4,4,ATCTTGTACATCTTCTGGGT,0,5014697
yjbJ_predicted,0.2,4,4,ATCTTGGTGAGTAGCTACGC,0,4998818
yjbJ_predicted,0.2,4,4,ATCTTCGGGTGGTACGCCTC,0,5028148
yjbJ_predicted,0.2,4,4,ATCTCTCAAGTCTTAAAACG,0,5004329
yjbJ_predicted,0.2,4,4,ATCTCTATCAGCTGATTCAC,0,5025067
yjbJ_predicted,0.2,4,4,ATCTAAGCAGGCTCGCTGGT,0,5015423
yjbJ_predicted,0.2,4,4,ATCGTGGGGCTTGCGTTGTT,0,5019743
yjbJ_predicted,0.2,4,4,ATCGGCAACTTTCCGGGCTC,0,5025651
yjbJ_predicted,0.2,4,4,ATCGATCTAGTCTGGGTCGG,0,5000603
yjbJ_predicted,0.2,4,4,ATCGATATGCACGTTGGCCT,0,5019716
yjbJ_predicted,0.2,4,4,ATCCGAGTTTTCGGGGCTTT,0,5022110
yjbJ_predicted,0.2,4,4,ATCCATGCTTCTTCTATAAA,0,5006207
yjbJ_predicted,0.2,4,4,ATCATTTCAAGTGATCCATG,0,5019308
yjbJ_predicted,0.2,4,4,ATCAGGTGTCTTTGCGAGAC,0,5006712
yjbJ_predicted,0.2,4,4,ATATTGAGGTGTCGTATTAC,0,5015148
yjbJ_predicted,0.2,4,4,ATATATTTCCAAGGTGGAAT,0,5009897
yjbJ_predicted,0.2,4,4,ATATAAACGGCTCGTGGTTG,0,5019804
yjbJ_predicted,0.2,4,4,ATAGGTGTGTTGTGACCGCA,0,4996634
yjbJ_predicted,0.2,4,4,ATAGGGATCGAAAATCGATA,0,5021195
yjbJ_predicted,0.2,4,4,ATAGGCGGGGGGGCATGATT,0,5023741
yjbJ_predicted,0.2,4,4,ATAGAGTTGAAAAGATCGGC,0,5027931
yjbJ_predicted,0.2,4,4,ATAGAGCCGCGCCCGGAAGC,0,4995680
yjbJ_predicted,0.2,4,4,ATACTTATTGCTGTGAGTAT,0,5010012
yjbJ_predicted,0.2,4,4,ATACCTTAGCCGTCCGCTTA,0,4995964
yjbJ_predicted,0.2,4,4,ATACATGGACCGGGGCTATA,0,5013543
yjbJ_predicted,0.2,4,4,ATAATTTATCTCGTAGGTGT,0,5002713
yjbJ_predicted,0.2,4,4,ATAATCATGACCAACCAACG,0,5004276
yjbJ_predicted,0.2,4,4,ATAATATCATACGTAGCAAG,0,5012839
yjbJ_predicted,0.2,4,4,ATAATAAAGGATCGATTTTC,0,4994750
yjbJ_predicted,0.2,4,4,ATAACTAGAAATTTACATAC,0,5022667
yjbJ_predicted,0.2,4,4,ATAACAGTAGAAAAGGAGAT,0,5006458
yjbJ_predicted,0.2,4,4,AGTTGAACCATACGTTTTTA,0,5014484
yjbJ_predicted,0.2,4,4,AGTTATAGTTCGAGTCATTG,0,5023484
yjbJ_predicted,0.2,4,4,AGTTAATGCTACAATGCCAC,0,5018236
yjbJ_predicted,0.2,4,4,AGTGTGTTTTTGAACGAAAG,0,5023427
yjbJ_predicted,0.2,4,4,AGTGTGGTTCGCACCGGTCT,0,5008796
yjbJ_predicted,0.2,4,4,AGTGTCTAAATTTGCAATTA,0,5028785
yjbJ_predicted,0.2,4,4,AGTGGCATCTAGTGGGGGGT,0,5029338
yjbJ_predicted,0.2,4,4,AGTGAATGGGAATGCCCTGG,0,5019432
yjbJ_predicted,0.2,4,4,AGTCGCCCATCCAATTGTCA,0,5018371
yjbJ_predicted,0.2,4,4,AGTCCGTTCAAACAACGGTT,0,4995678
yjbJ_predicted,0.2,4,4,AGTCAGCTACCACTCTAAAA,0,4996951
yjbJ_predicted,0.2,4,4,AGTATGATCGTACGAACATG,0,5024419
yjbJ_predicted,0.2,4,4,AGTAGAGGAGGTTATTCAGC,0,4998617
yjbJ_predicted,0.2,4,4,AGTAGAAGGGAAGGAGCAAT,0,5008368
yjbJ_predicted,0.2,4,4,AGTACAATCAGAATGAGACA,0,5011215
yjbJ_predicted,0.2,4,4,AGTAATCTCAGGAAGCCAGG,0,5006358
yjbJ_predicted,0.2,4,4,AGGTTCTAGGCGGAGTCATA,0,5011433
yjbJ_predicted,0.2,4,4,AGGTGTTTCGTCAATGTTCC,0,5018811
yjbJ_predicted,0.2,4,4,AGGTGGTATAACGGCATTCT,0,5023400
yjbJ_predicted,0.2,4,4,AGGTGCGGAAACAGGCCGCC,0,4998409
yjbJ_predicted,0.2,4,4,AGGTCGGATTAAGCAGGTTC,0,5009513
yjbJ_predicted,0.2,4,4,AGGTAATATTGTAGATCATC,0,4997549
yjbJ_predicted,0.2,4,4,AGGGTTAGTCCATCGTTTTA,0,5007865
yjbJ_predicted,0.2,4,4,AGGGTTAATTGATGGGCGTA,0,5029696
yjbJ_predicted,0.2,4,4,AGGGTTAAAATGTCGGAAAC,0,5005815
yjbJ_predicted,0.2,4,4,AGGGGTACCACAAGGCGGTT,0,5012042
yjbJ_predicted,0.2,4,4,AGGGCCTGTTGAGATTATGT,0,5016537
yjbJ_predicted,0.2,4,4,AGGGAGCCCTTGCTAACGGC,0,5012537
yjbJ_predicted,0.2,4,4,AGGGACATAATCTGTAGATC,0,5021430
yjbJ_predicted,0.2,4,4,AGGCGTTTTCGGGTAGGTCA,0,5028830
yjbJ_predicted,0.2,4,4,AGGCGAAAGATATTTATTAC,0,5023781
yjbJ_predicted,0.2,4,4,AGGCATTACCTTGTGGGTCT,0,5014395
yjbJ_predicted,0.2,4,4,AGGATGGAATGCAAACCCGG,0,4999978
yjbJ_predicted,0.2,4,4,AGGAGATATAAAAATACTTT,0,5011065
yjbJ_predicted,0.2,4,4,AGGAATGTTTTGTCATAAGA,0,5023525
yjbJ_predicted,0.2,4,4,AGCTGTTTTCACTTGCAGTT,0,5018108
yjbJ_predicted,0.2,4,4,AGCTAGCAGATAATAGTAGA,0,5015439
yjbJ_predicted,0.2,4,4,AGCGGTTTTAGGGGAGGCGC,0,5013454
yjbJ_predicted,0.2,4,4,AGCGGATGAACGAACCCCCC,0,5005051
yjbJ_predicted,0.2,4,4,AGCGCTCACAGACTCCTAAG,0,5022367
yjbJ_predicted,0.2,4,4,AGCGAGTCCACTATCGAAAG,0,5004165
yjbJ_predicted,0.2,4,4,AGCCTACCTCATTCTGCCTA,0,5016729
yjbJ_predicted,0.2,4,4,AGCCGTTAGGGTCGTTTTAT,0,5022726
yjbJ_predicted,0.2,4,4,AGCCCTCCGCCGCTTCCGCA,0,5018523
yjbJ_predicted,0.2,4,4,AGCACTACGGACGCTGCAGT,0,5000820
yjbJ_predicted,0.2,4,4,AGCAAACCCAAGGTTACCAC,0,5030921
yjbJ_predicted,0.2,4,4,AGATTTATTTCACAATGAGT,0,5009094
yjbJ_predicted,0.2,4,4,AGAGTTCAACGTTCCATCAT,0,5019270
yjbJ_predicted,0.2,4,4,AGAGGGTAGTGATTCTTACA,0,5024941
yjbJ_predicted,0.2,4,4,AGAGCGGGCGACTCTCGCCC,0,5021877
yjbJ_predicted,0.2,4,4,AGAGCCAGGGGTTGAAGATA,0,5010308
yjbJ_predicted,0.2,4,4,AGAGAGGGTCAAAATGAACC,0,5021110
yjbJ_predicted,0.2,4,4,AGAATTCGTCATGTTTGACT,0,5005498
yjbJ_predicted,0.2,4,4,AGAATGGCTCAGCCAGCCCA,0,5028578
yjbJ_predicted,0.2,4,4,AGAACTGTACTCCGCCCATA,0,5015115
yjbJ_predicted,0.2,4,4,AGAACGGCATTCAGGCACTG,0,5008738
yjbJ_predicted,0.2,4,4,AGAAATGGCTATGTGCACTT,0,4997307
yjbJ_predicted,0.2,4,4,ACTTTGAGCTCGTATGTGCT,0,4998500
yjbJ_predicted,0.2,4,4,ACTTGTTGGGCTGTATGAAT,0,5023079
yjbJ_predicted,0.2,4,4,ACTTGAAAAAGACATTCTGA,0,5015724
yjbJ_predicted,0.2,4,4,ACTTACCTGATTGCAATATG,0,4995729
yjbJ_predicted,0.2,4,4,ACTGTGCGGTAGGGCTAGCT,0,5022029
yjbJ_predicted,0.2,4,4,ACTGTCAACAGATCCTTGGT,0,5010828
yjbJ_predicted,0.2,4,4,ACTGTAGCCGGGATTTCAAT,0,5011501
yjbJ_predicted,0.2,4,4,ACTGAAACACCGGTGAGACG,0,5004535
yjbJ_predicted,0.2,4,4,ACTCTGCTCAGTCTTTCTCG,0,5005398
yjbJ_predicted,0.2,4,4,ACTCTGATTATGGTAGACGT,0,5012921
yjbJ_predicted,0.2,4,4,ACTCGCAATCGTACAAGCCA,0,5004935
yjbJ_predicted,0.2,4,4,ACTATTAACGAAGCTTTAGA,0,5003033
yjbJ_predicted,0.2,4,4,ACTATACGGGGCATTCCGGT,0,5010101
yjbJ_predicted,0.2,4,4,ACTATACGAAAAATGGTGCC,0,4999372
yjbJ_predicted,0.2,4,4,ACTACTGGCACAGGACTAAA,0,5010728
yjbJ_predicted,0.2,4,4,ACTAATTTTTTTAGCGAGAT,0,5015082
yjbJ_predicted,0.2,4,4,ACTAAACGCTGCCGGCTCCT,0,5025284
yjbJ_predicted,0.2,4,4,ACGTTGTCTCGCAGTCTTAA,0,5006418
yjbJ_predicted,0.2,4,4,ACGTGACGTAATTCTACGCT,0,5027608
yjbJ_predicted,0.2,4,4,ACGTCATATTGACCCTCAAA,0,5001381
yjbJ_predicted,0.2,4,4,ACGTCACTTTTTCTACTCTT,0,5014194
yjbJ_predicted,0.2,4,4,ACGTATCTCACTAAGGTACA,0,5006125
yjbJ_predicted,0.2,4,4,ACGGTGCTGACTAGCCCAGG,0,5026626
yjbJ_predicted,0.2,4,4,ACGGGTTCCCGCAGTGGATA,0,5023189
yjbJ_predicted,0.2,4,4,ACGGGGCTGGTACGACAGTG,0,4996394
yjbJ_predicted,0.2,4,4,ACGGCTGCGGCTGACAGGGT,0,5004736
yjbJ_predicted,0.2,4,4,ACGGAGCATGAATGCCATAT,0,5007356
yjbJ_predicted,0.2,4,4,ACGGAACAAGAGTACGAAGC,0,5008183
yjbJ_predicted,0.2,4,4,ACGCTGAGCATCCTCGCGGC,0,5009044
yjbJ_predicted,0.2,4,4,ACGCGGACGTCGGGAAGTTG,0,5006749
yjbJ_predicted,0.2,4,4,ACGCAGAGGAAGGTTCCCTC,0,5026796
yjbJ_predicted,0.2,4,4,ACGATGCGAATATCTGTTTG,0,5017510
yjbJ_predicted,0.2,4,4,ACCTGGCAGGATCGAAGTAG,0,5003811
yjbJ_predicted,0.2,4,4,ACCTCTCCCCCACTCATGGA,0,5018249
yjbJ_predicted,0.2,4,4,ACCTCAGCAGGGGGTACAAA,0,5018313
yjbJ_predicted,0.2,4,4,ACCGTCGTGCGCGTACGTGG,0,5010795
yjbJ_predicted,0.2,4,4,ACCGAGGCCTCAGACGCAAT,0,5005587
yjbJ_predicted,0.2,4,4,ACCCGCATCATGTTGTATTG,0,5015559
yjbJ_predicted,0.2,4,4,ACCCATAAATCGAGGGATTA,0,5028125
yjbJ_predicted,0.2,4,4,ACCATACAAGCGCGTATCAC,0,5022487
yjbJ_predicted,0.2,4,4,ACCACTGCGGTGGTTAGATC,0,5021773
yjbJ_predicted,0.2,4,4,ACCAATGCTGGTATGACTCC,0,4996604
yjbJ_predicted,0.2,4,4,ACCAACTGTTCTGACAGTAA,0,4997667
yjbJ_predicted,0.2,4,4,ACATTGAGGAGCATGGTGAG,0,5021911
yjbJ_predicted,0.2,4,4,ACATGGGAGTAGTCAAGCCC,0,5017661
yjbJ_predicted,0.2,4,4,ACATGCGGGATGACGTATTG,0,5015322
yjbJ_predicted,0.2,4,4,ACATCTTAATCAATTCTATT,0,5025250
yjbJ_predicted,0.2,4,4,ACATATTGGAATAATAGTGC,0,5017083
yjbJ_predicted,0.2,4,4,ACATATGCACCAGGGTAGTG,0,5020921
yjbJ_predicted,0.2,4,4,ACATATCTCCGCAATATTGT,0,5008872
yjbJ_predicted,0.2,4,4,ACATATATAAGAATCCAACC,0,5025956
yjbJ_predicted,0.2,4,4,ACATACCTCGTGTCACCACA,0,5026188
yjbJ_predicted,0.2,4,4,ACATAATTTCTAACCTGATG,0,5011229
yjbJ_predicted,0.2,4,4,ACAGCGTCACTCAGAGAGGA,0,5028474
yjbJ_predicted,0.2,4,4,ACACGTGGGTGGGCTTGTAT,0,5001133
yjbJ_predicted,0.2,4,4,ACACCGTTATACCCTAAAGT,0,5001194
yjbJ_predicted,0.2,4,4,ACACAAATCATCCGGGCTTT,0,5015945
yjbJ_predicted,0.2,4,4,ACAAGTGCTCCCCTGACGTG,0,5006382
yjbJ_predicted,0.2,4,4,ACAACGGGTAGAAGCCTGTC,0,5001154
yjbJ_predicted,0.2,4,4,AATTTAACAGGTATCTGGGG,0,5013061
yjbJ_predicted,0.2,4,4,AATTCACTGAATTCAGGTTA,0,5002513
yjbJ_predicted,0.2,4,4,AATTACTAGATGTAGGCGAA,0,5009277
yjbJ_predicted,0.2,4,4,AATTAAGTTCACTTAAATCG,0,5000621
yjbJ_predicted,0.2,4,4,AATGTCACAGACAATGCCCT,0,5013056
yjbJ_predicted,0.2,4,4,AATGGTTATTGTGCAATACT,0,5009863
yjbJ_predicted,0.2,4,4,AATGGTCTTAGTTGTTTACA,0,5011976
yjbJ_predicted,0.2,4,4,AATGGGAAGTCATAGATCGT,0,4999409
yjbJ_predicted,0.2,4,4,AATGCGCGGCTGAGATCGGT,0,5016277
yjbJ_predicted,0.2,4,4,AATGCCAAACGTCGGATAGT,0,5028612
yjbJ_predicted,0.2,4,4,AATGCACGGTGATTCAATCC,0,5001079
yjbJ_predicted,0.2,4,4,AATGAGCCTATGCTCCGTGC,0,5026137
yjbJ_predicted,0.2,4,4,AATCGCACGAGGAGGGGTAT,0,5026452
yjbJ_predicted,0.2,4,4,AATCACTTCAGCGTCACGCT,0,5025749
yjbJ_predicted,0.2,4,4,AATATAAAACGGTGTCATTA,0,5022060
yjbJ_predicted,0.2,4,4,AAGTGATGCCCGCTCCGGCA,0,5017775
yjbJ_predicted,0.2,4,4,AAGTCACAGGTTCGTAGAGG,0,5007139
yjbJ_predicted,0.2,4,4,AAGGGCATACTCGGAGCCAC,0,5005869
yjbJ_predicted,0.2,4,4,AAGGAGTAGGTGGGAAAGAA,0,5012287
yjbJ_predicted,0.2,4,4,AAGGAGCCGCGAAGCAAAAT,0,4999620
yjbJ_predicted,0.2,4,4,AAGCTGACATGGAGAGCCCT,0,5030125
yjbJ_predicted,0.2,4,4,AAGCAGTTCCGGTCCCTTCG,0,5004994
yjbJ_predicted,0.2,4,4,AAGAGTTAAGGGTTAGGGTG,0,5005839
yjbJ_predicted,0.2,4,4,AAGAGTAATACCTTGGTCTA,0,4998422
yjbJ_predicted,0.2,4,4,AAGACGGCTAGAGATCTGCA,0,5022328
yjbJ_predicted,0.2,4,4,AAGAATGTGTTATAGGTCTT,0,4995925
yjbJ_predicted,0.2,4,4,AACTGCTGCCTGCTTTTAGA,0,5003837
yjbJ_predicted,0.2,4,4,AACTCGTGAGCTCGCCCAGG,0,4995103
yjbJ_predicted,0.2,4,4,AACGTTCAGCATTGATATGA,0,4994709
yjbJ_predicted,0.2,4,4,AACCGTGGGCTTCGTGCAGA,0,5027910
yjbJ_predicted,0.2,4,4,AACCCATTGCGAATAGACAA,0,5025592
yjbJ_predicted,0.2,4,4,AACCATTAGGGGCAATTTAT,0,5030761
yjbJ_predicted,0.2,4,4,AACCAAGAGCAGGGACTTAC,0,5013165
yjbJ_predicted,0.2,4,4,AACATAAACCTGGGGAGGAG,0,4996952
yjbJ_predicted,0.2,4,4,AACAGTGAATTTGCAATTGT,0,4998558
yjbJ_predicted,0.2,4,4,AACAGGTTAATTGCCCTATA,0,5002283
yjbJ_predicted,0.2,4,4,AACAGGATAACCGTTCAGTG,0,5010810
yjbJ_predicted,0.2,4,4,AACAGCGTTTCGTATAAAGT,0,5024547
yjbJ_predicted,0.2,4,4,AAATTTTGGGCCGGTGTAGC,0,5026008
yjbJ_predicted,0.2,4,4,AAAGGGTCAACATCCGCCCC,0,5004732
yjbJ_predicted,0.2,4,4,AAAGGCTGAATGTTACGACT,0,5019141
yjbJ_predicted,0.2,4,4,AAAGGCGTTCAGGGCTGACG,0,5014754
yjbJ_predicted,0.2,4,4,AAAGCGTCTCTGCAGACATA,0,5009369
yjbJ_predicted,0.2,4,4,AAAGAATAATTCAAGGGGGT,0,5026142
yjbJ_predicted,0.2,4,4,AAAATCTGTGGAGGCAGTTT,0,5006938
yjbJ_predicted,0.25,3,3,TTTTTACACGATGCTGCGGA,0,5031241
yjbJ_predicted,0.25,3,3,TTTTGTACAGTCCCTTCCCA,0,5007767
yjbJ_predicted,0.25,3,3,TTTGCGGCGTAGCCGGTGTT,0,5027237
yjbJ_predicted,0.25,3,3,TTTGCCAAAGCATGTATCCT,0,5009292
yjbJ_predicted,0.25,3,3,TTTGAGTATTGTTCATACAG,0,4997005
yjbJ_predicted,0.25,3,3,TTTCTTATAACGTTGTTCCT,0,5012397
yjbJ_predicted,0.25,3,3,TTTCTCCCTCATTAAATGTA,0,5024978
yjbJ_predicted,0.25,3,3,TTTCGATTGGATGACTAGAT,0,5028477
yjbJ_predicted,0.25,3,3,TTTCGAATCCCCGTGTAACC,0,5008993
yjbJ_predicted,0.25,3,3,TTTCGAAGCGGTCTTACTAC,0,5006605
yjbJ_predicted,0.25,3,3,TTTCATTCCACACTGTTATA,0,5025543
yjbJ_predicted,0.25,3,3,TTTATTCGGGCGTACTTCAA,0,5009380
yjbJ_predicted,0.25,3,3,TTTAGCAAACGGTAATGCCC,0,5001695
yjbJ_predicted,0.25,3,3,TTTACGTGAATCGCTTGTAG,0,5015728
yjbJ_predicted,0.25,3,3,TTGTTTGGCAGTGTGACGTT,0,5023919
yjbJ_predicted,0.25,3,3,TTGTTGAACTCCTTACCTGT,0,5013392
yjbJ_predicted,0.25,3,3,TTGTCTCCTCGGGCCGCCTG,0,5028949
yjbJ_predicted,0.25,3,3,TTGTCGTATGGGCAGCGGAC,0,5005551
yjbJ_predicted,0.25,3,3,TTGTCACCGTAGGGTTTAAT,0,5000802
yjbJ_predicted,0.25,3,3,TTGTACTCGCCGGTTACTTT,0,5012650
yjbJ_predicted,0.25,3,3,TTGGGTCACGAGAGTGCCGG,0,5005654
yjbJ_predicted,0.25,3,3,TTGGCGTGCCTGGATATTGT,0,5026199
yjbJ_predicted,0.25,3,3,TTGCTAGCGTTTTACGCGAA,0,5018381
yjbJ_predicted,0.25,3,3,TTGCGTCAGAAGTATCTTTG,0,5000376
yjbJ_predicted,0.25,3,3,TTGCGGAGGGTCTTGGAGCG,0,5014438
yjbJ_predicted,0.25,3,3,TTGCCACGTCGTAGGTCATC,0,5006394
yjbJ_predicted,0.25,3,3,TTGCCAAACATGCTTAGAGC,0,5027057
yjbJ_predicted,0.25,3,3,TTGATTTGCGAGATCACTTG,0,5008133
yjbJ_predicted,0.25,3,3,TTGATCCCATCTGCCAGGCG,0,4998689
yjbJ_predicted,0.25,3,3,TTGAGCATCTAAACAACGCA,0,5017871
yjbJ_predicted,0.25,3,3,TTGAGCAGAAGGTATATGGT,0,5024812
yjbJ_predicted,0.25,3,3,TTGAGCACAGATATTTAGGT,0,5022793
yjbJ_predicted,0.25,3,3,TTGACAGGCCGAGACACTTA,0,4995176
yjbJ_predicted,0.25,3,3,TTCTTAGATGCATAGACACT,0,5004517
yjbJ_predicted,0.25,3,3,TTCTGTTTGTATCCATGCTC,0,5029594
yjbJ_predicted,0.25,3,3,TTCTCAAAGACTCATGGACA,0,4995589
yjbJ_predicted,0.25,3,3,TTCGTGGACGGAGAATTAAT,0,5018508
yjbJ_predicted,0.25,3,3,TTCGGGTATCCCCTGTCACA,0,5010324
yjbJ_predicted,0.25,3,3,TTCGGGGTAGCTGCTGACAT,0,5020413
yjbJ_predicted,0.25,3,3,TTCGCGGTGTGTGCTCTCTA,0,4998668
yjbJ_predicted,0.25,3,3,TTCGACGTAATTGGACCTTA,0,5018849
yjbJ_predicted,0.25,3,3,TTCCCCCTTGATTATGGTAG,0,5030255
yjbJ_predicted,0.25,3,3,TTCAGTAAACAGCCCCATGA,0,5003419
yjbJ_predicted,0.25,3,3,TTCAGAAATTGTTGATCTTT,0,4999340
yjbJ_predicted,0.25,3,3,TTATTCACGCCGAACCGTCA,0,5006363
yjbJ_predicted,0.25,3,3,TTAGGGGCCTATTGATGGCA,0,4999034
yjbJ_predicted,0.25,3,3,TTAGCTGTCACAGGTTCGTA,0,5017509
yjbJ_predicted,0.25,3,3,TTAGCCAGGAATGTTTACGG,0,5015236
yjbJ_predicted,0.25,3,3,TTAGCCACTACGCTACCCCC,0,4998346
yjbJ_predicted,0.25,3,3,TTACTTGGCATCCGCGAGCG,0,5017908
yjbJ_predicted,0.25,3,3,TTACTGACATGCTGAGCACC,0,5028964
yjbJ_predicted,0.25,3,3,TTACTATCACCGTTCAAATT,0,4998407
yjbJ_predicted,0.25,3,3,TTACGTCATATCCAAGCGCG,0,5027440
yjbJ_predicted,0.25,3,3,TTACACTCGAATCGCCAAGA,0,5001546
yjbJ_predicted,0.25,3,3,TTACACGGGCCTGACGACGC,0,5009293
yjbJ_predicted,0.25,3,3,TTACAAGCGTCCAGGGAGCA,0,5027933
yjbJ_predicted,0.25,3,3,TTAATTAAACGCCTCTAGTG,0,4996988
yjbJ_predicted,0.25,3,3,TTAATGCAGATCGAGTACTC,0,5019524
yjbJ_predicted,0.25,3,3,TTAAGTACCTTCTCCTATCA,0,5005563
yjbJ_predicted,0.25,3,3,TGTTTAAGTAGGCGCCCTCG,0,5030562
yjbJ_predicted,0.25,3,3,TGTTGGATGCTCAAAGCATG,0,5005363
yjbJ_predicted,0.25,3,3,TGTGTCAGCAAGCCAGTAAT,0,5021229
yjbJ_predicted,0.25,3,3,TGTGTAAGTGTCGAATACGA,0,5007542
yjbJ_predicted,0.25,3,3,TGTGAGGATCAGGTGTCGAG,0,5012450
yjbJ_predicted,0.25,3,3,TGTCTCTATATCTGAAAAAA,0,5030421
yjbJ_predicted,0.25,3,3,TGTCGATATTTGGGCTTGCA,0,5011678
yjbJ_predicted,0.25,3,3,TGTCCCTTCACCCTGAGCAG,0,5020653
yjbJ_predicted,0.25,3,3,TGTCACCAAGTCGAGGCGGA,0,4997826
yjbJ_predicted,0.25,3,3,TGTAGGGTTTCTGTAGCGGA,0,4999481
yjbJ_predicted,0.25,3,3,TGGTTTCGCTCGGTGGGTAA,0,5013825
yjbJ_predicted,0.25,3,3,TGGTTCACAAGCTCTCTCAG,0,5006911
yjbJ_predicted,0.25,3,3,TGGTGTAGAGGGCGCAAGAC,0,5015611
yjbJ_predicted,0.25,3,3,TGGTAACCCAAACCACCAAA,0,5024617
yjbJ_predicted,0.25,3,3,TGGGTGGGCCTGGGGACGTG,0,5006655
yjbJ_predicted,0.25,3,3,TGGGGATCAAACGTGGCGCG,0,4997431
yjbJ_predicted,0.25,3,3,TGGGCCCGTGACATGCTCTG,0,5007583
yjbJ_predicted,0.25,3,3,TGGCGCCGTCACGTGCATTG,0,5016837
yjbJ_predicted,0.25,3,3,TGGCCCACGCATCCAGGGCT,0,5009255
yjbJ_predicted,0.25,3,3,TGGATACGTGAACTTAGCGT,0,5013797
yjbJ_predicted,0.25,3,3,TGGACTCAGAGTAGCTTGAA,0,5019849
yjbJ_predicted,0.25,3,3,TGGACAGGATGCTGCGAGGG,0,5003237
yjbJ_predicted,0.25,3,3,TGGACACTCATTAATTCGTC,0,4996797
yjbJ_predicted,0.25,3,3,TGGAACGGATTCCTGAATTG,0,5018533
yjbJ_predicted,0.25,3,3,TGCTTCTATAACGAGCGTGC,0,5013829
yjbJ_predicted,0.25,3,3,TGCTGTAGGGTAACGCGACG,0,5018037
yjbJ_predicted,0.25,3,3,TGCTCGGGCTGCCGTGAAGG,0,5026311
yjbJ_predicted,0.25,3,3,TGCTAGATAGTCTGTACGTT,0,4999441
yjbJ_predicted,0.25,3,3,TGCTAAGTTGGAATCATTAG,0,5012441
yjbJ_predicted,0.25,3,3,TGCGTTTAACTTCCACAGCC,0,5018403
yjbJ_predicted,0.25,3,3,TGCGGCCCCACGATCACATG,0,5023935
yjbJ_predicted,0.25,3,3,TGCGAACTTGAAATAAGAGC,0,5002462
yjbJ_predicted,0.25,3,3,TGCCTGCAACCATGAACACA,0,5017455
yjbJ_predicted,0.25,3,3,TGCACCCTCGGGAGAGCATC,0,5007945
yjbJ_predicted,0.25,3,3,TGCACCCAGTAAAAATCGGC,0,5025748
yjbJ_predicted,0.25,3,3,TGATTCGCAATCCCATAGGC,0,5026012
yjbJ_predicted,0.25,3,3,TGATGATGGCAGCCGGAATA,0,5022844
yjbJ_predicted,0.25,3,3,TGATAGCTCAACGTCTTACG,0,5007605
yjbJ_predicted,0.25,3,3,TGAGGTAACCTGGCTATGCA,0,4995078
yjbJ_predicted,0.25,3,3,TGAGAGTTAAGTGAGAGTAG,0,5013729
yjbJ_predicted,0.25,3,3,TGAGAGTCATTGCGGCGTCC,0,4995770
yjbJ_predicted,0.25,3,3,TGAGACGATCACGTATGAGG,0,4998355
yjbJ_predicted,0.25,3,3,TGACCGCCCAAGAAGTAATA,0,5025611
yjbJ_predicted,0.25,3,3,TGACACGTTCAAAGTCCAGC,0,5026659
yjbJ_predicted,0.25,3,3,TGACAACATACAGACACAAA,0,5024224
yjbJ_predicted,0.25,3,3,TGAATTCCGAGCAAACCGCG,0,5008611
yjbJ_predicted,0.25,3,3,TGAAGTGGATCCAGTACAGT,0,5009749
yjbJ_predicted,0.25,3,3,TGAAGGGGCTGGCAATTCTC,0,5030719
yjbJ_predicted,0.25,3,3,TGAAATCCGCATTTGGGGTA,0,5027119
yjbJ_predicted,0.25,3,3,TGAAATAGGAGTGTGTAACA,0,4996571
yjbJ_predicted,0.25,3,3,TCTTTCGAAGGGCCATGACA,0,5030885
yjbJ_predicted,0.25,3,3,TCTTCAATTTATTCCTGGGG,0,5008817
yjbJ_predicted,0.25,3,3,TCTTATTCCCTCGAGCGCAT,0,5013248
yjbJ_predicted,0.25,3,3,TCTTAAGAAGCGCTACGAGC,0,5012494
yjbJ_predicted,0.25,3,3,TCTGTATCCGGATAAGTCGT,0,4999987
yjbJ_predicted,0.25,3,3,TCTGTAGCCGAGGTGTAGTA,0,5028740
yjbJ_predicted,0.25,3,3,TCTGTACCCTCGTGTACACA,0,5004909
yjbJ_predicted,0.25,3,3,TCTGGTGATCCGTTTCGGAT,0,5016956
yjbJ_predicted,0.25,3,3,TCTGGCTATATTGAGAGCGA,0,5018138
yjbJ_predicted,0.25,3,3,TCTCGCGGCGACTGATCTAA,0,5014813
yjbJ_predicted,0.25,3,3,TCTCCTCAACTGCTACCTTT,0,5004133
yjbJ_predicted,0.25,3,3,TCTCCACCACGTAAATACGT,0,5027916
yjbJ_predicted,0.25,3,3,TCTATGGGCCAAGGAAACCC,0,5006023
yjbJ_predicted,0.25,3,3,TCTATCCAGCTCTGACGGTC,0,5017069
yjbJ_predicted,0.25,3,3,TCTAGTAGAGGCCCACGGGT,0,5009758
yjbJ_predicted,0.25,3,3,TCTAGGCACAGGCAAGGCAG,0,5006413
yjbJ_predicted,0.25,3,3,TCTAATCCCAGAACCTGATG,0,5024074
yjbJ_predicted,0.25,3,3,TCTAACGGCACTTGTTCATC,0,5007477
yjbJ_predicted,0.25,3,3,TCTAAACGGGGGGCTCAAAC,0,5011699
yjbJ_predicted,0.25,3,3,TCGTCTAAAAACCAATACGA,0,4998842
yjbJ_predicted,0.25,3,3,TCGTCCTACTGGGCCGCTCC,0,5008612
yjbJ_predicted,0.25,3,3,TCGTAAGGAGGGCCGCCCCA,0,5018073
yjbJ_predicted,0.25,3,3,TCGGGGGTAACGAGGATCAG,0,5008960
yjbJ_predicted,0.25,3,3,TCGGATACAAGTATAAGTGA,0,5026744
yjbJ_predicted,0.25,3,3,TCGGAGTTTATTCGTTGTCC,0,5016888
yjbJ_predicted,0.25,3,3,TCGGACCAACAGGGGTACCT,0,5029019
yjbJ_predicted,0.25,3,3,TCGCCCAAGCCGTCAACAGT,0,5010136
yjbJ_predicted,0.25,3,3,TCGCCACAAATGTGCCTATT,0,5010843
yjbJ_predicted,0.25,3,3,TCGCCAACGCGTCCGGGGCG,0,5017726
yjbJ_predicted,0.25,3,3,TCGCAGGTCATCCGACGGGA,0,5020825
yjbJ_predicted,0.25,3,3,TCGATCTGTGAAGATGACGT,0,5026799
yjbJ_predicted,0.25,3,3,TCGACTTTTCGGAGCGTCTC,0,5013051
yjbJ_predicted,0.25,3,3,TCCTTTTCGAACGATCAGGT,0,5010303
yjbJ_predicted,0.25,3,3,TCCTGTTTGGTAATTAGATG,0,5008857
yjbJ_predicted,0.25,3,3,TCCTCATATTGTCGGCCGAC,0,5004313
yjbJ_predicted,0.25,3,3,TCCGTTTCTGTTGGGTCTTG,0,5007244
yjbJ_predicted,0.25,3,3,TCCGTGACAATGAATTCGCG,0,5014349
yjbJ_predicted,0.25,3,3,TCCGGCCAGACTCGCGGTCA,0,5021748
yjbJ_predicted,0.25,3,3,TCCGAGAGTGTCGCAACTAT,0,5027532
yjbJ_predicted,0.25,3,3,TCCCAGTTCCATACCAGTAG,0,5010831
yjbJ_predicted,0.25,3,3,TCCCACCTGAGAGGCAAGGA,0,5011308
yjbJ_predicted,0.25,3,3,TCATTTCGTGCGGTGTTAGC,0,5000910
yjbJ_predicted,0.25,3,3,TCATGTGGGTCTCGGGTACA,0,5005424
yjbJ_predicted,0.25,3,3,TCAGGCGTGTTACGCCGTAC,0,5023536
yjbJ_predicted,0.25,3,3,TCAGATAGTTCGCATTTGTA,0,5017909
yjbJ_predicted,0.25,3,3,TCACGTGCGACAGTAACGGT,0,5001103
yjbJ_predicted,0.25,3,3,TCACCGTGTTCATATTTCTA,0,5027026
yjbJ_predicted,0.25,3,3,TCACCCTAACACGGATCTTC,0,5001686
yjbJ_predicted,0.25,3,3,TCACAGGGTGTTTAATATGT,0,5014076
yjbJ_predicted,0.25,3,3,TCAATCAGTTTTTCGTGAAT,0,5007375
yjbJ_predicted,0.25,3,3,TCAAGCATATTCACTACTGT,0,5017627
yjbJ_predicted,0.25,3,3,TCAAGCAGTGCATCGTTTCA,0,5027745
yjbJ_predicted,0.25,3,3,TCAACTCACCTAGTAATCCC,0,5009290
yjbJ_predicted,0.25,3,3,TCAAATCGGTTGAGTGAATA,0,5008765
yjbJ_predicted,0.25,3,3,TCAAAGCCACATATGTAAAC,0,5018309
yjbJ_predicted,0.25,3,3,TATTTTGGCGTGAAAAAGTT,0,4996317
yjbJ_predicted,0.25,3,3,TATTAGGGTTAGAACAATTA,0,5028992
yjbJ_predicted,0.25,3,3,TATTAAGACACAGACAATTC,0,5021081
yjbJ_predicted,0.25,3,3,TATGTTTCATGTGCGTTTCC,0,5010621
yjbJ_predicted,0.25,3,3,TATCGTTTCGGGACTTCGCC,0,4997442
yjbJ_predicted,0.25,3,3,TATCGGTTATAGTCAATAGC,0,5026308
yjbJ_predicted,0.25,3,3,TATACCTGCTCACAGAGTTT,0,5018723
yjbJ_predicted,0.25,3,3,TATACAGCCAACACATGTAC,0,5019861
yjbJ_predicted,0.25,3,3,TAGGTCTTAGGGATGACTAA,0,5004252
yjbJ_predicted,0.25,3,3,TAGGGGGGTTGAAAAGTGTG,0,5015474
yjbJ_predicted,0.25,3,3,TAGGGCCGTACTCATATTTT,0,5021025
yjbJ_predicted,0.25,3,3,TAGATCCAACTGTACGCCGG,0,5008541
yjbJ_predicted,0.25,3,3,TACTCGATTCTCAATGAGCG,0,5023044
yjbJ_predicted,0.25,3,3,TACGTCCTCGCCGTCCGGCA,0,5021396
yjbJ_predicted,0.25,3,3,TACGCGGACAACGATCAAGA,0,5013546
yjbJ_predicted,0.25,3,3,TACGCAGATCATTATCACGT,0,5019153
yjbJ_predicted,0.25,3,3,TACGAGGGCGCGGCACCTCA,0,4996384
yjbJ_predicted,0.25,3,3,TACGAGCATGCCCAGCCAAG,0,5028854
yjbJ_predicted,0.25,3,3,TACGAACTAAGTAGTCGTAC,0,5012133
yjbJ_predicted,0.25,3,3,TACCTTCCTTACAGTTCGGG,0,5028635
yjbJ_predicted,0.25,3,3,TACAAGGTAGTTCTCCTCAG,0,5022039
yjbJ_predicted,0.25,3,3,TACAACATCCCAGCAGCGAA,0,5009123
yjbJ_predicted,0.25,3,3,TAATTCGAAGAGTAGATTCT,0,5024607
yjbJ_predicted,0.25,3,3,TAAGTTCCCTGCGAATTGGT,0,5014698
yjbJ_predicted,0.25,3,3,TAAGTACGGTTTTTTCAGAT,0,5021653
yjbJ_predicted,0.25,3,3,TAAGGAGTCACCAATTGGCT,0,5020694
yjbJ_predicted,0.25,3,3,TAAGCCGCGTTTCGCCATGG,0,5007829
yjbJ_predicted,0.25,3,3,TAACTGACGAACGTGATGCT,0,5022248
yjbJ_predicted,0.25,3,3,TAAATTTTGGCGGACGCTGG,0,5006645
yjbJ_predicted,0.25,3,3,GTTTTTGGGCTACCCGGTTC,0,5031049
yjbJ_predicted,0.25,3,3,GTTTGAGTTTCATACACCTC,0,5010085
yjbJ_predicted,0.25,3,3,GTTTCTTCACCTGGTCCGTA,0,5000784
yjbJ_predicted,0.25,3,3,GTTTCAAGAGCACGCCCCGA,0,5023025
yjbJ_predicted,0.25,3,3,GTTGGACGGCTAAAGTCGAG,0,5006100
yjbJ_predicted,0.25,3,3,GTTGCCGGCTACGCGGAGCA,0,5003205
yjbJ_predicted,0.25,3,3,GTTGATATTCATGGATCTGA,0,5002573
yjbJ_predicted,0.25,3,3,GTTCTTATTTCAGTTGATTA,0,5025241
yjbJ_predicted,0.25,3,3,GTTCTCGTTTCATAGTACTA,0,5008343
yjbJ_predicted,0.25,3,3,GTTCTAATTGCCACTAGGCA,0,5025835
yjbJ_predicted,0.25,3,3,GTTCTAAAGTCTCCGCCGCA,0,5003548
yjbJ_predicted,0.25,3,3,GTTCCTCGACCTCGGTTGAC,0,5021601
yjbJ_predicted,0.25,3,3,GTTCCCGCCCTCGTCCCAAG,0,5024400
yjbJ_predicted,0.25,3,3,GTTCCATTATGTGTAGTTGG,0,5020864
yjbJ_predicted,0.25,3,3,GTTACTTTAAGGTTTAATTC,0,5016732
yjbJ_predicted,0.25,3,3,GTTACTCGACGGGACCACAC,0,5002420
yjbJ_predicted,0.25,3,3,GTTACGGTGAGGTACATATT,0,5022372
yjbJ_predicted,0.25,3,3,GTTAATTCCGAAAAGACGAA,0,5015608
yjbJ_predicted,0.25,3,3,GTGTGTTGCCGATTGGGAAG,0,5002351
yjbJ_predicted,0.25,3,3,GTGTGGGATGCCACGCTCAA,0,5002725
yjbJ_predicted,0.25,3,3,GTGTGCCTCCTAAGCGTTCG,0,5026781
yjbJ_predicted,0.25,3,3,GTGTCCCCCGGGCCTATTAA,0,5015035
yjbJ_predicted,0.25,3,3,GTGGCTATTTTCCCAGAGTC,0,4999332
yjbJ_predicted,0.25,3,3,GTGGCTACGCAGGACGTGTC,0,5005874
yjbJ_predicted,0.25,3,3,GTGGCGGTTTTGTGAAGTTG,0,5027464
yjbJ_predicted,0.25,3,3,GTGGCAGGCCAGTAGAACTG,0,5013356
yjbJ_predicted,0.25,3,3,GTGGATGCTGGTTGATATGA,0,5027914
yjbJ_predicted,0.25,3,3,GTGGACATGCTGAGAATCCT,0,4999244
yjbJ_predicted,0.25,3,3,GTGCTATCGATTTGGGTTCT,0,5018659
yjbJ_predicted,0.25,3,3,GTGCTAGAAAATCAGGGCTT,0,5009689
yjbJ_predicted,0.25,3,3,GTGCAGTCTAGGCTGCTCGG,0,5024891
yjbJ_predicted,0.25,3,3,GTGCAACATATCAAGAAATG,0,5005042
yjbJ_predicted,0.25,3,3,GTGACAAAGCGCAGTACTAC,0,5018095
yjbJ_predicted,0.25,3,3,GTGAAGGAGGAACACGGGGG,0,5026593
yjbJ_predicted,0.25,3,3,GTCTGTAATGAAGCCGATAT,0,5023139
yjbJ_predicted,0.25,3,3,GTCTGACTCGGCTTAACACG,0,5029358
yjbJ_predicted,0.25,3,3,GTCGTAAAGGTGACATGTTG,0,5016850
yjbJ_predicted,0.25,3,3,GTCGGGTACGATACATCTGC,0,5018987
yjbJ_predicted,0.25,3,3,GTCGAGTGCGAGACACGCTT,0,5027879
yjbJ_predicted,0.25,3,3,GTCCTGATCCGGCAGCAATA,0,5007344
yjbJ_predicted,0.25,3,3,GTCCTATGGCGCAGGGCTTA,0,5029847
yjbJ_predicted,0.25,3,3,GTCCGCTTATCCATCCAATT,0,5014390
yjbJ_predicted,0.25,3,3,GTCCCCCTGTGTGTGTCGGC,0,5007461
yjbJ_predicted,0.25,3,3,GTCCAGAAGACCAAAAAGAG,0,5000441
yjbJ_predicted,0.25,3,3,GTCAGTCAGAGCTGCAGCAT,0,5015515
yjbJ_predicted,0.25,3,3,GTCAGGCATGAGTGATAAGT,0,5003957
yjbJ_predicted,0.25,3,3,GTCAGCACACGAATAAGGCA,0,5031028
yjbJ_predicted,0.25,3,3,GTCAACTTGGAAGCAATACC,0,5005147
yjbJ_predicted,0.25,3,3,GTATTTGGAGGCGACCACTC,0,5021846
yjbJ_predicted,0.25,3,3,GTATTATCATCTGATAACGC,0,5020032
yjbJ_predicted,0.25,3,3,GTATCACAACATCTGGGGTC,0,5001258
yjbJ_predicted,0.25,3,3,GTATAGTTCTACCTAATACA,0,5027772
yjbJ_predicted,0.25,3,3,GTATAAGAGGTTCGACATCA,0,5015776
yjbJ_predicted,0.25,3,3,GTATAACAATTCAGCTTGGT,0,5004839
yjbJ_predicted,0.25,3,3,GTAGTCCGTCGCACCCCCGT,0,5010710
yjbJ_predicted,0.25,3,3,GTAGGCCGTGGGACCTCGTC,0,4996121
yjbJ_predicted,0.25,3,3,GTAGGAGGATCTCGACGGTA,0,5008653
yjbJ_predicted,0.25,3,3,GTAGGACATCACATGGACCA,0,5021655
yjbJ_predicted,0.25,3,3,GTAGCATGTACGGATTCTTA,0,5022679
yjbJ_predicted,0.25,3,3,GTAGAGGGTAATATTGCATT,0,4999982
yjbJ_predicted,0.25,3,3,GTAGAATATGGACTAAGCTA,0,4999227
yjbJ_predicted,0.25,3,3,GTACGTTAAATACCGAGTAG,0,5003524
yjbJ_predicted,0.25,3,3,GTACGCTGAGCGTTAGAGTC,0,5007391
yjbJ_predicted,0.25,3,3,GTACGCTCGATACCGGACAC,0,5017460
yjbJ_predicted,0.25,3,3,GTACCAGGGCCTAGAATAAT,0,5019140
yjbJ_predicted,0.25,3,3,GTACAGCTCAGCGGGGCGGG,0,5022186
yjbJ_predicted,0.25,3,3,GTACACGTAGTGCGCGGGGT,0,5029872
yjbJ_predicted,0.25,3,3,GTAATGTGATTCGTCAAGCT,0,5002273
yjbJ_predicted,0.25,3,3,GTAAGGCCATAGGTCCCAGA,0,5011642
yjbJ_predicted,0.25,3,3,GTAACGGGTTATTTTATTTA,0,4995006
yjbJ_predicted,0.25,3,3,GTAAAGTTGTTAAATGCTGT,0,5005333
yjbJ_predicted,0.25,3,3,GGTTGCATCCCGCGACACGG,0,5008329
yjbJ_predicted,0.25,3,3,GGTTGCAACGTATGAGTCAT,0,5008284
yjbJ_predicted,0.25,3,3,GGTTCTGCAAATTTTATTCT,0,4998758
yjbJ_predicted,0.25,3,3,GGTTCGCGACGACAACTACA,0,5022204
yjbJ_predicted,0.25,3,3,GGTTCCCGGAATCGTGTTCC,0,5018201
yjbJ_predicted,0.25,3,3,GGTTCCACCAGAGAGGTTCT,0,5007430
yjbJ_predicted,0.25,3,3,GGTTAGGCTGGGTCGGACGG,0,5008768
yjbJ_predicted,0.25,3,3,GGTTACAAGTGGCGATATTT,0,5020738
yjbJ_predicted,0.25,3,3,GGTGGGTAAGTCCCGAACTG,0,5020927
yjbJ_predicted,0.25,3,3,GGTGATACAGCCCCCGTTCC,0,5009707
yjbJ_predicted,0.25,3,3,GGTCGGTAGCCCAGTGCGTC,0,5024955
yjbJ_predicted,0.25,3,3,GGTCGAGTTTGAAATACTGA,0,5025525
yjbJ_predicted,0.25,3,3,GGTCCGGTGGTAACTGCTGT,0,5022507
yjbJ_predicted,0.25,3,3,GGTCCAGAGAGGTAGGTCGA,0,5003631
yjbJ_predicted,0.25,3,3,GGTAGGTAAGAGACGGAAAT,0,5028581
yjbJ_predicted,0.25,3,3,GGTAGAGCCTCGCCCTTATG,0,5015407
yjbJ_predicted,0.25,3,3,GGTACAGCAGGGTATTATAG,0,5020336
yjbJ_predicted,0.25,3,3,GGGTTTTTGGCGGGACTAAA,0,5018413
yjbJ_predicted,0.25,3,3,GGGTTAGGGCCGGTGGCTCC,0,5011535
yjbJ_predicted,0.25,3,3,GGGTGTATATCGTCGTCACT,0,4997645
yjbJ_predicted,0.25,3,3,GGGTAAAAGCACGTTTTTTA,0,5014073
yjbJ_predicted,0.25,3,3,GGGGTTGTCATTTTGTGGCC,0,5013992
yjbJ_predicted,0.25,3,3,GGGGGAATTTTCAATATAAG,0,5030689
yjbJ_predicted,0.25,3,3,GGGGCAACTCCGCACAATCA,0,5012506
yjbJ_predicted,0.25,3,3,GGGGATCACAATGTTGAAAA,0,5029592
yjbJ_predicted,0.25,3,3,GGGCTCGGTGAGATTTGTCC,0,5027969
yjbJ_predicted,0.25,3,3,GGGCTAAAAGAGGAATCTGT,0,5010491
yjbJ_predicted,0.25,3,3,GGGCGCGCAAATGCCAGCCC,0,5028859
yjbJ_predicted,0.25,3,3,GGGCGAATAGCATTACGAAT,0,5021391
yjbJ_predicted,0.25,3,3,GGGCATGCAGAAGCTAGCTT,0,5018301
yjbJ_predicted,0.25,3,3,GGGCATAGCTGTCACTGATA,0,5028118
yjbJ_predicted,0.25,3,3,GGGATTTCAAAACACAGTAA,0,5018013
yjbJ_predicted,0.25,3,3,GGGATTCCGTGAAGTCCAGT,0,5027694
yjbJ_predicted,0.25,3,3,GGGATTCCCGCAAATTGAGA,0,5025808
yjbJ_predicted,0.25,3,3,GGGAGAGGACACAGTGGCCT,0,5006215
yjbJ_predicted,0.25,3,3,GGGAACAGATGGGATAACCA,0,5021378
yjbJ_predicted,0.25,3,3,GGCTGTCAACTGTCTCCTCC,0,5012901
yjbJ_predicted,0.25,3,3,GGCTGCGTGTTGATGCAGGC,0,4996493
yjbJ_predicted,0.25,3,3,GGCGTTGGATCCCGCTGCGG,0,5000934
yjbJ_predicted,0.25,3,3,GGCGTCCAACGGGCTCCAAC,0,5003412
yjbJ_predicted,0.25,3,3,GGCGGTGAGTTGAAAATGTG,0,5010426
yjbJ_predicted,0.25,3,3,GGCCGTTGCTTGTTTCAGGA,0,5005279
yjbJ_predicted,0.25,3,3,GGCCGGGATCGCCACATGTA,0,5027176
yjbJ_predicted,0.25,3,3,GGCCCGGGCCGATCAAGTAT,0,5024973
yjbJ_predicted,0.25,3,3,GGCCCGCCACATATGATTAA,0,5008490
yjbJ_predicted,0.25,3,3,GGCCCCGATGCCTCTTTCGT,0,5023141
yjbJ_predicted,0.25,3,3,GGCATGCCCAGGGGGCTTTC,0,5027084
yjbJ_predicted,0.25,3,3,GGCATCCCCTACGCCCCGTC,0,5024774
yjbJ_predicted,0.25,3,3,GGCACAGAGAAGATTAGAAT,0,5017828
yjbJ_predicted,0.25,3,3,GGATGATGCACCGCCGCCTA,0,5013104
yjbJ_predicted,0.25,3,3,GGATCTAGCTAATCATACAT,0,5003388
yjbJ_predicted,0.25,3,3,GGAGTCCTCTGCGGCTTGAC,0,5024368
yjbJ_predicted,0.25,3,3,GGAGGGCTTACTGTGAAGGA,0,5021206
yjbJ_predicted,0.25,3,3,GGAGAAGCTCGACCATTCCA,0,4994692
yjbJ_predicted,0.25,3,3,GGACCACCGCACAAGATCGC,0,4994973
yjbJ_predicted,0.25,3,3,GGACATCAAAGGGGGTGTAC,0,5022758
yjbJ_predicted,0.25,3,3,GGAAGCATGATATCTAGAGT,0,5025989
yjbJ_predicted,0.25,3,3,GGAACGAGGTATTTAGAACG,0,5002546
yjbJ_predicted,0.25,3,3,GGAACCTGGGGGCCAGAACT,0,5024951
yjbJ_predicted,0.25,3,3,GGAAACGAGACAACGGTAGA,0,5030424
yjbJ_predicted,0.25,3,3,GCTTTAGCATCAATCTTCCA,0,5016104
yjbJ_predicted,0.25,3,3,GCTTGTCATACATCTTATAG,0,5013265
yjbJ_predicted,0.25,3,3,GCTTGGATTTAAAGGTTGTG,0,5010672
yjbJ_predicted,0.25,3,3,GCTTCGAACGGTACGTCAAG,0,4995484
yjbJ_predicted,0.25,3,3,GCTGGCGTACACCGGACATC,0,5013671
yjbJ_predicted,0.25,3,3,GCTGCCCAGTAGGTAGGTGT,0,5018144
yjbJ_predicted,0.25,3,3,GCTCTCTAACGTAGTTATGT,0,5016675
yjbJ_predicted,0.25,3,3,GCTCCGGCCCGCGTTTGTCC,0,5029217
yjbJ_predicted,0.25,3,3,GCTCCGCTAACCAGGATCTT,0,5005230
yjbJ_predicted,0.25,3,3,GCTATTTGCTGGTCGTTAAA,0,5016416
yjbJ_predicted,0.25,3,3,GCTATCGAGGTCTATCGAGG,0,5028834
yjbJ_predicted,0.25,3,3,GCTAGTGCAAATCATGTTAT,0,4999112
yjbJ_predicted,0.25,3,3,GCTAATGGGTTGTCCTCTGA,0,5004990
yjbJ_predicted,0.25,3,3,GCGGTCTATGTTGGGATGCC,0,5024818
yjbJ_predicted,0.25,3,3,GCGGTCAGGGCGGATCGTGG,0,5027205
yjbJ_predicted,0.25,3,3,GCGGACTACTTGTCAGTCTA,0,5021552
yjbJ_predicted,0.25,3,3,GCGCTTAGGATCGGGGGTGT,0,5028275
yjbJ_predicted,0.25,3,3,GCGCGATTGCGTGAATAACT,0,5025694
yjbJ_predicted,0.25,3,3,GCGATCAGTTGATCGAGTTT,0,5025144
yjbJ_predicted,0.25,3,3,GCGAGCCAGAGACATTGCCC,0,5008406
yjbJ_predicted,0.25,3,3,GCCTGAGCTCAGAACGCTAC,0,5017647
yjbJ_predicted,0.25,3,3,GCCTCTGGCAAACTTACCCC,0,5007496
yjbJ_predicted,0.25,3,3,GCCTAAAAATCTTCAACATA,0,5008895
yjbJ_predicted,0.25,3,3,GCCGTCACTATGCAGTCTCA,0,5023672
yjbJ_predicted,0.25,3,3,GCCGGTAGGACCTGCTACGG,0,5017651
yjbJ_predicted,0.25,3,3,GCCGGCTCTTCTCGCCTGGC,0,5006482
yjbJ_predicted,0.25,3,3,GCCGCTCATTGAAGACACGG,0,5022761
yjbJ_predicted,0.25,3,3,GCCGACCAGTCATACCTGAC,0,5008120
yjbJ_predicted,0.25,3,3,GCCCTTGCCCCGGTGTGCTT,0,5011500
yjbJ_predicted,0.25,3,3,GCCCGTGTAGATGGAACTCT,0,5000845
yjbJ_predicted,0.25,3,3,GCCCGCGGATTATTCGGGTG,0,5021174
yjbJ_predicted,0.25,3,3,GCCCGATGAGCAGTGGTAAC,0,5016244
yjbJ_predicted,0.25,3,3,GCCCCGAAGCTCTTTAACGT,0,5022781
yjbJ_predicted,0.25,3,3,GCCCCAGAACGGCCTAATTT,0,4996945
yjbJ_predicted,0.25,3,3,GCCCAGTGTAGGAGCGAGCT,0,4996671
yjbJ_predicted,0.25,3,3,GCCATCCGACACTTGATTCT,0,4995487
yjbJ_predicted,0.25,3,3,GCATGGGGCCTTCGGGGTTC,0,5009601
yjbJ_predicted,0.25,3,3,GCATGGGCCAGGAAATAGAA,0,5002747
yjbJ_predicted,0.25,3,3,GCATCCTCAACATGGTTGTT,0,5010544
yjbJ_predicted,0.25,3,3,GCAGTTTCATAGATTCATCT,0,5022033
yjbJ_predicted,0.25,3,3,GCAGGAGGGCTAATCCACGT,0,5016243
yjbJ_predicted,0.25,3,3,GCAGCTTGACATTGGGCAAA,0,5006470
yjbJ_predicted,0.25,3,3,GCAGCGATTAGCGCGACACA,0,5002633
yjbJ_predicted,0.25,3,3,GCAGATTTCGATGGGCAGTA,0,5009767
yjbJ_predicted,0.25,3,3,GCACGCGGTGAGGAGATGAT,0,4999438
yjbJ_predicted,0.25,3,3,GCAAGACGGCGGGTGAACAG,0,4998946
yjbJ_predicted,0.25,3,3,GCAACAGTAAGCGCGCTCTA,0,4995027
yjbJ_predicted,0.25,3,3,GCAACAAACGTCGTGTGCTC,0,5006293
yjbJ_predicted,0.25,3,3,GATTTATGCATTAGACTATA,0,5030601
yjbJ_predicted,0.25,3,3,GATTGGCTGTCTTCTCACAG,0,5002465
yjbJ_predicted,0.25,3,3,GATTCGAATGCAAATGGAGT,0,5009700
yjbJ_predicted,0.25,3,3,GATTATCAATTCTGGAACGA,0,5003206
yjbJ_predicted,0.25,3,3,GATTACTTGCCGGGGGCACA,0,5023904
yjbJ_predicted,0.25,3,3,GATGGGGTTAATTACTATAC,0,5026034
yjbJ_predicted,0.25,3,3,GATGACACCAGGACCTGATT,0,5027621
yjbJ_predicted,0.25,3,3,GATCTTGATCCAATGTTCGA,0,5030014
yjbJ_predicted,0.25,3,3,GATCCCTCGAATTAGTTTTG,0,4999745
yjbJ_predicted,0.25,3,3,GATCAAACATTAACAACGTT,0,5001668
yjbJ_predicted,0.25,3,3,GATATTGCAGAACGGGGCTA,0,5016631
yjbJ_predicted,0.25,3,3,GATAGCGTTCTGCTAGAAAT,0,5020563
yjbJ_predicted,0.25,3,3,GATAGAGTTCACATCCTACA,0,5017427
yjbJ_predicted,0.25,3,3,GATACGACAACAATGGATGT,0,5016834
yjbJ_predicted,0.25,3,3,GATACCTTGCATCGGCTAAG,0,5002310
yjbJ_predicted,0.25,3,3,GATAAAATACGTGCCTAGCC,0,5025848
yjbJ_predicted,0.25,3,3,GATAAAAATTTTGTTCGCCA,0,5015984
yjbJ_predicted,0.25,3,3,GAGTTAGTCAAGGGCAACTC,0,5026458
yjbJ_predicted,0.25,3,3,GAGTGGTAGTTCGACAACGT,0,5008958
yjbJ_predicted,0.25,3,3,GAGTCTAACGGAACCGATTC,0,5005231
yjbJ_predicted,0.25,3,3,GAGGTTCCGCTTACCGCGCG,0,4999138
yjbJ_predicted,0.25,3,3,GAGGTTAGTCTAGCGCTATC,0,5025650
yjbJ_predicted,0.25,3,3,GAGGTATATCCCTCGAGGCT,0,5009001
yjbJ_predicted,0.25,3,3,GAGGTAAGGGCAGTCGGGCA,0,5023830
yjbJ_predicted,0.25,3,3,GAGGCTAAACTAACACCGCA,0,5030808
yjbJ_predicted,0.25,3,3,GAGCTTTGTATAGGTATGTC,0,5002098
yjbJ_predicted,0.25,3,3,GAGCGTGGGACTGGCAGGGA,0,5014905
yjbJ_predicted,0.25,3,3,GAGAGCACACATGTACTTCT,0,5005677
yjbJ_predicted,0.25,3,3,GAGACAAACATCTGCAAGGT,0,4996683
yjbJ_predicted,0.25,3,3,GACTCTAAACAAGCCTTGGT,0,5026387
yjbJ_predicted,0.25,3,3,GACTCAGTCGAAGCCGAAAA,0,5024465
yjbJ_predicted,0.25,3,3,GACGGGAAGTCTTCACGAAG,0,5004139
yjbJ_predicted,0.25,3,3,GACGCAATGTTCAGTTCAAC,0,5024533
yjbJ_predicted,0.25,3,3,GACGATACGGTTTAAAAGAT,0,4996356
yjbJ_predicted,0.25,3,3,GACACTGTGAGCGCGAGAAG,0,4997862
yjbJ_predicted,0.25,3,3,GACAACTTGCTAAGTACAGG,0,5002212
yjbJ_predicted,0.25,3,3,GAATTACTTCTTTCCGATAA,0,5000342
yjbJ_predicted,0.25,3,3,GAATGCGTGTAACGTCAGGA,0,5015946
yjbJ_predicted,0.25,3,3,GAATAACATTGTACTACTGG,0,5005413
yjbJ_predicted,0.25,3,3,GAAGGCACCGACCGGCCGGA,0,5009271
yjbJ_predicted,0.25,3,3,GAAGCCGATACCTGAGGAGA,0,5008952
yjbJ_predicted,0.25,3,3,GAAGAGAAGAACACTGAGGT,0,5014921
yjbJ_predicted,0.25,3,3,GAACCACGAGGGGATCTACC,0,5009939
yjbJ_predicted,0.25,3,3,GAAATATATGCGCCGGGGCA,0,4995640
yjbJ_predicted,0.25,3,3,GAAATAACGGGCGGAAATTC,0,5024052
yjbJ_predicted,0.25,3,3,CTTTTTCAGAGAGCATCAGT,0,5023565
yjbJ_predicted,0.25,3,3,CTTTTCGTTGCAAGTAGTGC,0,5005358
yjbJ_predicted,0.25,3,3,CTTTTCGGCTTCTTTCGTGT,0,5013353
yjbJ_predicted,0.25,3,3,CTTTTCAAATCAGCGAGACA,0,5010387
yjbJ_predicted,0.25,3,3,CTTTGTGACGCCTAACCGGT,0,5029740
yjbJ_predicted,0.25,3,3,CTTTCCAGCCGCGCTGACTG,0,5011550
yjbJ_predicted,0.25,3,3,CTTTAGGACATTCCCTATGT,0,5021888
yjbJ_predicted,0.25,3,3,CTTTAAGGTGAGCGGGGACG,0,5023322
yjbJ_predicted,0.25,3,3,CTTGGCCCAGCGACTCTCTG,0,5000401
yjbJ_predicted,0.25,3,3,CTTGGAGTGTTAAGTAAAGT,0,5024781
yjbJ_predicted,0.25,3,3,CTTCTGCTCAAATGAGTGAC,0,5030716
yjbJ_predicted,0.25,3,3,CTTCTCAGTCATATATTAAC,0,5015812
yjbJ_predicted,0.25,3,3,CTTCCTATTGAATCGGCAAA,0,5027942
yjbJ_predicted,0.25,3,3,CTTCATTATTGTGCGTAGTT,0,4995531
yjbJ_predicted,0.25,3,3,CTTCAGGGCAAGGAGTTCCA,0,5016112
yjbJ_predicted,0.25,3,3,CTTCAGAGCACTAAGTGCAA,0,5001025
yjbJ_predicted,0.25,3,3,CTTATGGTAAGTGCCGCGCT,0,5002891
yjbJ_predicted,0.25,3,3,CTTACTACTATTTATGGTTG,0,5022287
yjbJ_predicted,0.25,3,3,CTTAAGAGGATATAGTGCTC,0,5006441
yjbJ_predicted,0.25,3,3,CTGTGAACGAGCGGTTTTTA,0,5010138
yjbJ_predicted,0.25,3,3,CTGTCCCAATGGCGTTCGAT,0,5016948
yjbJ_predicted,0.25,3,3,CTGTAAAACATCCGTTATGA,0,5021107
yjbJ_predicted,0.25,3,3,CTGCTTAGGCGGGACTTACT,0,5025163
yjbJ_predicted,0.25,3,3,CTGCCCAGGTGGCCAAGCCC,0,5017165
yjbJ_predicted,0.25,3,3,CTGCATTCCACTCGGCAAAA,0,5014863
yjbJ_predicted,0.25,3,3,CTGATGAGTTCGATCCGGTT,0,5020463
yjbJ_predicted,0.25,3,3,CTGACGGGCTGCTGCGTTAC,0,5027699
yjbJ_predicted,0.25,3,3,CTGACGAACGCTGGGTATTT,0,5027671
yjbJ_predicted,0.25,3,3,CTGACAATACCTACGGCACT,0,4997725
yjbJ_predicted,0.25,3,3,CTCTCTAATCCCCGGTCATA,0,5012990
yjbJ_predicted,0.25,3,3,CTCTCGGTGGAAATGTGTCA,0,5031165
yjbJ_predicted,0.25,3,3,CTCTAGACCAGACCGTGGAC,0,5011303
yjbJ_predicted,0.25,3,3,CTCGTTGAGTTAAGTCAGCT,0,5002708
yjbJ_predicted,0.25,3,3,CTCGGGTGCTGTCTTAGATC,0,5007080
yjbJ_predicted,0.25,3,3,CTCGGCGTGGGCGGTTCGCG,0,4999551
yjbJ_predicted,0.25,3,3,CTCGAAATCATTAATGCTGC,0,5029432
yjbJ_predicted,0.25,3,3,CTCCTTCCGGTGTGCCGAGT,0,5007492
yjbJ_predicted,0.25,3,3,CTCCGGTCAGATTACGTCCT,0,5001452
yjbJ_predicted,0.25,3,3,CTCCGAATTCAGCGCGCCAT,0,5009216
yjbJ_predicted,0.25,3,3,CTCCCCTCTCAGGCTATACA,0,5003700
yjbJ_predicted,0.25,3,3,CTCCACTTGTGAGGGGGACC,0,5007570
yjbJ_predicted,0.25,3,3,CTCATAGCTGCGCGAGATCT,0,5023375
yjbJ_predicted,0.25,3,3,CTCAGCCGTAGCGTCATAAT,0,5023782
yjbJ_predicted,0.25,3,3,CTCACGTCCCGGGTGCGATT,0,4997838
yjbJ_predicted,0.25,3,3,CTATGAGTGTATGAAACCAT,0,4997065
yjbJ_predicted,0.25,3,3,CTATACTAGCATCTGCCCCG,0,5021806
yjbJ_predicted,0.25,3,3,CTAGTCGTGAAAGTGCTTCC,0,5024980
yjbJ_predicted,0.25,3,3,CTAGGCAAGATGTATGTTGG,0,5012409
yjbJ_predicted,0.25,3,3,CTAGGAATATGAGGGCTTGA,0,5024901
yjbJ_predicted,0.25,3,3,CTACTACTGGCTAGCACCAC,0,5005175
yjbJ_predicted,0.25,3,3,CTACGGCAATAGGGTGGACA,0,5015432
yjbJ_predicted,0.25,3,3,CTACGAGAACACTCGTGGAA,0,5028592
yjbJ_predicted,0.25,3,3,CTACCTACTCGTATATGGCT,0,5014575
yjbJ_predicted,0.25,3,3,CTACCCCCGCTCGCAGCGGT,0,5002392
yjbJ_predicted,0.25,3,3,CTACACAAACATTGTGCAGA,0,4999412
yjbJ_predicted,0.25,3,3,CTAACCCTAGCGGGGGTCGG,0,5001330
yjbJ_predicted,0.25,3,3,CTAACCCCTTTCACTCAACT,0,5019535
yjbJ_predicted,0.25,3,3,CGTTTTTGTCCACTATATGG,0,5007132
yjbJ_predicted,0.25,3,3,CGTTTAAGGCCAATATAATC,0,5019532
yjbJ_predicted,0.25,3,3,CGTTGACAGTGCGGCGTCCT,0,5005805
yjbJ_predicted,0.25,3,3,CGTTCTACAAGAATGTGCCG,0,5014832
yjbJ_predicted,0.25,3,3,CGTGTCCGACTTTACAGCCT,0,5013459
yjbJ_predicted,0.25,3,3,CGTGGCTTGCGTAATATAGA,0,4996861
yjbJ_predicted,0.25,3,3,CGTGAGGCGTACTGGAGGCA,0,4995552
yjbJ_predicted,0.25,3,3,CGTGAGACGGCGGCTATCGT,0,5016905
yjbJ_predicted,0.25,3,3,CGTCGAGGCCAACATGCGTC,0,5000054
yjbJ_predicted,0.25,3,3,CGTATACACGGCGATCGCTG,0,5001207
yjbJ_predicted,0.25,3,3,CGTAGGGCGAAGTGTATAGG,0,4995977
yjbJ_predicted,0.25,3,3,CGTAGCCTCAGCGATACCCG,0,5011255
yjbJ_predicted,0.25,3,3,CGTAGCCCGGCTGGAAACGG,0,4995788
yjbJ_predicted,0.25,3,3,CGTACTGTATTTGGCTACTT,0,5029549
yjbJ_predicted,0.25,3,3,CGTAATATTGCAGCCAAGTG,0,5006542
yjbJ_predicted,0.25,3,3,CGTAACAACGCTAAAGTAAG,0,5012657
yjbJ_predicted,0.25,3,3,CGGTTCACGAATAATCGACA,0,5016133
yjbJ_predicted,0.25,3,3,CGGTTAGCAACATTGCAGCC,0,5009064
yjbJ_predicted,0.25,3,3,CGGTCTACCTGCTCGGTACA,0,5015059
yjbJ_predicted,0.25,3,3,CGGTACGCTGGTTATCTGTA,0,4995426
yjbJ_predicted,0.25,3,3,CGGGTAAACGTTATTGCGAA,0,5027968
yjbJ_predicted,0.25,3,3,CGGGGGGCTGTTCTCACCTA,0,5021782
yjbJ_predicted,0.25,3,3,CGGGGCGAATAGAACTTACT,0,5014959
yjbJ_predicted,0.25,3,3,CGGGCACGTTACGGAGAAGC,0,4998064
yjbJ_predicted,0.25,3,3,CGGCGGCCGAGGGGATTCCT,0,5015002
yjbJ_predicted,0.25,3,3,CGGCGCGCGGACACGTTACA,0,5002477
yjbJ_predicted,0.25,3,3,CGGCGAGGTTTGCCTTGGAG,0,4998534
yjbJ_predicted,0.25,3,3,CGGCAGCTAATCAACCATGG,0,5017223
yjbJ_predicted,0.25,3,3,CGGACGTCCGCTGCCGCCTT,0,4995313
yjbJ_predicted,0.25,3,3,CGCTTCAAGAGGGACACCCC,0,5014725
yjbJ_predicted,0.25,3,3,CGCTGCACAATGCTATTGAT,0,5015414
yjbJ_predicted,0.25,3,3,CGCTCGTTGTGGAGATGTTA,0,5006856
yjbJ_predicted,0.25,3,3,CGCTATATAAGGCAAGGCAA,0,4997186
yjbJ_predicted,0.25,3,3,CGCGTAAATCGAAAGTGGGG,0,5029948
yjbJ_predicted,0.25,3,3,CGCGGGTACGGAAGCCTTGG,0,5021045
yjbJ_predicted,0.25,3,3,CGCGCGACCTGCGCTGTAGA,0,5004937
yjbJ_predicted,0.25,3,3,CGCGCATGCAGCGGGTCACG,0,5001834
yjbJ_predicted,0.25,3,3,CGCCTGGTGTACCAGGGGTT,0,5000637
yjbJ_predicted,0.25,3,3,CGCCGCTGTCGAAGACAGTG,0,5025570
yjbJ_predicted,0.25,3,3,CGCCGATGCGCTATGTTAAT,0,5006798
yjbJ_predicted,0.25,3,3,CGCCCGCTGATGCAGTTTGG,0,5002137
yjbJ_predicted,0.25,3,3,CGCCCGCATTTACCGCGCAA,0,4997630
yjbJ_predicted,0.25,3,3,CGCCATGGTTCAAGTCACGC,0,5025318
yjbJ_predicted,0.25,3,3,CGCCACGAAGTCTTTTGGAG,0,5000908
yjbJ_predicted,0.25,3,3,CGCAGTCTGCTATTGCTGCT,0,5010058
yjbJ_predicted,0.25,3,3,CGCAAGGCCCTAACAGTCAC,0,5002811
yjbJ_predicted,0.25,3,3,CGATTGAGTGAGAGCGGCAT,0,5018893
yjbJ_predicted,0.25,3,3,CGATGGTCTCTGCTCGAACA,0,4999506
yjbJ_predicted,0.25,3,3,CGATCATCACTCTCAACTGT,0,5028256
yjbJ_predicted,0.25,3,3,CGAGGGTCGAGCTAATACCT,0,5011356
yjbJ_predicted,0.25,3,3,CGAGCGGTCCATCTTCGTGA,0,5005445
yjbJ_predicted,0.25,3,3,CGAACCTCAGCATCGTATAC,0,5000525
yjbJ_predicted,0.25,3,3,CGAACCCATCAAGTCGTCGC,0,5010889
yjbJ_predicted,0.25,3,3,CCTGCTGTCGTTTTGTTGCT,0,5029680
yjbJ_predicted,0.25,3,3,CCTGCTCCGATACCTCCCCT,0,4999458
yjbJ_predicted,0.25,3,3,CCTGCTACCCCAGGACCCAT,0,5009354
yjbJ_predicted,0.25,3,3,CCTGAGTTTTTTTCCATTGC,0,5025171
yjbJ_predicted,0.25,3,3,CCTGAGCTGTTCGAAGGATA,0,4997926
yjbJ_predicted,0.25,3,3,CCTCTCCAGAGTTACACTCC,0,5025288
yjbJ_predicted,0.25,3,3,CCTCTATTTAGTACGGTCTA,0,5008165
yjbJ_predicted,0.25,3,3,CCTCGGCTCCTAATGGCTAA,0,5022632
yjbJ_predicted,0.25,3,3,CCTCCAGGCAGCACCGGTCA,0,4996499
yjbJ_predicted,0.25,3,3,CCTCACCTGCGATGCGAAGG,0,4996191
yjbJ_predicted,0.25,3,3,CCTAGCGGGAGTTGGTTTGC,0,5006683
yjbJ_predicted,0.25,3,3,CCGTTGTCATGAAATGGCTG,0,4996116
yjbJ_predicted,0.25,3,3,CCGTTGCCCAATGTGTGGTC,0,5016299
yjbJ_predicted,0.25,3,3,CCGTCAGAGCATAGAAATTT,0,5012033
yjbJ_predicted,0.25,3,3,CCGGGATTTGAAAGGCAGCA,0,5009119
yjbJ_predicted,0.25,3,3,CCGGGAAGGCGCCGAAGGAC,0,5022658
yjbJ_predicted,0.25,3,3,CCGGCGTGATATAGCCTGGT,0,5024961
yjbJ_predicted,0.25,3,3,CCGCTAACGAAGAAATAAGC,0,5019739
yjbJ_predicted,0.25,3,3,CCGCGGACAAGGGTTTGGTG,0,5006457
yjbJ_predicted,0.25,3,3,CCGCGATCTGGGCGTGAGCT,0,5004031
yjbJ_predicted,0.25,3,3,CCGCCGTCTTAACGGGAGTG,0,5015955
yjbJ_predicted,0.25,3,3,CCGCAGCTGTTGAGCTGCGA,0,5019969
yjbJ_predicted,0.25,3,3,CCGATTTCAGGGAGGCGCTG,0,4996487
yjbJ_predicted,0.25,3,3,CCGATGACCCCGTTTTAGGT,0,5004568
yjbJ_predicted,0.25,3,3,CCGAACCTGTCCGCGTGAGA,0,5009949
yjbJ_predicted,0.25,3,3,CCGAACCCTTTCACCTTATC,0,5002321
yjbJ_predicted,0.25,3,3,CCCTGTCACCCCTCGCTATC,0,5006719
yjbJ_predicted,0.25,3,3,CCCTCCTTTATTTATGTGAT,0,5017860
yjbJ_predicted,0.25,3,3,CCCGTCCGGCCCGCTGAATA,0,5015154
yjbJ_predicted,0.25,3,3,CCCGGCCACCCTACTACATA,0,4996704
yjbJ_predicted,0.25,3,3,CCCGCTTACTATCATTCTAG,0,5022736
yjbJ_predicted,0.25,3,3,CCCGAAGCACATAAAAAGGT,0,5017420
yjbJ_predicted,0.25,3,3,CCCCTTGATGGAGCGCTTAG,0,5017379
yjbJ_predicted,0.25,3,3,CCCCGAAGCATGAAATCGTG,0,5021142
yjbJ_predicted,0.25,3,3,CCCCAGGCCAGCCCCTTTAT,0,5000566
yjbJ_predicted,0.25,3,3,CCCCAACGGCTCAGTTACAT,0,5031084
yjbJ_predicted,0.25,3,3,CCCATCGAGTAGGCGTTGAA,0,5000539
yjbJ_predicted,0.25,3,3,CCCATATTTGTATTTGCTTA,0,5026824
yjbJ_predicted,0.25,3,3,CCCATAGTAACATTGGAATC,0,5028704
yjbJ_predicted,0.25,3,3,CCCACAGAGCTTCTTAATTG,0,4996381
yjbJ_predicted,0.25,3,3,CCCAAGGCGGTAAATGTGAC,0,5026202
yjbJ_predicted,0.25,3,3,CCCAAGGAGCGCGCAAGAAA,0,5006580
yjbJ_predicted,0.25,3,3,CCCAACTCACGGAGTGATCG,0,5009334
yjbJ_predicted,0.25,3,3,CCATTGCACGTTGGGCTACT,0,5006933
yjbJ_predicted,0.25,3,3,CCATGGGGAGTGTGTTATCA,0,4999196
yjbJ_predicted,0.25,3,3,CCATCGACTATGGCTGTGCC,0,5009382
yjbJ_predicted,0.25,3,3,CCAGGCGCGCATGCACAGCT,0,5017273
yjbJ_predicted,0.25,3,3,CCAGGCCTTAGACAAGTGGG,0,5020275
yjbJ_predicted,0.25,3,3,CCAGCCGATGGTCACGAGGA,0,5023754
yjbJ_predicted,0.25,3,3,CCAGAGAGTCACCGATTAGG,0,5010730
yjbJ_predicted,0.25,3,3,CCAGAAATCCTCGGCCCGGT,0,5019129
yjbJ_predicted,0.25,3,3,CCAGAAAAGGGGTTAGAGCT,0,4995755
yjbJ_predicted,0.25,3,3,CCACTTACCTACTGGGAATT,0,5009349
yjbJ_predicted,0.25,3,3,CCACTGATCAAATGCTTAGA,0,5005379
yjbJ_predicted,0.25,3,3,CCACTAAACGTCCAGTCGTA,0,5010004
yjbJ_predicted,0.25,3,3,CCACGCAAGTGTGGGGTTTC,0,5021519
yjbJ_predicted,0.25,3,3,CCACGACAGTAATAGCGGAG,0,5003772
yjbJ_predicted,0.25,3,3,CCACCTACCCGCGATGCCAT,0,5011438
yjbJ_predicted,0.25,3,3,CCACCAGCATGGGCAGCCGA,0,5013490
yjbJ_predicted,0.25,3,3,CCACAGGTTAACTTGAGACA,0,5008901
yjbJ_predicted,0.25,3,3,CCACAAGGAAGATTACGTGC,0,5009448
yjbJ_predicted,0.25,3,3,CCAAGGACATGTTAGGTACG,0,5014804
yjbJ_predicted,0.25,3,3,CATTTTACGGGATTAGCCTA,0,5027087
yjbJ_predicted,0.25,3,3,CATTGTTAAGCAGGCATTCT,0,5001021
yjbJ_predicted,0.25,3,3,CATTCCATGTCCGCCAGGGG,0,5011655
yjbJ_predicted,0.25,3,3,CATGGGTTTAATGAGCCGCG,0,5007754
yjbJ_predicted,0.25,3,3,CATGGCCTATGACGGTATCA,0,5008933
yjbJ_predicted,0.25,3,3,CATGGCATATTTGAGACGCC,0,5012492
yjbJ_predicted,0.25,3,3,CATCTACGTGCTGATCAGCA,0,4995969
yjbJ_predicted,0.25,3,3,CATCGTTAATGACAAGAATG,0,5006862
yjbJ_predicted,0.25,3,3,CATCGCCCAGCAGCCTAGAT,0,5013599
yjbJ_predicted,0.25,3,3,CATCCTCTGTTGTTACGCTC,0,5023867
yjbJ_predicted,0.25,3,3,CATCCACGCGTCTCAATTCG,0,5022027
yjbJ_predicted,0.25,3,3,CATATTTAGGATTGACAGAT,0,5020426
yjbJ_predicted,0.25,3,3,CATAGTAAGGTGAGGATGAG,0,5000041
yjbJ_predicted,0.25,3,3,CATAGGGGGGTGGGGACCGT,0,5021691
yjbJ_predicted,0.25,3,3,CATAGGGGCCACATAATGGA,0,4998122
yjbJ_predicted,0.25,3,3,CATACACTAGCGATATTATA,0,5025307
yjbJ_predicted,0.25,3,3,CAGTTAAGTGATAAGGACTA,0,5030034
yjbJ_predicted,0.25,3,3,CAGTGTTACCCAGCCCCGCC,0,5017732
yjbJ_predicted,0.25,3,3,CAGTGGAGCAAACTGCCGCC,0,5001486
yjbJ_predicted,0.25,3,3,CAGGTCCTTATCTAATTGTA,0,4994961
yjbJ_predicted,0.25,3,3,CAGGTATCATCACTGGGGTC,0,5026884
yjbJ_predicted,0.25,3,3,CAGGCTAGCCGGGCATAGTT,0,5006546
yjbJ_predicted,0.25,3,3,CAGGCGTCCTAAAGCTACTT,0,5015437
yjbJ_predicted,0.25,3,3,CAGGACCGACCTTCAAAGCA,0,5002996
yjbJ_predicted,0.25,3,3,CAGCGCTAGGTATCGATTGT,0,5027844
yjbJ_predicted,0.25,3,3,CAGCCTAGCCCCCCTACTAC,0,5005414
yjbJ_predicted,0.25,3,3,CAGATTCACTGTTGATCATA,0,5004023
yjbJ_predicted,0.25,3,3,CAGAACCATGGACGGGTTGT,0,5009954
yjbJ_predicted,0.25,3,3,CACTTCGTAAATAGGCAAAT,0,5017489
yjbJ_predicted,0.25,3,3,CACTGTACTATTCAGATCAC,0,5012927
yjbJ_predicted,0.25,3,3,CACGTACGTACATGATATAC,0,5027505
yjbJ_predicted,0.25,3,3,CACGGTAGAGGGTCACGAAC,0,5024857
yjbJ_predicted,0.25,3,3,CACGAGCTGTTCCTCTTTCT,0,5018911
yjbJ_predicted,0.25,3,3,CACCTCCGTGGCGGCGAGTT,0,4995932
yjbJ_predicted,0.25,3,3,CACCGTCTGGACGCGCATCT,0,5026122
yjbJ_predicted,0.25,3,3,CACCGTAGCGCCGCAGCCAG,0,5018799
yjbJ_predicted,0.25,3,3,CACCGCGCCAAAGGGGTGCA,0,5012873
yjbJ_predicted,0.25,3,3,CACATTCTCCGCTATAGAGC,0,5023319
yjbJ_predicted,0.25,3,3,CACAGGCTATATAGAAATCG,0,5012266
yjbJ_predicted,0.25,3,3,CACAAAGGTGAGTAACGAAG,0,5027137
yjbJ_predicted,0.25,3,3,CAATGTTGTGTTTTACCAGT,0,5011336
yjbJ_predicted,0.25,3,3,CAATGATCGGCTCATGGCTA,0,4997916
yjbJ_predicted,0.25,3,3,CAAGTCAGGGCTAGGATCAT,0,5008431
yjbJ_predicted,0.25,3,3,CAAGCTGAATTCATCACTTC,0,4996016
yjbJ_predicted,0.25,3,3,CAAGAGACTTCGGTATTCTA,0,5025721
yjbJ_predicted,0.25,3,3,CAACTAAGGAGCACCGGTAG,0,5002777
yjbJ_predicted,0.25,3,3,CAACAAGGCCGGCGGCCTCT,0,5015172
yjbJ_predicted,0.25,3,3,CAAAGGCCGTAGGCGCTTCC,0,5006821
yjbJ_predicted,0.25,3,3,CAAAGCACAGCTAACAAGAG,0,4996138
yjbJ_predicted,0.25,3,3,CAAAGCACACAACAGGGTAT,0,5004482
yjbJ_predicted,0.25,3,3,ATTTCGAGACATACTGCCGG,0,5025595
yjbJ_predicted,0.25,3,3,ATTTATTGATACATAGGCGG,0,5008723
yjbJ_predicted,0.25,3,3,ATTGGATAACCGCACCGCTC,0,4999277
yjbJ_predicted,0.25,3,3,ATTGCGTCACGATATGATCC,0,5024423
yjbJ_predicted,0.25,3,3,ATTGAGGCAGTTCTAGCTGT,0,5006039
yjbJ_predicted,0.25,3,3,ATTCGTGCCACAATAATGTT,0,5024610
yjbJ_predicted,0.25,3,3,ATTCGAGTAGTATGCACAAT,0,5013079
yjbJ_predicted,0.25,3,3,ATTCCTCTTTAGATACTGGG,0,5023743
yjbJ_predicted,0.25,3,3,ATTCAGCTACATGTTGCGCC,0,5029951
yjbJ_predicted,0.25,3,3,ATTCAGACGCATTGAGCCTT,0,5020618
yjbJ_predicted,0.25,3,3,ATTATCGCCATAAATCAATA,0,5030092
yjbJ_predicted,0.25,3,3,ATTAGGTGATCAATTAAACA,0,5024261
yjbJ_predicted,0.25,3,3,ATTAAGGCGAGCACGACGGT,0,5012350
yjbJ_predicted,0.25,3,3,ATGTATCGGGTATGACAGGT,0,5011251
yjbJ_predicted,0.25,3,3,ATGGTGCCTGAGTGCCTTTT,0,5000747
yjbJ_predicted,0.25,3,3,ATGGGTTTCTAAGCCTCAAC,0,5015699
yjbJ_predicted,0.25,3,3,ATGGCGGATCCCTAGGAAGA,0,5018806
yjbJ_predicted,0.25,3,3,ATGCTAGAATGGGGTAACAT,0,5002979
yjbJ_predicted,0.25,3,3,ATGACTTATCTCAGGTTCGC,0,5029635
yjbJ_predicted,0.25,3,3,ATGAACCGTTCGTTCAGATT,0,5024223
yjbJ_predicted,0.25,3,3,ATCGTGTTTATGGCCGCACT,0,5004540
yjbJ_predicted,0.25,3,3,ATCGGTCAGCTCCCGAGACA,0,5022174
yjbJ_predicted,0.25,3,3,ATCCTTCGTTCCCCTAGTCA,0,4995776
yjbJ_predicted,0.25,3,3,ATCCAATGAGAGCAACAAAC,0,5030004
yjbJ_predicted,0.25,3,3,ATCAGAGACAGCCTTTCTAA,0,5009261
yjbJ_predicted,0.25,3,3,ATCACCCACGTGTGATCTGA,0,5013496
yjbJ_predicted,0.25,3,3,ATCACATCGGTTTGACCCAT,0,5003233
yjbJ_predicted,0.25,3,3,ATCAAAGACCCCGAAAACCC,0,5015409
yjbJ_predicted,0.25,3,3,ATATACGGAGAAAGGTACCA,0,5001795
yjbJ_predicted,0.25,3,3,ATAGATTATCGAGCCGCGCG,0,4998018
yjbJ_predicted,0.25,3,3,ATAGATGGATACTGAGACGG,0,4994895
yjbJ_predicted,0.25,3,3,ATACTTTATGCCGCTTGATG,0,5010100
yjbJ_predicted,0.25,3,3,ATACTGTTCTCCAGTGTACA,0,4996474
yjbJ_predicted,0.25,3,3,ATACCCGGCTTAGGTTAAAC,0,5026140
yjbJ_predicted,0.25,3,3,ATACAAGGCTCCGGTGCGCT,0,5002584
yjbJ_predicted,0.25,3,3,ATAATTATTGTAATCGGATG,0,5000077
yjbJ_predicted,0.25,3,3,ATAATGCAACATATAGTAAC,0,5009478
yjbJ_predicted,0.25,3,3,ATAAGACTCGGTTGTTGACT,0,5022173
yjbJ_predicted,0.25,3,3,AGTTATGCTCCCACCCTGCA,0,5028468
yjbJ_predicted,0.25,3,3,AGTTATCGTCGTTGCGGTGG,0,4997462
yjbJ_predicted,0.25,3,3,AGTTATAGTACAAGTGAGCT,0,5004806
yjbJ_predicted,0.25,3,3,AGTGTCGGGAGGATGAATCG,0,5008721
yjbJ_predicted,0.25,3,3,AGTGGTTGGAGTCTGAGGTA,0,5015670
yjbJ_predicted,0.25,3,3,AGTGGGTTGGTCTTTGCCAA,0,5026310
yjbJ_predicted,0.25,3,3,AGTGGCCGTTGAATCAGTAA,0,5030825
yjbJ_predicted,0.25,3,3,AGTGCAACTTATGCATGCGG,0,5004843
yjbJ_predicted,0.25,3,3,AGTCTGCTCTGTCGCTCGTG,0,4997905
yjbJ_predicted,0.25,3,3,AGTCTACACCGCGAGTCCTA,0,5008469
yjbJ_predicted,0.25,3,3,AGTAGGTCTCCCCCTGAAGT,0,5005752
yjbJ_predicted,0.25,3,3,AGGTTTTCCCAGGATAGTAG,0,5012268
yjbJ_predicted,0.25,3,3,AGGTTTATGTTGTGGAAGAG,0,5004392
yjbJ_predicted,0.25,3,3,AGGTGATGCGAACCTCCTGA,0,4997525
yjbJ_predicted,0.25,3,3,AGGTATGTTGGTCCGGCCCA,0,5018414
yjbJ_predicted,0.25,3,3,AGGTAGCGCTTTCACTAAAT,0,5028052
yjbJ_predicted,0.25,3,3,AGGGGCTACGTGCGGTCGTT,0,5016797
yjbJ_predicted,0.25,3,3,AGGGGAGAACCGAAGCTAAT,0,4997548
yjbJ_predicted,0.25,3,3,AGGGACGAAGGTCAGCTTTC,0,5011109
yjbJ_predicted,0.25,3,3,AGGGAATGCTTTGCCACAGT,0,5020534
yjbJ_predicted,0.25,3,3,AGGCTGGCAGCGGGCCGACC,0,4997815
yjbJ_predicted,0.25,3,3,AGGATTCGTGAACGTGAAAT,0,5020443
yjbJ_predicted,0.25,3,3,AGGAGTTACTTACTTTGTAA,0,5016076
yjbJ_predicted,0.25,3,3,AGGACCCTCGTATGTTTATA,0,5005809
yjbJ_predicted,0.25,3,3,AGCTTGGGATATACAATGCC,0,5014553
yjbJ_predicted,0.25,3,3,AGCTTAATAGTTAGCATTTA,0,5031285
yjbJ_predicted,0.25,3,3,AGCGTGGACGGTGGCGTTTC,0,4999401
yjbJ_predicted,0.25,3,3,AGCGGTATCCGGATATGGCG,0,5004093
yjbJ_predicted,0.25,3,3,AGCGGCCGCACAGTTCCGCC,0,5028329
yjbJ_predicted,0.25,3,3,AGCGCTCTCGTCCGGCCGGA,0,5013794
yjbJ_predicted,0.25,3,3,AGCCGTACACTAGGAGAGAG,0,5021233
yjbJ_predicted,0.25,3,3,AGCCGGTTGTATGGGCCTGG,0,5009467
yjbJ_predicted,0.25,3,3,AGCCGCACGCACGCTATCAA,0,5001938
yjbJ_predicted,0.25,3,3,AGCCACATGGCCTCTAGCCA,0,5017680
yjbJ_predicted,0.25,3,3,AGCACATAGAGTTCCATTCG,0,5021629
yjbJ_predicted,0.25,3,3,AGCAAGTCTGGTGCCAGGGG,0,4999888
yjbJ_predicted,0.25,3,3,AGATTTCACGTAGCGTACAC,0,5004445
yjbJ_predicted,0.25,3,3,AGATTATTTGCTCCGCTCGC,0,5029017
yjbJ_predicted,0.25,3,3,AGATCAGTACATTTCCATCG,0,5001277
yjbJ_predicted,0.25,3,3,AGAGTATCGAATATCGGAAG,0,5016008
yjbJ_predicted,0.25,3,3,AGAGCGTCGAAGAGTCAAAA,0,5010301
yjbJ_predicted,0.25,3,3,AGAGATTCCGGTCCCGACAA,0,4996726
yjbJ_predicted,0.25,3,3,AGAGAGGGAAGTGTTCAGAT,0,5011843
yjbJ_predicted,0.25,3,3,AGACTTGACCAAAATCAGGA,0,5013196
yjbJ_predicted,0.25,3,3,AGACTCCACGTCAGGACCCT,0,5002971
yjbJ_predicted,0.25,3,3,AGACTATCTCTTCGTGCGCG,0,4998034
yjbJ_predicted,0.25,3,3,AGACGTCTACGTCCGAGGAT,0,5022647
yjbJ_predicted,0.25,3,3,AGACGAAGATGCCGGCTCCT,0,5009821
yjbJ_predicted,0.25,3,3,AGACAGGCTACGTGCAGCCC,0,5011765
yjbJ_predicted,0.25,3,3,AGACAATGTCATTAGTCTAG,0,5020684
yjbJ_predicted,0.25,3,3,AGAATACTACTACAACTGCA,0,5024045
yjbJ_predicted,0.25,3,3,ACTTGATTGGTATCACCACA,0,5015637
yjbJ_predicted,0.25,3,3,ACTTGACGTAACTAAACGGA,0,5010469
yjbJ_predicted,0.25,3,3,ACTTACCTCCATAATGCCAT,0,4997798
yjbJ_predicted,0.25,3,3,ACTGTTTATCCCCTGATTTT,0,5003358
yjbJ_predicted,0.25,3,3,ACTGGGTGGAGAAAGGGTGT,0,5016867
yjbJ_predicted,0.25,3,3,ACTCGGAAGCACGTGCTGAG,0,5012937
yjbJ_predicted,0.25,3,3,ACTCGCTCCGGAAGATGAGT,0,5002390
yjbJ_predicted,0.25,3,3,ACTCCAGAGAACGCCACAAA,0,5029353
yjbJ_predicted,0.25,3,3,ACTCAGCAATCAAAAACGAT,0,5025627
yjbJ_predicted,0.25,3,3,ACTAGAAGTGCCCGCTTTGC,0,5011978
yjbJ_predicted,0.25,3,3,ACGTTAGCGTAAACAGAAGA,0,5015347
yjbJ_predicted,0.25,3,3,ACGTGCCCGCCCATATACCA,0,4997840
yjbJ_predicted,0.25,3,3,ACGGGCATCTTACGTTCAAG,0,5025739
yjbJ_predicted,0.25,3,3,ACGGGACCTGCGGTGATTTA,0,5027519
yjbJ_predicted,0.25,3,3,ACGGCGAACGGGGTGGAATA,0,5013352
yjbJ_predicted,0.25,3,3,ACGGACAGGGCCGTAGAGTA,0,5015394
yjbJ_predicted,0.25,3,3,ACGCGGAAATCCACTTCCTC,0,5007629
yjbJ_predicted,0.25,3,3,ACGCCTCTAAAAAGGTGTGG,0,5022451
yjbJ_predicted,0.25,3,3,ACGCCCTCTGAGCCTACCGG,0,5026929
yjbJ_predicted,0.25,3,3,ACGACTGCCCTTGTGTGATT,0,5008733
yjbJ_predicted,0.25,3,3,ACCTTTGTCCAGGCCGCCCG,0,5027988
yjbJ_predicted,0.25,3,3,ACCTTGGCCCCCGGTGCTCA,0,5012321
yjbJ_predicted,0.25,3,3,ACCTTGACACGACTTCGGAT,0,5024855
yjbJ_predicted,0.25,3,3,ACCTTCGAGTATGCGCTGAT,0,5021013
yjbJ_predicted,0.25,3,3,ACCTGTCGGAATGCCCGGGA,0,4997450
yjbJ_predicted,0.25,3,3,ACCTGTACGCACGGGCGTCC,0,4999541
yjbJ_predicted,0.25,3,3,ACCGGGCTATAGGCGTATAC,0,5019271
yjbJ_predicted,0.25,3,3,ACCGAGGGGTGCATTTATAG,0,5024505
yjbJ_predicted,0.25,3,3,ACCGACTTCACAAAGTGTCT,0,5017293
yjbJ_predicted,0.25,3,3,ACCCTGTAGAGAAGTGTGGA,0,5005985
yjbJ_predicted,0.25,3,3,ACCCCCCGCATAGTCACATC,0,5017621
yjbJ_predicted,0.25,3,3,ACCATGCCTTTTATCCGCAA,0,5017050
yjbJ_predicted,0.25,3,3,ACCAGTCAGTCTGGTTATGG,0,5004996
yjbJ_predicted,0.25,3,3,ACCAGGGAGGGGTGTAAGTC,0,5020035
yjbJ_predicted,0.25,3,3,ACCAAGCCACCTTTATCCTA,0,5002155
yjbJ_predicted,0.25,3,3,ACCAAAAACTGGCGGCACGA,0,5019711
yjbJ_predicted,0.25,3,3,ACATGGTTCGCATGAGTCAT,0,5020949
yjbJ_predicted,0.25,3,3,ACATGGCTATGTTGAAATTT,0,4998762
yjbJ_predicted,0.25,3,3,ACATGGCAATATGGGTGCTA,0,5006955
yjbJ_predicted,0.25,3,3,ACATGAGGGACCGTCGAAGT,0,5011662
yjbJ_predicted,0.25,3,3,ACATGAACCTAAATAAGGTT,0,5002405
yjbJ_predicted,0.25,3,3,ACATCACCTGGTATAGATGT,0,5018732
yjbJ_predicted,0.25,3,3,ACATCAATACGGACGAGATT,0,5004987
yjbJ_predicted,0.25,3,3,ACATCAACGGCGGGTTTTCG,0,5022274
yjbJ_predicted,0.25,3,3,ACATAAAGCGGAGATGCTCA,0,4995342
yjbJ_predicted,0.25,3,3,ACATAAAAATACCTTGCAAG,0,5027876
yjbJ_predicted,0.25,3,3,ACAGAGCAGACCAATCCGGA,0,4996491
yjbJ_predicted,0.25,3,3,ACACTGTGGGGTTTCGGTCA,0,5005410
yjbJ_predicted,0.25,3,3,ACACTGGACACGCAGTGGTT,0,5027589
yjbJ_predicted,0.25,3,3,ACACGGTTTCTAACACCGGC,0,5013017
yjbJ_predicted,0.25,3,3,ACACGGATCGGTCGGCAGTA,0,4996948
yjbJ_predicted,0.25,3,3,ACAATTATTCGTGTACAGGC,0,5015342
yjbJ_predicted,0.25,3,3,ACAACCGTGGAATAGGCTGC,0,4997230
yjbJ_predicted,0.25,3,3,ACAAACATTACGGGCCGATG,0,5017657
yjbJ_predicted,0.25,3,3,AATTTGGCGAGACACGGCTA,0,5025249
yjbJ_predicted,0.25,3,3,AATTTCACAAGCCTGGCTTA,0,5001662
yjbJ_predicted,0.25,3,3,AATTCGTGCATCCCCCCAAA,0,4997780
yjbJ_predicted,0.25,3,3,AATTCACTAGCCCAGCAAAT,0,5006037
yjbJ_predicted,0.25,3,3,AATGTTTGCTTTTTCACAAT,0,5015785
yjbJ_predicted,0.25,3,3,AATGGCCTGGAGGCTTCTCC,0,5021656
yjbJ_predicted,0.25,3,3,AATGGCATCCAGGATGGATC,0,5022940
yjbJ_predicted,0.25,3,3,AATGAGGCGCTCGCATTAGT,0,4995620
yjbJ_predicted,0.25,3,3,AATGAGGATATGGGGCGGTA,0,5007589
yjbJ_predicted,0.25,3,3,AATCTTGCTTTTAGTTGCGA,0,5019491
yjbJ_predicted,0.25,3,3,AATATGCAACCGGAAGGGAA,0,5023481
yjbJ_predicted,0.25,3,3,AAGTGATTGATGAAACGGAC,0,4999932
yjbJ_predicted,0.25,3,3,AAGTCGTCTAGGTTTTCCGT,0,5013996
yjbJ_predicted,0.25,3,3,AAGTCCGCATATTGCGTCTA,0,5029669
yjbJ_predicted,0.25,3,3,AAGTCCGAAACGGCAGGTTC,0,5030394
yjbJ_predicted,0.25,3,3,AAGGTTAACATAGCAGTCAC,0,5018275
yjbJ_predicted,0.25,3,3,AAGGTAATGGGCCACTATCC,0,4996429
yjbJ_predicted,0.25,3,3,AAGGGGTGAAATTCTACTCC,0,5015603
yjbJ_predicted,0.25,3,3,AAGGGCTTTCGAGACGGGCC,0,5015294
yjbJ_predicted,0.25,3,3,AAGGGACGGGACCTAAGTTT,0,5030923
yjbJ_predicted,0.25,3,3,AAGGCGACTTGATATTAGAG,0,4998025
yjbJ_predicted,0.25,3,3,AAGGAATTACTCCTCCTACG,0,5000142
yjbJ_predicted,0.25,3,3,AAGACTAAGTGAAGGTCACA,0,5019978
yjbJ_predicted,0.25,3,3,AACTTGAGGAAGTCGAAAGG,0,5006804
yjbJ_predicted,0.25,3,3,AACTGCACTTCCTACGCACT,0,5007734
yjbJ_predicted,0.25,3,3,AACTCTAGGAGGTCGGTTTA,0,5025901
yjbJ_predicted,0.25,3,3,AACGTATGTAGGATAAATCG,0,5011577
yjbJ_predicted,0.25,3,3,AACGTAAAGGATGGAGCCAA,0,5012135
yjbJ_predicted,0.25,3,3,AACGGTGCCATGCCGTCCAA,0,5008875
yjbJ_predicted,0.25,3,3,AACGGCGGTAACTGGGTTAA,0,5016533
yjbJ_predicted,0.25,3,3,AACGCCAGGAATTACCACGT,0,4998729
yjbJ_predicted,0.25,3,3,AACGCCACTGTGGACAAATT,0,5019623
yjbJ_predicted,0.25,3,3,AACGAGATCTAACAAACCAT,0,5030037
yjbJ_predicted,0.25,3,3,AACCTCTTCAAAAGCTTGGT,0,5023740
yjbJ_predicted,0.25,3,3,AACCGATGTTTGGCGTTATA,0,5028463
yjbJ_predicted,0.25,3,3,AACCGACGTAGTAGCGACAC,0,4997723
yjbJ_predicted,0.25,3,3,AACCCTTTGCTTTACTGTTG,0,5004192
yjbJ_predicted,0.25,3,3,AACCCCTGGCATGCCATTTG,0,5018668
yjbJ_predicted,0.25,3,3,AACCCAAAATCACTTACGCA,0,5000762
yjbJ_predicted,0.25,3,3,AACAAGGCATGGCCAATGTT,0,5009592
yjbJ_predicted,0.25,3,3,AAATTCCTCATGCGCACACC,0,4996219
yjbJ_predicted,0.25,3,3,AAATGCGTGGCTTAGCAAGC,0,5021404
yjbJ_predicted,0.25,3,3,AAATGCCGGTAGGGACGACA,0,5004571
yjbJ_predicted,0.25,3,3,AAATCCGCATGCCGAGCAAG,0,4994734
yjbJ_predicted,0.25,3,3,AAATAATAGGCGAGTAGCAC,0,5026515
yjbJ_predicted,0.25,3,3,AAAGTTGAGGCGGGGCAGAG,0,5024851
yjbJ_predicted,0.25,3,3,AAAGTGGGCTGAGTCGCGCA,0,5022702
yjbJ_predicted,0.25,3,3,AAAGTATGAGTGGATGTTGG,0,5003675
yjbJ_predicted,0.25,3,3,AAAGAGCCCAACAGGTACGG,0,5025856
yjbJ_predicted,0.25,3,3,AAAAGTCCATTACCCGCTAG,0,5017699
yjbJ_predicted,0.25,3,3,AAAAGTAGTACCGGCTTATG,0,5008799
yjbJ_predicted,0.3333333333333333,2,2,TTTTTGCCGGCATGGGAGTA,0,5010863
yjbJ_predicted,0.3333333333333333,2,2,TTTTGTTCAGCCCAGGAAAT,0,5009472
yjbJ_predicted,0.3333333333333333,2,2,TTTTGATTGGTCTCAAAATA,0,5007167
yjbJ_predicted,0.3333333333333333,2,2,TTTTCACCAGGCACCGGACT,0,5006803
yjbJ_predicted,0.3333333333333333,2,2,TTTCTGGAGGGACTCGGTTG,0,4997468
yjbJ_predicted,0.3333333333333333,2,2,TTTCGTCTGGTAAAACTCAG,0,5005904
yjbJ_predicted,0.3333333333333333,2,2,TTTCGCCTTGTCAGAGTCAT,0,5026803
yjbJ_predicted,0.3333333333333333,2,2,TTTCACATCAGGCACAATCT,0,5007378
yjbJ_predicted,0.3333333333333333,2,2,TTTACCTGTAATAGTACCTC,0,5006826
yjbJ_predicted,0.3333333333333333,2,2,TTTAAAAGACGGTTCGATCG,0,4996198
yjbJ_predicted,0.3333333333333333,2,2,TTGTTCATTCATGAAGACTT,0,5007919
yjbJ_predicted,0.3333333333333333,2,2,TTGTGTAGGCTGTGGAATAA,0,4997596
yjbJ_predicted,0.3333333333333333,2,2,TTGTGCGGCTCAGCAACCTT,0,5006339
yjbJ_predicted,0.3333333333333333,2,2,TTGTCGCAGATTAATAACGA,0,5002246
yjbJ_predicted,0.3333333333333333,2,2,TTGGTCACGGGCTTGTTGGC,0,5011664
yjbJ_predicted,0.3333333333333333,2,2,TTGGATGTACGGCTAATAAA,0,5013806
yjbJ_predicted,0.3333333333333333,2,2,TTGGAAGCTCGCCTCTATAA,0,4996247
yjbJ_predicted,0.3333333333333333,2,2,TTGCGCAGTATTCCATCCAT,0,4995293
yjbJ_predicted,0.3333333333333333,2,2,TTGCATAGCGTACACGAGCA,0,5027966
yjbJ_predicted,0.3333333333333333,2,2,TTGCAGGAACCCACCAATAA,0,4996433
yjbJ_predicted,0.3333333333333333,2,2,TTGACTCATTCCCTACGTAG,0,5000416
yjbJ_predicted,0.3333333333333333,2,2,TTGAATTTGATCCCACCAAG,0,5026445
yjbJ_predicted,0.3333333333333333,2,2,TTGAATGGCGCACAAGGTGT,0,5027949
yjbJ_predicted,0.3333333333333333,2,2,TTGAATATCGAACGGGTTCA,0,5007720
yjbJ_predicted,0.3333333333333333,2,2,TTCTTGTCTCATCGACTGCA,0,5009011
yjbJ_predicted,0.3333333333333333,2,2,TTCTCGGCCTTCGGATTACA,0,5004328
yjbJ_predicted,0.3333333333333333,2,2,TTCTCGAACATTCCAGGATC,0,5019276
yjbJ_predicted,0.3333333333333333,2,2,TTCCTCGACAGCTTCGCCTG,0,5009523
yjbJ_predicted,0.3333333333333333,2,2,TTCCGGCGAAACTGGGTCCC,0,5021766
yjbJ_predicted,0.3333333333333333,2,2,TTCCCTGGCTTGAGATAGTG,0,5016386
yjbJ_predicted,0.3333333333333333,2,2,TTCATTGTCTGACCCAATAA,0,5020675
yjbJ_predicted,0.3333333333333333,2,2,TTCATGAATAATTTATACGA,0,5015737
yjbJ_predicted,0.3333333333333333,2,2,TTCAGTATCCGTGCAAGGTC,0,4998061
yjbJ_predicted,0.3333333333333333,2,2,TTCAGTAACGTCTCAGGTGA,0,5013338
yjbJ_predicted,0.3333333333333333,2,2,TTCAGCATGCTTTGTTGAAG,0,5016129
yjbJ_predicted,0.3333333333333333,2,2,TTCACCCTGAGGGGTGGACT,0,5030829
yjbJ_predicted,0.3333333333333333,2,2,TTCAATAAGTGTGTGCTGTC,0,5025259
yjbJ_predicted,0.3333333333333333,2,2,TTATGTTTCTTACTTTTCTG,0,5001075
yjbJ_predicted,0.3333333333333333,2,2,TTATGATCTATTTTGCATAA,0,5008121
yjbJ_predicted,0.3333333333333333,2,2,TTATCCGGACAGTCTCCGGC,0,5022072
yjbJ_predicted,0.3333333333333333,2,2,TTATCATTTTGCCCACTATC,0,5010606
yjbJ_predicted,0.3333333333333333,2,2,TTAGTTTCGCTCTTTTTTGT,0,5011465
yjbJ_predicted,0.3333333333333333,2,2,TTAGGGGATAAACGATGGTT,0,5008096
yjbJ_predicted,0.3333333333333333,2,2,TTAGATGGTGCTTGTACAGT,0,5023222
yjbJ_predicted,0.3333333333333333,2,2,TTAATCTACGGGGAGTAAGA,0,5013059
yjbJ_predicted,0.3333333333333333,2,2,TTAAGTTTCCCACCGCGGGT,0,4994718
yjbJ_predicted,0.3333333333333333,2,2,TTAAGTGCAATTACACGGCC,0,5007595
yjbJ_predicted,0.3333333333333333,2,2,TTAACCGCGGTTGGTTCGCG,0,5022365
yjbJ_predicted,0.3333333333333333,2,2,TGTTTTTACCAGCGGTCCAC,0,5029587
yjbJ_predicted,0.3333333333333333,2,2,TGTTTAGCGGCGATAGTTTC,0,5020270
yjbJ_predicted,0.3333333333333333,2,2,TGTTGTTCAGGTAAGCGTCC,0,5025448
yjbJ_predicted,0.3333333333333333,2,2,TGTTGGACCGAAACGCGGCG,0,4997755
yjbJ_predicted,0.3333333333333333,2,2,TGTTAGATACTAGCGTCTCA,0,5028324
yjbJ_predicted,0.3333333333333333,2,2,TGTGTATCCCCCGCGGTGCC,0,5016447
yjbJ_predicted,0.3333333333333333,2,2,TGTGCCGTCGGACCAATTGG,0,5015080
yjbJ_predicted,0.3333333333333333,2,2,TGTCTTTCCCGTCAGTCGTT,0,5011404
yjbJ_predicted,0.3333333333333333,2,2,TGTCGTTGCCGGTTAGCAGC,0,4999879
yjbJ_predicted,0.3333333333333333,2,2,TGTCGGCGTGATGAAAGTTA,0,4995105
yjbJ_predicted,0.3333333333333333,2,2,TGTCCGTGGGACTCCAAAGT,0,5021537
yjbJ_predicted,0.3333333333333333,2,2,TGTCCGTAATATAGGCACAC,0,5014315
yjbJ_predicted,0.3333333333333333,2,2,TGTCACCAACGACTGCGTAT,0,5022381
yjbJ_predicted,0.3333333333333333,2,2,TGTCACATTGACAGACTCTG,0,5011891
yjbJ_predicted,0.3333333333333333,2,2,TGTATTTGGACGCATTTTGT,0,5024202
yjbJ_predicted,0.3333333333333333,2,2,TGTAGACCGGGGCGCGCGGG,0,5030317
yjbJ_predicted,0.3333333333333333,2,2,TGTACCGTCGCTGCTTCGTA,0,5007708
yjbJ_predicted,0.3333333333333333,2,2,TGTAAGGCGTTCTGTGACTG,0,5005998
yjbJ_predicted,0.3333333333333333,2,2,TGGTATTTAAGATGCCCCTC,0,5028204
yjbJ_predicted,0.3333333333333333,2,2,TGGGTTTATGGCGGGGCCTT,0,5010649
yjbJ_predicted,0.3333333333333333,2,2,TGGGGTTAGTATCGTTCAAT,0,5018521
yjbJ_predicted,0.3333333333333333,2,2,TGGGGGCCTCTGTGGATGTA,0,5003924
yjbJ_predicted,0.3333333333333333,2,2,TGGGCAGGGGCTCCCACCAG,0,5002818
yjbJ_predicted,0.3333333333333333,2,2,TGGGCAGATCCTGACGGTAA,0,5002337
yjbJ_predicted,0.3333333333333333,2,2,TGGCTCCGGCGGTTGTAAAC,0,5007216
yjbJ_predicted,0.3333333333333333,2,2,TGGCTAATGCTGTATCCAAG,0,5020876
yjbJ_predicted,0.3333333333333333,2,2,TGGCGGTGCAGAGAGGGAGA,0,4996973
yjbJ_predicted,0.3333333333333333,2,2,TGGCGGTAATTTGGCCCAGT,0,5025235
yjbJ_predicted,0.3333333333333333,2,2,TGGCAGCTCAGACGTGTCAC,0,5016250
yjbJ_predicted,0.3333333333333333,2,2,TGGCACAGTTTTAAACCCGT,0,5019886
yjbJ_predicted,0.3333333333333333,2,2,TGGCACAGGGGTACACGCTC,0,5018560
yjbJ_predicted,0.3333333333333333,2,2,TGGCAACGGGTTGCAACACC,0,4998354
yjbJ_predicted,0.3333333333333333,2,2,TGGAGGGGGGGTTATAATCC,0,5023398
yjbJ_predicted,0.3333333333333333,2,2,TGGACAAGATGCGTTGCCGG,0,5013758
yjbJ_predicted,0.3333333333333333,2,2,TGCTTTCCACACTGTTTACA,0,5010998
yjbJ_predicted,0.3333333333333333,2,2,TGCTTGTGTGTGAGATGGTT,0,4999060
yjbJ_predicted,0.3333333333333333,2,2,TGCGGCAAATCTAAAAGAGT,0,5014630
yjbJ_predicted,0.3333333333333333,2,2,TGCGCAGCATCGACGTTGCG,0,5004547
yjbJ_predicted,0.3333333333333333,2,2,TGCGATTTGAAGATCAGTTA,0,5018033
yjbJ_predicted,0.3333333333333333,2,2,TGCCGCCTAGCACACTTTTT,0,5022648
yjbJ_predicted,0.3333333333333333,2,2,TGCAGTTACCATATTAGCGC,0,5017166
yjbJ_predicted,0.3333333333333333,2,2,TGCACTTGACTGGCTCAGCG,0,5022122
yjbJ_predicted,0.3333333333333333,2,2,TGATTCACGCGCACATGCCC,0,5030381
yjbJ_predicted,0.3333333333333333,2,2,TGATGGGAGCAAGTCTTCGT,0,5009836
yjbJ_predicted,0.3333333333333333,2,2,TGATCGCGGCGTAGCAAGTT,0,5028571
yjbJ_predicted,0.3333333333333333,2,2,TGATATGATCCCTAGAAGTC,0,5016643
yjbJ_predicted,0.3333333333333333,2,2,TGAGTAGAAGGCCGACCTGC,0,5015716
yjbJ_predicted,0.3333333333333333,2,2,TGACTAGATTGCGGTTCCTA,0,5005406
yjbJ_predicted,0.3333333333333333,2,2,TGACATGCATAGTCAACTAT,0,5008460
yjbJ_predicted,0.3333333333333333,2,2,TGACAGATCGTGGTCCCAAT,0,5018121
yjbJ_predicted,0.3333333333333333,2,2,TGAATGGTGGGAGCCCTACA,0,5015100
yjbJ_predicted,0.3333333333333333,2,2,TGAATGCGCCTCACAGCTGT,0,5008991
yjbJ_predicted,0.3333333333333333,2,2,TGAAGGGAGGCAGGGCTAGT,0,4994968
yjbJ_predicted,0.3333333333333333,2,2,TGAAGGCACTGCTCATTCCT,0,4996788
yjbJ_predicted,0.3333333333333333,2,2,TGAAGATGGGGTACACCTCC,0,5009422
yjbJ_predicted,0.3333333333333333,2,2,TCTTTTTGGTTTAGACGGTT,0,5016173
yjbJ_predicted,0.3333333333333333,2,2,TCTTTTCTCGGACAAACCGG,0,5003461
yjbJ_predicted,0.3333333333333333,2,2,TCTTGCTTATTGGAGGGATC,0,4997119
yjbJ_predicted,0.3333333333333333,2,2,TCTTGATCGGGGTTGGAGGA,0,5016705
yjbJ_predicted,0.3333333333333333,2,2,TCTTCATAGTGAATAAAAGG,0,5019935
yjbJ_predicted,0.3333333333333333,2,2,TCTTATACAATATGGCAGAT,0,5031006
yjbJ_predicted,0.3333333333333333,2,2,TCTGAGCTTTGGTGGTATAC,0,5005857
yjbJ_predicted,0.3333333333333333,2,2,TCTGAACAGGTTACACGATA,0,5012076
yjbJ_predicted,0.3333333333333333,2,2,TCTCACCATTCCCGATGAAA,0,5017247
yjbJ_predicted,0.3333333333333333,2,2,TCTATTGGGCGAGTTGGGGA,0,5009476
yjbJ_predicted,0.3333333333333333,2,2,TCTAGGAGGCTGGGAATAAC,0,5026457
yjbJ_predicted,0.3333333333333333,2,2,TCTACGTCCCTATAGAGTGG,0,5026159
yjbJ_predicted,0.3333333333333333,2,2,TCTACCCAGAGTGACACGAT,0,5029791
yjbJ_predicted,0.3333333333333333,2,2,TCGTGGTGAGTCAGCAGTGC,0,5016853
yjbJ_predicted,0.3333333333333333,2,2,TCGTATAAGGAAGTATTGGT,0,5002878
yjbJ_predicted,0.3333333333333333,2,2,TCGGTTACTTCTACGAAATC,0,5028718
yjbJ_predicted,0.3333333333333333,2,2,TCGGGAGGCGACATCAACCC,0,5019029
yjbJ_predicted,0.3333333333333333,2,2,TCGGCTCGGGCGTTAAGTTG,0,5015813
yjbJ_predicted,0.3333333333333333,2,2,TCGGCGAGGAGCGAAGCGAG,0,5020871
yjbJ_predicted,0.3333333333333333,2,2,TCGATGCATACACTCGGATT,0,5025551
yjbJ_predicted,0.3333333333333333,2,2,TCGATCGTTCGCCGCACATG,0,5011835
yjbJ_predicted,0.3333333333333333,2,2,TCGATCGGAGTCTCGACAAG,0,5014573
yjbJ_predicted,0.3333333333333333,2,2,TCCTCGTAATGGCCGGCTGT,0,5001775
yjbJ_predicted,0.3333333333333333,2,2,TCCTCGGTGCTAGGGCGTAA,0,5028033
yjbJ_predicted,0.3333333333333333,2,2,TCCTCATAGCGTTATGCTTT,0,5002761
yjbJ_predicted,0.3333333333333333,2,2,TCCTACTCGCAGCTGGTTGT,0,5006702
yjbJ_predicted,0.3333333333333333,2,2,TCCGGTGACCGACGCTACTG,0,5012295
yjbJ_predicted,0.3333333333333333,2,2,TCCGCGACAGCGATTCTGGA,0,5015267
yjbJ_predicted,0.3333333333333333,2,2,TCCGAAGGAAAGTAGAGTAA,0,5012191
yjbJ_predicted,0.3333333333333333,2,2,TCCCGATCTTTCTTATCTTC,0,5024353
yjbJ_predicted,0.3333333333333333,2,2,TCCCCTGCATGGACGGGCAT,0,5017737
yjbJ_predicted,0.3333333333333333,2,2,TCCCCTATGGTCTGTACTGA,0,5027462
yjbJ_predicted,0.3333333333333333,2,2,TCCATCACCCTAATTTGATT,0,5015461
yjbJ_predicted,0.3333333333333333,2,2,TCCAGGCAGAGAGGAAGAGG,0,5005633
yjbJ_predicted,0.3333333333333333,2,2,TCATTGCCAGCAGTACTGAT,0,5024937
yjbJ_predicted,0.3333333333333333,2,2,TCATGGACCCATCGCTCGTA,0,5001906
yjbJ_predicted,0.3333333333333333,2,2,TCATGAATGAATCGAAGTCC,0,5015890
yjbJ_predicted,0.3333333333333333,2,2,TCATATAAACATAGAAACTG,0,5025041
yjbJ_predicted,0.3333333333333333,2,2,TCAGGATTCATTAGCGCATT,0,5030061
yjbJ_predicted,0.3333333333333333,2,2,TCAGCCTCCGTGGTCTCATT,0,5011493
yjbJ_predicted,0.3333333333333333,2,2,TCAGCAATCAGCAGGGTAAA,0,5002371
yjbJ_predicted,0.3333333333333333,2,2,TCACGTATATTCATACGCTC,0,5003453
yjbJ_predicted,0.3333333333333333,2,2,TCACGCCAAATTAAGATCTT,0,5021082
yjbJ_predicted,0.3333333333333333,2,2,TCAATGACCGTTCGGGCATT,0,5014559
yjbJ_predicted,0.3333333333333333,2,2,TCAAGTCCCCAACATTCCGG,0,5020095
yjbJ_predicted,0.3333333333333333,2,2,TCAACTTGCCAAGATTGCGG,0,5027046
yjbJ_predicted,0.3333333333333333,2,2,TCAACCGCGCGGAACGTAGA,0,5004254
yjbJ_predicted,0.3333333333333333,2,2,TCAAAGGAACGTCGTGCGTA,0,5010616
yjbJ_predicted,0.3333333333333333,2,2,TATTGGGTATCTAAGTTACC,0,5026820
yjbJ_predicted,0.3333333333333333,2,2,TATTCTACTGGATTCCGGCT,0,5014190
yjbJ_predicted,0.3333333333333333,2,2,TATTCAATTCAATGCACGCC,0,5007187
yjbJ_predicted,0.3333333333333333,2,2,TATTAATGGTCAAATTGTAG,0,5013149
yjbJ_predicted,0.3333333333333333,2,2,TATGTTCTGCGGAATCCGAG,0,5008923
yjbJ_predicted,0.3333333333333333,2,2,TATGTAAGTAAACCTCGAAC,0,5010862
yjbJ_predicted,0.3333333333333333,2,2,TATGGTTATCCCTCCCGCGA,0,5024050
yjbJ_predicted,0.3333333333333333,2,2,TATGGCAGTGGCTTCACTAA,0,5006247
yjbJ_predicted,0.3333333333333333,2,2,TATGGCAGTCGATACTTCAT,0,5027459
yjbJ_predicted,0.3333333333333333,2,2,TATGGCAACAATTAACTCCC,0,4999730
yjbJ_predicted,0.3333333333333333,2,2,TATGCAAATGCAATTGGTCT,0,5015659
yjbJ_predicted,0.3333333333333333,2,2,TATGACACGACGTCTGCTGC,0,5030016
yjbJ_predicted,0.3333333333333333,2,2,TATCTAAATGCCAGTCCGTG,0,5010443
yjbJ_predicted,0.3333333333333333,2,2,TATCAGGGTGCAATCTACGT,0,5002654
yjbJ_predicted,0.3333333333333333,2,2,TATATGCCCCAGGCATGAAT,0,5004184
yjbJ_predicted,0.3333333333333333,2,2,TAGGTAGCTAGCCTCAGGTA,0,5008374
yjbJ_predicted,0.3333333333333333,2,2,TAGGGTGAGCTTGGACGGAC,0,5006934
yjbJ_predicted,0.3333333333333333,2,2,TAGGCTGTATCTGGACTTGT,0,5013557
yjbJ_predicted,0.3333333333333333,2,2,TAGGATATACGACCCTGCGA,0,5010032
yjbJ_predicted,0.3333333333333333,2,2,TAGCGCTCTGCAAAGAGGTT,0,5019999
yjbJ_predicted,0.3333333333333333,2,2,TAGCCTTAGAAAGTATTATT,0,5006048
yjbJ_predicted,0.3333333333333333,2,2,TAGCACGGGGCGCACCATCT,0,5013062
yjbJ_predicted,0.3333333333333333,2,2,TAGCACAACTGGTCCTGCAG,0,4996947
yjbJ_predicted,0.3333333333333333,2,2,TAGATTACAGTGGTTTCCCC,0,5011138
yjbJ_predicted,0.3333333333333333,2,2,TAGATCGGAAAGGATTCGGG,0,5007017
yjbJ_predicted,0.3333333333333333,2,2,TAGAGCAGTGTCCCAGCCAA,0,5003456
yjbJ_predicted,0.3333333333333333,2,2,TAGAGATATCCCGTCTCCTC,0,5020101
yjbJ_predicted,0.3333333333333333,2,2,TAGACCCTGGCGTCGAGAGG,0,5002478
yjbJ_predicted,0.3333333333333333,2,2,TAGAACAGATCAGCGTGATC,0,5013743
yjbJ_predicted,0.3333333333333333,2,2,TACTTGTTTGGACATAGGAC,0,5026653
yjbJ_predicted,0.3333333333333333,2,2,TACTGTGGCAGCCTCCGGCG,0,5020781
yjbJ_predicted,0.3333333333333333,2,2,TACTCCTACTATTGCCCAAC,0,5018267
yjbJ_predicted,0.3333333333333333,2,2,TACTCCGGCACTATCGCCAA,0,5011935
yjbJ_predicted,0.3333333333333333,2,2,TACTAAACTAGTTACACATA,0,5002059
yjbJ_predicted,0.3333333333333333,2,2,TACGGGCCATAAACAGTTAC,0,5009269
yjbJ_predicted,0.3333333333333333,2,2,TACGGCAATGGGCATTATAA,0,5022250
yjbJ_predicted,0.3333333333333333,2,2,TACGCTAGGGGAATCAACGC,0,5001589
yjbJ_predicted,0.3333333333333333,2,2,TACCGGCCAGGCTACAGTCG,0,5012591
yjbJ_predicted,0.3333333333333333,2,2,TACCATCGATCCATGTCAGC,0,5024595
yjbJ_predicted,0.3333333333333333,2,2,TACCAACAAAACGGTGTTCT,0,5022188
yjbJ_predicted,0.3333333333333333,2,2,TACACATACCCAAAAGCGTG,0,5021557
yjbJ_predicted,0.3333333333333333,2,2,TAATTAGTTGTTGTACCGTC,0,5000262
yjbJ_predicted,0.3333333333333333,2,2,TAATGTTCGCGGCAATTCCG,0,5019510
yjbJ_predicted,0.3333333333333333,2,2,TAATCTTGTTGGCGGAGGGT,0,5030782
yjbJ_predicted,0.3333333333333333,2,2,TAATACGCTTTGTAACGTGA,0,5015415
yjbJ_predicted,0.3333333333333333,2,2,TAAGTGGTGCCTTTACTACA,0,5000344
yjbJ_predicted,0.3333333333333333,2,2,TAACGACCCGCGCGGCCTAT,0,5023434
yjbJ_predicted,0.3333333333333333,2,2,TAACCAGCATCCAAACTTTG,0,5028512
yjbJ_predicted,0.3333333333333333,2,2,TAAATTGTGCTGCCTGGGTG,0,5020621
yjbJ_predicted,0.3333333333333333,2,2,TAAAGGCGTGTCCAGTCAAA,0,5031312
yjbJ_predicted,0.3333333333333333,2,2,TAAAGCTGGCGGGCGCCCTC,0,5016401
yjbJ_predicted,0.3333333333333333,2,2,TAAACGGTTGACCTAGTGAA,0,4997958
yjbJ_predicted,0.3333333333333333,2,2,TAAAACTTAACCGGGCGAGG,0,5017688
yjbJ_predicted,0.3333333333333333,2,2,TAAAACTGGTTACGGCACCG,0,5015792
yjbJ_predicted,0.3333333333333333,2,2,TAAAACAGCGGCCCTGGGAG,0,5019793
yjbJ_predicted,0.3333333333333333,2,2,TAAAAATTGGAGCCCTTATT,0,4998167
yjbJ_predicted,0.3333333333333333,2,2,TAAAAAGCCGTTTTTGTAAC,0,5014761
yjbJ_predicted,0.3333333333333333,2,2,GTTTTGTTCTATCTGATGGA,0,5006552
yjbJ_predicted,0.3333333333333333,2,2,GTTTCAGCAGAAGCAGCATT,0,4996123
yjbJ_predicted,0.3333333333333333,2,2,GTTTCAACCGGGGATAAATG,0,5014297
yjbJ_predicted,0.3333333333333333,2,2,GTTTAATTTAAACAACTTGC,0,5004054
yjbJ_predicted,0.3333333333333333,2,2,GTTCCTCAGCAAGTAACAAC,0,5004334
yjbJ_predicted,0.3333333333333333,2,2,GTTCCCGATTCGTCGGTCGG,0,4999170
yjbJ_predicted,0.3333333333333333,2,2,GTTCCACGTGTATGTGACGC,0,5017324
yjbJ_predicted,0.3333333333333333,2,2,GTTCATTATAGTGTGAGTCC,0,5029516
yjbJ_predicted,0.3333333333333333,2,2,GTTCATGCCCTTCAGGTGCG,0,5008029
yjbJ_predicted,0.3333333333333333,2,2,GTTCAGTACCTAATACAGGG,0,5023085
yjbJ_predicted,0.3333333333333333,2,2,GTTCAATTAGAAGATGCATC,0,5006705
yjbJ_predicted,0.3333333333333333,2,2,GTTATGTGGGTGGGAGTGAT,0,4994840
yjbJ_predicted,0.3333333333333333,2,2,GTGTTGCGTTATTATCCAAT,0,5010243
yjbJ_predicted,0.3333333333333333,2,2,GTGTTGCGGTTAAGCGGTGG,0,5015632
yjbJ_predicted,0.3333333333333333,2,2,GTGTCCCAGACGTGAATCCA,0,5017646
yjbJ_predicted,0.3333333333333333,2,2,GTGTATGTACGTCACTAGGA,0,5031233
yjbJ_predicted,0.3333333333333333,2,2,GTGGTATCAAGTTTATGCAT,0,5024075
yjbJ_predicted,0.3333333333333333,2,2,GTGGGACCGTATCCGTAACG,0,5030096
yjbJ_predicted,0.3333333333333333,2,2,GTGGACAACTTACAATATGT,0,5031240
yjbJ_predicted,0.3333333333333333,2,2,GTGCTCGAATAATGCTCGAG,0,5029121
yjbJ_predicted,0.3333333333333333,2,2,GTGCCTCGTATGTGAAGACG,0,5026022
yjbJ_predicted,0.3333333333333333,2,2,GTGCCCCACAGCGTTTGGCA,0,4996046
yjbJ_predicted,0.3333333333333333,2,2,GTGATGTTTCACGTCGCGTG,0,5008506
yjbJ_predicted,0.3333333333333333,2,2,GTGAGAATAAACGATGTAGG,0,5005827
yjbJ_predicted,0.3333333333333333,2,2,GTGAAGGCTTCTAGTTTTTA,0,5007584
yjbJ_predicted,0.3333333333333333,2,2,GTCTTACGCCACGGCCGCGC,0,5013100
yjbJ_predicted,0.3333333333333333,2,2,GTCTGCATAGCGAAAGCATA,0,5007405
yjbJ_predicted,0.3333333333333333,2,2,GTCGTGTTATCCTCTTTACA,0,5016728
yjbJ_predicted,0.3333333333333333,2,2,GTCGTGTTAGATTAATGCGA,0,5006386
yjbJ_predicted,0.3333333333333333,2,2,GTCGTGAACCAGTTATAGTC,0,5029604
yjbJ_predicted,0.3333333333333333,2,2,GTCGGACTTCATTAACTCTG,0,5029686
yjbJ_predicted,0.3333333333333333,2,2,GTCGGACTGACTACTTTGAT,0,5008064
yjbJ_predicted,0.3333333333333333,2,2,GTCGCGGGATGGCTGGCGCT,0,4997169
yjbJ_predicted,0.3333333333333333,2,2,GTCGAAGCGCTCTGTCGTTT,0,5029343
yjbJ_predicted,0.3333333333333333,2,2,GTCCTTGCTTGGTGGATATA,0,5018874
yjbJ_predicted,0.3333333333333333,2,2,GTCCTAACCGGCGTTATAAG,0,5004501
yjbJ_predicted,0.3333333333333333,2,2,GTCCCCGAGTATTCAGTGTA,0,5024249
yjbJ_predicted,0.3333333333333333,2,2,GTCCCCCAGGCAACATAGAG,0,5011560
yjbJ_predicted,0.3333333333333333,2,2,GTCCACTTGCAGCGAGTCTT,0,5005806
yjbJ_predicted,0.3333333333333333,2,2,GTCCACATTTTTTCCACTTT,0,5000585
yjbJ_predicted,0.3333333333333333,2,2,GTCCACAACTTGGGGAAGAA,0,5027553
yjbJ_predicted,0.3333333333333333,2,2,GTCAATACGGGGTGACTCGC,0,5017397
yjbJ_predicted,0.3333333333333333,2,2,GTCAAGTTCTCCACATCAGG,0,5021481
yjbJ_predicted,0.3333333333333333,2,2,GTCAAGACTCGACCACTTCC,0,5017195
yjbJ_predicted,0.3333333333333333,2,2,GTCAAAGCTTTGTGCGCACC,0,5018051
yjbJ_predicted,0.3333333333333333,2,2,GTATTCAGGGACCACTCAAA,0,4995198
yjbJ_predicted,0.3333333333333333,2,2,GTATCCTGACTGTTTAAACC,0,5027059
yjbJ_predicted,0.3333333333333333,2,2,GTATCAATTTTACGCCGTCA,0,5014931
yjbJ_predicted,0.3333333333333333,2,2,GTATAAGCGGGCGCGAACAA,0,5024514
yjbJ_predicted,0.3333333333333333,2,2,GTAGGTGGATTTATGGTACA,0,5029993
yjbJ_predicted,0.3333333333333333,2,2,GTACAGTCATAGGACCTGGG,0,5000187
yjbJ_predicted,0.3333333333333333,2,2,GTAATCATAGGTGAAGCGCC,0,5020943
yjbJ_predicted,0.3333333333333333,2,2,GTAAACACCTTAGACGTCTA,0,5024222
yjbJ_predicted,0.3333333333333333,2,2,GGTTTGGGAGGGCGCCTCGT,0,5000571
yjbJ_predicted,0.3333333333333333,2,2,GGTTGAGTATATTGAGTGAA,0,4996200
yjbJ_predicted,0.3333333333333333,2,2,GGTTGACAAAAATTCCTAAC,0,5012453
yjbJ_predicted,0.3333333333333333,2,2,GGTTCAATACTCGGACATTA,0,4995401
yjbJ_predicted,0.3333333333333333,2,2,GGTGGGGGCCTTCATCCTAG,0,5025814
yjbJ_predicted,0.3333333333333333,2,2,GGTGCGTGGGCAGGGTCATG,0,5025151
yjbJ_predicted,0.3333333333333333,2,2,GGTGAGTTTTGGTACCGGCA,0,5026988
yjbJ_predicted,0.3333333333333333,2,2,GGTCACGTTTCAACGGTATT,0,5019359
yjbJ_predicted,0.3333333333333333,2,2,GGTACTTGAGCCAGAGCTAA,0,5029630
yjbJ_predicted,0.3333333333333333,2,2,GGTACATATTGGGTATAAAG,0,5015346
yjbJ_predicted,0.3333333333333333,2,2,GGGTTTTGCGTGGCACTTGA,0,4996946
yjbJ_predicted,0.3333333333333333,2,2,GGGTAAGCATGCGCCGGGTA,0,4995736
yjbJ_predicted,0.3333333333333333,2,2,GGGGTTAGGTCTGCGCAAAC,0,5029120
yjbJ_predicted,0.3333333333333333,2,2,GGGGTGGCGTTGTAATGAAA,0,5018775
yjbJ_predicted,0.3333333333333333,2,2,GGGGGGGAGTTTTTTTCATG,0,5016240
yjbJ_predicted,0.3333333333333333,2,2,GGGGGACGACAAGAATTCGA,0,5019669
yjbJ_predicted,0.3333333333333333,2,2,GGGGCGGAACATCGGCATAC,0,5029263
yjbJ_predicted,0.3333333333333333,2,2,GGGGAGGGTTAGCCTACTTA,0,5002111
yjbJ_predicted,0.3333333333333333,2,2,GGGGACGGCGCCATGGGCTA,0,4996806
yjbJ_predicted,0.3333333333333333,2,2,GGGCGATACATCGATGACAC,0,5020240
yjbJ_predicted,0.3333333333333333,2,2,GGGCACACTCCGCGAAAGAA,0,4995713
yjbJ_predicted,0.3333333333333333,2,2,GGGCAAGATATGGCAATAAC,0,5019523
yjbJ_predicted,0.3333333333333333,2,2,GGGATGTTACTTTGATACGT,0,5001071
yjbJ_predicted,0.3333333333333333,2,2,GGGAGTCGTGTGCAGTTCTA,0,5003691
yjbJ_predicted,0.3333333333333333,2,2,GGGAGGCGGTGCACGTATAA,0,4999514
yjbJ_predicted,0.3333333333333333,2,2,GGGAGCGTCTTGTAGAGTAC,0,5001592
yjbJ_predicted,0.3333333333333333,2,2,GGGACCCCGCGTAACACGCT,0,5017244
yjbJ_predicted,0.3333333333333333,2,2,GGGACAGAGCTCTGGACCCA,0,5002726
yjbJ_predicted,0.3333333333333333,2,2,GGCTTAGAAAGTTTAAGGAC,0,5015703
yjbJ_predicted,0.3333333333333333,2,2,GGCTACAGGTGTCCTCTACT,0,5001367
yjbJ_predicted,0.3333333333333333,2,2,GGCGTTTACAGCTTTCACAC,0,5023903
yjbJ_predicted,0.3333333333333333,2,2,GGCGTGGGGGCTAAAAGCAT,0,4998667
yjbJ_predicted,0.3333333333333333,2,2,GGCGTGGACCGGGATGGATG,0,5012856
yjbJ_predicted,0.3333333333333333,2,2,GGCGGGTGCGAAAAGCAAAT,0,4996087
yjbJ_predicted,0.3333333333333333,2,2,GGCGGCCGATCCCCGTTCAA,0,5004166
yjbJ_predicted,0.3333333333333333,2,2,GGCGCTACGCCAATCGGCTG,0,5003105
yjbJ_predicted,0.3333333333333333,2,2,GGCGCATAATGATCTGAGGA,0,5019210
yjbJ_predicted,0.3333333333333333,2,2,GGCGAGCCGTGTTTGGAGCT,0,4999025
yjbJ_predicted,0.3333333333333333,2,2,GGCCGCGGACTTAGCGAGAA,0,5000445
yjbJ_predicted,0.3333333333333333,2,2,GGCCCGGACGTGTGGCGACG,0,5004148
yjbJ_predicted,0.3333333333333333,2,2,GGCCCCCGGGTCGGCAGCCA,0,5018532
yjbJ_predicted,0.3333333333333333,2,2,GGCCAAACTTTAACTAACTA,0,5023081
yjbJ_predicted,0.3333333333333333,2,2,GGCATGCGATCACTATTGGA,0,5011390
yjbJ_predicted,0.3333333333333333,2,2,GGCATAGCATTAGCACCAGC,0,4997048
yjbJ_predicted,0.3333333333333333,2,2,GGCATAAGGGGTAATACTAG,0,5001510
yjbJ_predicted,0.3333333333333333,2,2,GGCAGCGACAGTGGAGCAAA,0,5016741
yjbJ_predicted,0.3333333333333333,2,2,GGCACGGGAAGAGGATTGTG,0,5020136
yjbJ_predicted,0.3333333333333333,2,2,GGATTCCGTTTGGGAGTAGG,0,5021931
yjbJ_predicted,0.3333333333333333,2,2,GGATCAACGCGACCTTGTGT,0,5025097
yjbJ_predicted,0.3333333333333333,2,2,GGATACTTTAACCTGGGTCA,0,4995760
yjbJ_predicted,0.3333333333333333,2,2,GGATAAATGAGTGGGAGGAG,0,5020572
yjbJ_predicted,0.3333333333333333,2,2,GGAGGTTATCGGGTTTGAAA,0,5028999
yjbJ_predicted,0.3333333333333333,2,2,GGAGGATTAGTCCATAAATC,0,5007809
yjbJ_predicted,0.3333333333333333,2,2,GGAGAGACATGAGAGCAGGG,0,4998796
yjbJ_predicted,0.3333333333333333,2,2,GGACTAGATCGGGCAGTGCA,0,5001951
yjbJ_predicted,0.3333333333333333,2,2,GGACGTACAGGTTCAGCTGA,0,5028121
yjbJ_predicted,0.3333333333333333,2,2,GGACGAATCGTGCACACCGA,0,5029408
yjbJ_predicted,0.3333333333333333,2,2,GGACAGAGTTGTGTCTGTCC,0,5000151
yjbJ_predicted,0.3333333333333333,2,2,GGAATTTGGTTTCTCACCTC,0,5016326
yjbJ_predicted,0.3333333333333333,2,2,GGAAGTTCTGATGCGCTCTC,0,4995281
yjbJ_predicted,0.3333333333333333,2,2,GGAAGTATTATGTGGCCTTG,0,5027387
yjbJ_predicted,0.3333333333333333,2,2,GGAACGTCTTTAGACGCTGG,0,5021274
yjbJ_predicted,0.3333333333333333,2,2,GGAACGTCTAATAGTCACCA,0,4999708
yjbJ_predicted,0.3333333333333333,2,2,GGAAATTCACCGAGGTAATA,0,5008757
yjbJ_predicted,0.3333333333333333,2,2,GGAAAGTTGGCCTAAACAGC,0,5025832
yjbJ_predicted,0.3333333333333333,2,2,GGAAACCGCGTTGTTCAGCT,0,5014125
yjbJ_predicted,0.3333333333333333,2,2,GCTTAGTCTTTTCCCATCTT,0,5023769
yjbJ_predicted,0.3333333333333333,2,2,GCTTAACATTCTTTTCGTTT,0,5014104
yjbJ_predicted,0.3333333333333333,2,2,GCTGTGTCTATAAGTATTCT,0,5021095
yjbJ_predicted,0.3333333333333333,2,2,GCTGTCCTCCTACATATTTC,0,5008245
yjbJ_predicted,0.3333333333333333,2,2,GCTGGCATGGTCTAACACGA,0,4997285
yjbJ_predicted,0.3333333333333333,2,2,GCTGCTATTTGTGGTTTCCT,0,5024532
yjbJ_predicted,0.3333333333333333,2,2,GCTGAAAATGGGGTCCGTAG,0,5026456
yjbJ_predicted,0.3333333333333333,2,2,GCTCTCGTTACTCGTAACAT,0,5025561
yjbJ_predicted,0.3333333333333333,2,2,GCTCATTAGTACTCGGTTAC,0,5012722
yjbJ_predicted,0.3333333333333333,2,2,GCTATCGGGACAGATGTATG,0,5005617
yjbJ_predicted,0.3333333333333333,2,2,GCTATAATTCCTCATGAAGG,0,5023627
yjbJ_predicted,0.3333333333333333,2,2,GCTAGTCTGTTAAATGTCTT,0,5010653
yjbJ_predicted,0.3333333333333333,2,2,GCTAGCAGTGAAAAGCGAAG,0,5024674
yjbJ_predicted,0.3333333333333333,2,2,GCTAGACTATCCATATAACA,0,5004742
yjbJ_predicted,0.3333333333333333,2,2,GCTACTCTGATGGACCGTCA,0,5016272
yjbJ_predicted,0.3333333333333333,2,2,GCTACAATTGTGGATACCCG,0,5011392
yjbJ_predicted,0.3333333333333333,2,2,GCGTTGGAGAGCCATGTTGA,0,5021961
yjbJ_predicted,0.3333333333333333,2,2,GCGTTCTCAGACCCGTCCAG,0,5020521
yjbJ_predicted,0.3333333333333333,2,2,GCGTGGCTACAGACATGTAC,0,5030843
yjbJ_predicted,0.3333333333333333,2,2,GCGTCCTATACATGGCTTAT,0,5011612
yjbJ_predicted,0.3333333333333333,2,2,GCGTCCATAGAGTGGAGGTT,0,5013105
yjbJ_predicted,0.3333333333333333,2,2,GCGGCTGTAGTATCCGACCG,0,5011822
yjbJ_predicted,0.3333333333333333,2,2,GCGGCCCGACCAGCCGGGGT,0,5006943
yjbJ_predicted,0.3333333333333333,2,2,GCGCCGGTCCATACGCAAAC,0,5026604
yjbJ_predicted,0.3333333333333333,2,2,GCGCCAATGGCTAGGAAAGG,0,4998002
yjbJ_predicted,0.3333333333333333,2,2,GCGCATTACAGTAGCACAGG,0,5028699
yjbJ_predicted,0.3333333333333333,2,2,GCGCATAGGAGCCACGCGTC,0,5010034
yjbJ_predicted,0.3333333333333333,2,2,GCGCAGTCAGTCGATGATGT,0,4998662
yjbJ_predicted,0.3333333333333333,2,2,GCGATTGGCAACGGGCGTCA,0,5029844
yjbJ_predicted,0.3333333333333333,2,2,GCGATTCGTACCTGAACTCT,0,4999251
yjbJ_predicted,0.3333333333333333,2,2,GCGATCGTTGTAGGGCACCC,0,5012786
yjbJ_predicted,0.3333333333333333,2,2,GCGATCGAAGCGTTACATAC,0,5028650
yjbJ_predicted,0.3333333333333333,2,2,GCGATACCTTAGGCGATCTC,0,5000731
yjbJ_predicted,0.3333333333333333,2,2,GCGAGTACACCTGCGACAAC,0,4996751
yjbJ_predicted,0.3333333333333333,2,2,GCGAGCCTGACTGGCTAATG,0,4998365
yjbJ_predicted,0.3333333333333333,2,2,GCCTGAGCTGCAGTCACCGT,0,5012117
yjbJ_predicted,0.3333333333333333,2,2,GCCTCACCAATGGGACGCCA,0,5016185
yjbJ_predicted,0.3333333333333333,2,2,GCCTAAGGAGGGCGCCGCTA,0,5029124
yjbJ_predicted,0.3333333333333333,2,2,GCCGTGTCGGATTATAGATT,0,5014572
yjbJ_predicted,0.3333333333333333,2,2,GCCGTAGCTTTCAATGAACT,0,5007411
yjbJ_predicted,0.3333333333333333,2,2,GCCGGGTCTAATAGCATTCA,0,5014009
yjbJ_predicted,0.3333333333333333,2,2,GCCGGAGGATTTGAACACGA,0,5005062
yjbJ_predicted,0.3333333333333333,2,2,GCCGCTGCCAGATCTACATC,0,5010777
yjbJ_predicted,0.3333333333333333,2,2,GCCGCTCATTGGGGTAGAGT,0,5006370
yjbJ_predicted,0.3333333333333333,2,2,GCCGCAAACCGGACTTCCCT,0,5028796
yjbJ_predicted,0.3333333333333333,2,2,GCCGAGCCACAGGCGTATGA,0,5021171
yjbJ_predicted,0.3333333333333333,2,2,GCCCTTTCGGATCATGTATG,0,5018023
yjbJ_predicted,0.3333333333333333,2,2,GCCCGAACTTAACAGGGCCG,0,5022773
yjbJ_predicted,0.3333333333333333,2,2,GCCCCTGTGTATTATCGGCC,0,5027561
yjbJ_predicted,0.3333333333333333,2,2,GCCCCTGGAACGCCAGAGGT,0,5002643
yjbJ_predicted,0.3333333333333333,2,2,GCCACCCGCGCTAATGGGCG,0,5012103
yjbJ_predicted,0.3333333333333333,2,2,GCCACCCAAATAAGTCTATG,0,5018729
yjbJ_predicted,0.3333333333333333,2,2,GCCACCACACTCGGGATGGC,0,5024916
yjbJ_predicted,0.3333333333333333,2,2,GCATTCAGTGCTAAAGGTGG,0,5013957
yjbJ_predicted,0.3333333333333333,2,2,GCATCTCTGACAGGGGGCCA,0,4997557
yjbJ_predicted,0.3333333333333333,2,2,GCATCTAGTCACAGGCCCGA,0,5015938
yjbJ_predicted,0.3333333333333333,2,2,GCATATTGTCGGGTTTATGC,0,5008425
yjbJ_predicted,0.3333333333333333,2,2,GCATAACAGCGAGTTGGGGC,0,5005108
yjbJ_predicted,0.3333333333333333,2,2,GCAGGCTACTGTCTGTAGAC,0,5015509
yjbJ_predicted,0.3333333333333333,2,2,GCAGACATCTTCTTCAGTCT,0,5017591
yjbJ_predicted,0.3333333333333333,2,2,GCACTGGTCGCCATGGGAAA,0,5008755
yjbJ_predicted,0.3333333333333333,2,2,GCACGAACTTATATCGTGAG,0,5006742
yjbJ_predicted,0.3333333333333333,2,2,GCACCGCGAAGAGAATACAC,0,5022941
yjbJ_predicted,0.3333333333333333,2,2,GCAAGATCAGCTTCCTGGCT,0,5018488
yjbJ_predicted,0.3333333333333333,2,2,GCAAACTTGGTGGACCACTG,0,4997253
yjbJ_predicted,0.3333333333333333,2,2,GATTTGACTCATGCTGTTAA,0,5003592
yjbJ_predicted,0.3333333333333333,2,2,GATTGACAATTGCGCTTTGT,0,5008889
yjbJ_predicted,0.3333333333333333,2,2,GATTATAATTGACTTACCCG,0,5014220
yjbJ_predicted,0.3333333333333333,2,2,GATTAGGTCGAAATAGGCAA,0,4999853
yjbJ_predicted,0.3333333333333333,2,2,GATTAGGGGCAGACCAGTAC,0,5008605
yjbJ_predicted,0.3333333333333333,2,2,GATGTCCATAGAGCTTCGCC,0,5025541
yjbJ_predicted,0.3333333333333333,2,2,GATGTACCACTGCTCCACTA,0,5014491
yjbJ_predicted,0.3333333333333333,2,2,GATGGTAACAAATCAGCGTA,0,4996347
yjbJ_predicted,0.3333333333333333,2,2,GATCTCTACTCTTAAACCTC,0,5001556
yjbJ_predicted,0.3333333333333333,2,2,GATCGCTAGTGTTTAAGAGG,0,5024570
yjbJ_predicted,0.3333333333333333,2,2,GATACCGTAGAGTTCCGAAC,0,5024705
yjbJ_predicted,0.3333333333333333,2,2,GAGTGCGGCCGACCCAGAAG,0,5006148
yjbJ_predicted,0.3333333333333333,2,2,GAGTGCGGAGCCCTTCCGCT,0,5025649
yjbJ_predicted,0.3333333333333333,2,2,GAGTGCACCAGGTCTTGTGG,0,5027377
yjbJ_predicted,0.3333333333333333,2,2,GAGTCGCCTATCTAAGTCGT,0,5003531
yjbJ_predicted,0.3333333333333333,2,2,GAGGTCCGGCCATGCTGAAC,0,5024076
yjbJ_predicted,0.3333333333333333,2,2,GAGGGTCTGGCTGCATTTTG,0,5003242
yjbJ_predicted,0.3333333333333333,2,2,GAGGGTATTACGTTTGGGAC,0,5022516
yjbJ_predicted,0.3333333333333333,2,2,GAGGGGGCACGAAAGTTTGG,0,4996579
yjbJ_predicted,0.3333333333333333,2,2,GAGGCTAAGGCTGGTTTTAT,0,5018663
yjbJ_predicted,0.3333333333333333,2,2,GAGGCCTCCCCGCCAAAATG,0,5000911
yjbJ_predicted,0.3333333333333333,2,2,GAGGAGGATCCGGAGTGCAA,0,4999002
yjbJ_predicted,0.3333333333333333,2,2,GAGGAAATTGGACGATTCGG,0,4998362
yjbJ_predicted,0.3333333333333333,2,2,GAGCTGGCACTCCGCTGGCC,0,5000961
yjbJ_predicted,0.3333333333333333,2,2,GAGCCACCAGGAGTTACCTC,0,4998163
yjbJ_predicted,0.3333333333333333,2,2,GAGATATGATGTAATCGTTC,0,5015365
yjbJ_predicted,0.3333333333333333,2,2,GAGATAATGCGTATCCTTGG,0,5009240
yjbJ_predicted,0.3333333333333333,2,2,GAGAACAGGCGAGACCCACG,0,5024917
yjbJ_predicted,0.3333333333333333,2,2,GAGAAACAATACGGCCAATG,0,5006254
yjbJ_predicted,0.3333333333333333,2,2,GACTTGCAGTGATTTGCATC,0,5006285
yjbJ_predicted,0.3333333333333333,2,2,GACTTCGCATCCTCCGGGTC,0,5007620
yjbJ_predicted,0.3333333333333333,2,2,GACTTCCTCAACAGCGGGCA,0,5000675
yjbJ_predicted,0.3333333333333333,2,2,GACTCAGATTCCGCTCGGTG,0,5009909
yjbJ_predicted,0.3333333333333333,2,2,GACGTGCTTAATGGGCTGCG,0,4999571
yjbJ_predicted,0.3333333333333333,2,2,GACGTATCGTTCAAGGGGAG,0,5020356
yjbJ_predicted,0.3333333333333333,2,2,GACGGGTCAGCGGAAGTCGG,0,5018450
yjbJ_predicted,0.3333333333333333,2,2,GACGCGGACGAGATTCAATC,0,4996638
yjbJ_predicted,0.3333333333333333,2,2,GACGATCTTCAATAAGGTTG,0,5001872
yjbJ_predicted,0.3333333333333333,2,2,GACGAAAATGGCAGCCATAG,0,5013269
yjbJ_predicted,0.3333333333333333,2,2,GACCTCATGGTCCTTCGTGT,0,5012560
yjbJ_predicted,0.3333333333333333,2,2,GACATCATTCAATCGGGATA,0,5021770
yjbJ_predicted,0.3333333333333333,2,2,GACACCAGTCAGCATGCCAG,0,5023612
yjbJ_predicted,0.3333333333333333,2,2,GAATGTTTCGGTTGTATTGA,0,5011213
yjbJ_predicted,0.3333333333333333,2,2,GAATGCGGAACCGCTCGGTT,0,5012400
yjbJ_predicted,0.3333333333333333,2,2,GAATACGGTCGGCACTAGCC,0,5014850
yjbJ_predicted,0.3333333333333333,2,2,GAAGTCATTCCAGGAGTATT,0,5030168
yjbJ_predicted,0.3333333333333333,2,2,GAAGGTAGCCTCGTCTCCCA,0,5021813
yjbJ_predicted,0.3333333333333333,2,2,GAACGTCCCAATGCTAAAGC,0,5004075
yjbJ_predicted,0.3333333333333333,2,2,GAACGCTCAAAGGTACGTGG,0,5015464
yjbJ_predicted,0.3333333333333333,2,2,GAAACGGGAGGAGTATAAGG,0,5017946
yjbJ_predicted,0.3333333333333333,2,2,GAAAACAAATGTGGCTGTGG,0,5000240
yjbJ_predicted,0.3333333333333333,2,2,CTTTTTGACTGTCCCTAGCT,0,5016117
yjbJ_predicted,0.3333333333333333,2,2,CTTTCCTTGGCTTCCAATCC,0,5013430
yjbJ_predicted,0.3333333333333333,2,2,CTTTAAACCATGGACACAAT,0,5031174
yjbJ_predicted,0.3333333333333333,2,2,CTTGTGTAGTACTATTCATC,0,5004391
yjbJ_predicted,0.3333333333333333,2,2,CTTGTGGCCGCCATTACAAG,0,5028438
yjbJ_predicted,0.3333333333333333,2,2,CTTGTCAAACAAGCTCGCAT,0,5026013
yjbJ_predicted,0.3333333333333333,2,2,CTTGGGTTTGTGGATGGTTT,0,5004369
yjbJ_predicted,0.3333333333333333,2,2,CTTGCTGGGAATACCTGTCA,0,5013924
yjbJ_predicted,0.3333333333333333,2,2,CTTGCTCGTATTCGTGGGTA,0,5021150
yjbJ_predicted,0.3333333333333333,2,2,CTTGCGTATGGCCGAAACGT,0,5022701
yjbJ_predicted,0.3333333333333333,2,2,CTTGAGGGCGCTTGGTGGAA,0,5019740
yjbJ_predicted,0.3333333333333333,2,2,CTTGAGACGCGGACGTATTT,0,5030738
yjbJ_predicted,0.3333333333333333,2,2,CTTCTCGCACAACGCATGTA,0,5030686
yjbJ_predicted,0.3333333333333333,2,2,CTTAGGCCGTGGACTCACCA,0,5011136
yjbJ_predicted,0.3333333333333333,2,2,CTTAGGCCCGACCCACAGTC,0,5003846
yjbJ_predicted,0.3333333333333333,2,2,CTTAGCGTTCTTCTCTCTTC,0,5003300
yjbJ_predicted,0.3333333333333333,2,2,CTTAAGTCACTGATGCGTTG,0,5026275
yjbJ_predicted,0.3333333333333333,2,2,CTGTTGTACGAATCAAGTGG,0,5009806
yjbJ_predicted,0.3333333333333333,2,2,CTGTTCCGGTCCTCACCGAT,0,4998389
yjbJ_predicted,0.3333333333333333,2,2,CTGTGTATATAGTTGTGCGG,0,5012572
yjbJ_predicted,0.3333333333333333,2,2,CTGTCTGCTCTTGGAGTACA,0,5015770
yjbJ_predicted,0.3333333333333333,2,2,CTGGTGGCACATATTAGTAG,0,5030833
yjbJ_predicted,0.3333333333333333,2,2,CTGGTGCGGTTTGCGGGCAT,0,5004519
yjbJ_predicted,0.3333333333333333,2,2,CTGGTGATTGTGAAGCGGCC,0,5012616
yjbJ_predicted,0.3333333333333333,2,2,CTGGTCACCTATTGTGCATG,0,5028238
yjbJ_predicted,0.3333333333333333,2,2,CTGGGTCTCTGTCCACTTGG,0,5010248
yjbJ_predicted,0.3333333333333333,2,2,CTGGGATACGCGCTGTCTAC,0,5009866
yjbJ_predicted,0.3333333333333333,2,2,CTGGCCCCGGGTACTGACTC,0,5015125
yjbJ_predicted,0.3333333333333333,2,2,CTGGCAATACGAATTTTTCT,0,5021046
yjbJ_predicted,0.3333333333333333,2,2,CTGGAGCCACATCGCATCTC,0,4998813
yjbJ_predicted,0.3333333333333333,2,2,CTGCCTAGGTGTCAACGGCA,0,5018563
yjbJ_predicted,0.3333333333333333,2,2,CTGCCACGGCTGATAGCGAT,0,5018888
yjbJ_predicted,0.3333333333333333,2,2,CTGCAGTTTAATAATGCTGT,0,5030637
yjbJ_predicted,0.3333333333333333,2,2,CTGCAGAAAGTCTACGTGGA,0,5018631
yjbJ_predicted,0.3333333333333333,2,2,CTGCACGGCAAATCACGTTG,0,5009673
yjbJ_predicted,0.3333333333333333,2,2,CTGATTGAAAGAGATTTCGC,0,5001797
yjbJ_predicted,0.3333333333333333,2,2,CTCTTGTTGTGCCGGTAGAG,0,5002572
yjbJ_predicted,0.3333333333333333,2,2,CTCTTCCCAGCGCGTTGCAG,0,5025805
yjbJ_predicted,0.3333333333333333,2,2,CTCTTATGCTCCAGCTGACG,0,5013052
yjbJ_predicted,0.3333333333333333,2,2,CTCTTAAAATCAAAAGATGG,0,4996566
yjbJ_predicted,0.3333333333333333,2,2,CTCTGATTTTCCACCAAGGG,0,5025466
yjbJ_predicted,0.3333333333333333,2,2,CTCTCTGCCACGAAGCGATG,0,5029359
yjbJ_predicted,0.3333333333333333,2,2,CTCTCGATTTATGTATGGCC,0,5015468
yjbJ_predicted,0.3333333333333333,2,2,CTCGTTTTAGGTACGTACTA,0,4997914
yjbJ_predicted,0.3333333333333333,2,2,CTCGTTGGATTTTAGGTATA,0,5003642
yjbJ_predicted,0.3333333333333333,2,2,CTCGGCTGAGCGGGTACTTT,0,4996364
yjbJ_predicted,0.3333333333333333,2,2,CTCGGCGTATATAGATCTCA,0,5020091
yjbJ_predicted,0.3333333333333333,2,2,CTCCCTACGACCGCCCGGAA,0,4995922
yjbJ_predicted,0.3333333333333333,2,2,CTCCACGCTATTTTCATCTT,0,5008028
yjbJ_predicted,0.3333333333333333,2,2,CTCATTCAAATGGCGCAGGT,0,5026089
yjbJ_predicted,0.3333333333333333,2,2,CTCAGAGCATTTTCTTCGTG,0,5024939
yjbJ_predicted,0.3333333333333333,2,2,CTCAACATGAGTACTCGGGC,0,5007765
yjbJ_predicted,0.3333333333333333,2,2,CTATTATGTGTTCTTGCGAT,0,5018873
yjbJ_predicted,0.3333333333333333,2,2,CTATGAGCCTCTGAATCGAT,0,5026644
yjbJ_predicted,0.3333333333333333,2,2,CTATCCTGAGACAATGGAAT,0,5017449
yjbJ_predicted,0.3333333333333333,2,2,CTATATGTTTCGTAGGTTAA,0,5024690
yjbJ_predicted,0.3333333333333333,2,2,CTAGTTGACTATGTTCTGTC,0,5002908
yjbJ_predicted,0.3333333333333333,2,2,CTAGGTCGCTTTCCATTATG,0,5005288
yjbJ_predicted,0.3333333333333333,2,2,CTAGACTTCACACCCCCCTA,0,5010039
yjbJ_predicted,0.3333333333333333,2,2,CTAGACTACTGCTGTGGCTC,0,5005130
yjbJ_predicted,0.3333333333333333,2,2,CTACGGCGTGCTGGTTGGCC,0,5007835
yjbJ_predicted,0.3333333333333333,2,2,CTACGATGTGCAACCAACGT,0,5023580
yjbJ_predicted,0.3333333333333333,2,2,CTAAGCTTATCGTGGTTCAC,0,5006579
yjbJ_predicted,0.3333333333333333,2,2,CTAAATGATGCCAAGGTTAA,0,5010027
yjbJ_predicted,0.3333333333333333,2,2,CTAAAGCCTTTGTTACTGAT,0,5011048
yjbJ_predicted,0.3333333333333333,2,2,CGTTTCTGCGGGATACGCAA,0,4998687
yjbJ_predicted,0.3333333333333333,2,2,CGTGTTGGGTTTCTAAGCGA,0,5026547
yjbJ_predicted,0.3333333333333333,2,2,CGTGTGTTCGATGCAAACGT,0,5010683
yjbJ_predicted,0.3333333333333333,2,2,CGTGTCCACCATCTCGAAAC,0,5005814
yjbJ_predicted,0.3333333333333333,2,2,CGTGCGACCACACAGCGGCG,0,5009545
yjbJ_predicted,0.3333333333333333,2,2,CGTGAATCCCCATAATATTC,0,5018382
yjbJ_predicted,0.3333333333333333,2,2,CGTCGAGGTACTCTTTGGCA,0,5022326
yjbJ_predicted,0.3333333333333333,2,2,CGTCCCGCCCCGAAATTCGT,0,5024370
yjbJ_predicted,0.3333333333333333,2,2,CGTATTCACTGAGTGAAACC,0,5003870
yjbJ_predicted,0.3333333333333333,2,2,CGTAGGTGTTTCGCACAGTA,0,5015690
yjbJ_predicted,0.3333333333333333,2,2,CGTAGCCCCATAGTTTATTA,0,4999885
yjbJ_predicted,0.3333333333333333,2,2,CGTAGATAATGGCCGAGGCA,0,5026178
yjbJ_predicted,0.3333333333333333,2,2,CGTACGGAATCTTTAGTAGC,0,5024773
yjbJ_predicted,0.3333333333333333,2,2,CGGTTTAGCCACCTAACCCC,0,5000306
yjbJ_predicted,0.3333333333333333,2,2,CGGTTATCAGAAAGACATGG,0,5021723
yjbJ_predicted,0.3333333333333333,2,2,CGGGGGTATGGAAGAGCTCA,0,5010178
yjbJ_predicted,0.3333333333333333,2,2,CGGGGAGAAATTTTTGGGGA,0,5017485
yjbJ_predicted,0.3333333333333333,2,2,CGGGCTCCACTTGACAGTCT,0,5018714
yjbJ_predicted,0.3333333333333333,2,2,CGGGCGCTGGTCACGGACCT,0,5014468
yjbJ_predicted,0.3333333333333333,2,2,CGGGAGGAGCAGTTAACGAA,0,5022095
yjbJ_predicted,0.3333333333333333,2,2,CGGCTAAGTGATTCAGCACC,0,5015851
yjbJ_predicted,0.3333333333333333,2,2,CGGCGTGAGGCGTTCTAAAT,0,5006005
yjbJ_predicted,0.3333333333333333,2,2,CGGCGTCATTTACTTACTTC,0,5026627
yjbJ_predicted,0.3333333333333333,2,2,CGGCGGACCGGTCAATTAAA,0,5010743
yjbJ_predicted,0.3333333333333333,2,2,CGGCCTCTCTTTTGCATCGG,0,5019047
yjbJ_predicted,0.3333333333333333,2,2,CGGCACCATTTTTGTTTCGG,0,5030898
yjbJ_predicted,0.3333333333333333,2,2,CGGACGGTAGCCCAGCCGCT,0,5025016
yjbJ_predicted,0.3333333333333333,2,2,CGGAAATGAGTCCTGGGCCA,0,5013319
yjbJ_predicted,0.3333333333333333,2,2,CGCTTACTCAAGTATGGGAA,0,5019899
yjbJ_predicted,0.3333333333333333,2,2,CGCTGATGTCAATTAAAGGT,0,5015205
yjbJ_predicted,0.3333333333333333,2,2,CGCTGAAAGAAATAAGCACC,0,5011954
yjbJ_predicted,0.3333333333333333,2,2,CGCTAGTCTACTTACAGACT,0,5029937
yjbJ_predicted,0.3333333333333333,2,2,CGCTAATGTTCTAACCCGAC,0,5014265
yjbJ_predicted,0.3333333333333333,2,2,CGCGGCTTAGGAAAATATCA,0,5026259
yjbJ_predicted,0.3333333333333333,2,2,CGCGCACGCAGCCCATTTTA,0,5020086
yjbJ_predicted,0.3333333333333333,2,2,CGCGAAGTGCAAAGCGACTA,0,5016920
yjbJ_predicted,0.3333333333333333,2,2,CGCCTTAGCATATCTAATAA,0,4997793
yjbJ_predicted,0.3333333333333333,2,2,CGCCTCGCATTGATCGCCTA,0,5004601
yjbJ_predicted,0.3333333333333333,2,2,CGCCGCTAACGTCTTAGTGT,0,4998491
yjbJ_predicted,0.3333333333333333,2,2,CGCCCGGAGACTCGTTGGTC,0,5021154
yjbJ_predicted,0.3333333333333333,2,2,CGCAGGTTGACGTGGATCTG,0,5006829
yjbJ_predicted,0.3333333333333333,2,2,CGCAGATCTACGGACGGCTT,0,5019052
yjbJ_predicted,0.3333333333333333,2,2,CGCAATACCTTTTTGACATC,0,5014058
yjbJ_predicted,0.3333333333333333,2,2,CGCAAATATCGAAGGGATAT,0,5007569
yjbJ_predicted,0.3333333333333333,2,2,CGATTTTAGCTCACACTATT,0,5011335
yjbJ_predicted,0.3333333333333333,2,2,CGATTGGTTCGCCGGTGGCC,0,5000075
yjbJ_predicted,0.3333333333333333,2,2,CGATTAAGTTATGAGGATAA,0,5023480
yjbJ_predicted,0.3333333333333333,2,2,CGATGGTCACCGGCTGCCTG,0,5007024
yjbJ_predicted,0.3333333333333333,2,2,CGATGCTGTCGGAATCTGCA,0,5012225
yjbJ_predicted,0.3333333333333333,2,2,CGATCGCTTGTATTCACCAA,0,5008654
yjbJ_predicted,0.3333333333333333,2,2,CGATACAGGTGCTAATCTAT,0,5000032
yjbJ_predicted,0.3333333333333333,2,2,CGAGTTGGTCCTACTAAAGT,0,5004709
yjbJ_predicted,0.3333333333333333,2,2,CGAGTGGGATTGGGAAATCA,0,4998953
yjbJ_predicted,0.3333333333333333,2,2,CGAGTATATGCAAGAAGAAA,0,5021994
yjbJ_predicted,0.3333333333333333,2,2,CGAGGTTAAGGCTTCGCCCC,0,5023807
yjbJ_predicted,0.3333333333333333,2,2,CGAGGGCGTTTGAGTGATGG,0,5006790
yjbJ_predicted,0.3333333333333333,2,2,CGAGAAAGGGTAGAGTGTGG,0,5029880
yjbJ_predicted,0.3333333333333333,2,2,CGACTCATTAGCGGCTTACG,0,4998983
yjbJ_predicted,0.3333333333333333,2,2,CGACCCTTCTACAGTGTATT,0,5023132
yjbJ_predicted,0.3333333333333333,2,2,CGACAATGCATTACCAGTGC,0,5015353
yjbJ_predicted,0.3333333333333333,2,2,CGAAGTTACGTTTGTTGCTC,0,5026661
yjbJ_predicted,0.3333333333333333,2,2,CCTTTAGGCTGTTAGCGGGG,0,5022180
yjbJ_predicted,0.3333333333333333,2,2,CCTTGGGCGCAAGACCACCT,0,5024540
yjbJ_predicted,0.3333333333333333,2,2,CCTTGCTTGGCGGGAATAGT,0,5014865
yjbJ_predicted,0.3333333333333333,2,2,CCTTCCAAAATATTCTACAA,0,5005849
yjbJ_predicted,0.3333333333333333,2,2,CCTTAAGGCGGGATTTCCCC,0,5009751
yjbJ_predicted,0.3333333333333333,2,2,CCTGTTTCGCCGAGATCAAC,0,5022329
yjbJ_predicted,0.3333333333333333,2,2,CCTGTTCTGGCAACACGGGT,0,5003958
yjbJ_predicted,0.3333333333333333,2,2,CCTGGCTTTAATTTGGGATG,0,5013057
yjbJ_predicted,0.3333333333333333,2,2,CCTGGACTCGACTCTGCTTC,0,5024338
yjbJ_predicted,0.3333333333333333,2,2,CCTGCTAACAAGGACGATTA,0,5027129
yjbJ_predicted,0.3333333333333333,2,2,CCTGATTCGATGGACGCAGT,0,5000124
yjbJ_predicted,0.3333333333333333,2,2,CCTGATGGTTAGCAAAAATC,0,5010972
yjbJ_predicted,0.3333333333333333,2,2,CCTGACGAGCCACTTTAAAG,0,5000625
yjbJ_predicted,0.3333333333333333,2,2,CCTCTGTTAAGAAAGACGAT,0,5001737
yjbJ_predicted,0.3333333333333333,2,2,CCTCTGCTTTTGACTATATC,0,5009047
yjbJ_predicted,0.3333333333333333,2,2,CCTCCTCCCTTATAGTGTGA,0,5009165
yjbJ_predicted,0.3333333333333333,2,2,CCTCCTAACGCCGGCGGCAT,0,5019168
yjbJ_predicted,0.3333333333333333,2,2,CCTCCGGGCACAGATGATTA,0,5030543
yjbJ_predicted,0.3333333333333333,2,2,CCTCCAGCAACGCAGCTTTG,0,4995498
yjbJ_predicted,0.3333333333333333,2,2,CCTCAGTGAATTGGTACACA,0,5013428
yjbJ_predicted,0.3333333333333333,2,2,CCTATCTCAGAAGGAGCTTT,0,5018011
yjbJ_predicted,0.3333333333333333,2,2,CCTAGCTTAGGGCGGGCGGG,0,5018272
yjbJ_predicted,0.3333333333333333,2,2,CCTAGAAAGGGTATGGCATA,0,5022364
yjbJ_predicted,0.3333333333333333,2,2,CCTACGGAGGCCGAGGTCAA,0,5011780
yjbJ_predicted,0.3333333333333333,2,2,CCTAAAAGGCTGGCAGATCA,0,5014674
yjbJ_predicted,0.3333333333333333,2,2,CCGTTAGGGTGATTTATTGA,0,5010048
yjbJ_predicted,0.3333333333333333,2,2,CCGTCCGTACGTCAGCTGGG,0,4999704
yjbJ_predicted,0.3333333333333333,2,2,CCGTAGCTGATATTCCTACC,0,5022865
yjbJ_predicted,0.3333333333333333,2,2,CCGTACCTTGAACTGCGTTA,0,5018109
yjbJ_predicted,0.3333333333333333,2,2,CCGGTGGCCGTAATCAGCTT,0,5030789
yjbJ_predicted,0.3333333333333333,2,2,CCGGTCAGCTGGAAATTGAG,0,5007339
yjbJ_predicted,0.3333333333333333,2,2,CCGGTATTCTCAGAATCTTC,0,5006202
yjbJ_predicted,0.3333333333333333,2,2,CCGGCGGGGCCTGCTTTTAA,0,5007541
yjbJ_predicted,0.3333333333333333,2,2,CCGCTGGGGTACTTATGTGG,0,4995728
yjbJ_predicted,0.3333333333333333,2,2,CCGCTGCGTTAGGCTCTCAC,0,5025626
yjbJ_predicted,0.3333333333333333,2,2,CCGCGGCGCTGTCTGGTAAT,0,5002479
yjbJ_predicted,0.3333333333333333,2,2,CCGCCAGCGGGGAATCGGTG,0,5026187
yjbJ_predicted,0.3333333333333333,2,2,CCGCCAGAGAGATAACACTC,0,5017309
yjbJ_predicted,0.3333333333333333,2,2,CCGCCAACTCGCACATTAGC,0,5006184
yjbJ_predicted,0.3333333333333333,2,2,CCGAGGCCTGCGACCTGCGG,0,5012759
yjbJ_predicted,0.3333333333333333,2,2,CCGAGATCTTGCTTGAAAGG,0,4994999
yjbJ_predicted,0.3333333333333333,2,2,CCGAAATGTTTGTACGTAGG,0,5015605
yjbJ_predicted,0.3333333333333333,2,2,CCCTTCGAGGGTTGGCCAGT,0,5017811
yjbJ_predicted,0.3333333333333333,2,2,CCCTTCCGACGAACTCTAAT,0,5001234
yjbJ_predicted,0.3333333333333333,2,2,CCCTTAGATCTTACGAAGCC,0,4995334
yjbJ_predicted,0.3333333333333333,2,2,CCCTGTGTACTATTTAGAAC,0,5011466
yjbJ_predicted,0.3333333333333333,2,2,CCCTGCATCGGAGCGAGCAT,0,5020792
yjbJ_predicted,0.3333333333333333,2,2,CCCTGAAGAGTTGACACCGG,0,5023982
yjbJ_predicted,0.3333333333333333,2,2,CCCTCTGATCACTGAATTGC,0,5027685
yjbJ_predicted,0.3333333333333333,2,2,CCCTCGTCTTTATTATGGAA,0,5015250
yjbJ_predicted,0.3333333333333333,2,2,CCCTCCTGTGCGAAGAACTG,0,5000589
yjbJ_predicted,0.3333333333333333,2,2,CCCGGTTAAACTGTTGCACC,0,5012049
yjbJ_predicted,0.3333333333333333,2,2,CCCGGGCTTTGGTAGAATGT,0,4999087
yjbJ_predicted,0.3333333333333333,2,2,CCCGGAATAATCGTAGCTAC,0,5001497
yjbJ_predicted,0.3333333333333333,2,2,CCCGCGGTAGACAGTCCCGT,0,5009257
yjbJ_predicted,0.3333333333333333,2,2,CCCGCCAGATGGAACCCGAG,0,5024029
yjbJ_predicted,0.3333333333333333,2,2,CCCCTTACTTCATATGTTTC,0,5019772
yjbJ_predicted,0.3333333333333333,2,2,CCCCTGCATGCTCTTCGTTT,0,5007068
yjbJ_predicted,0.3333333333333333,2,2,CCCCGGCCCGTGAAATTTTA,0,5028754
yjbJ_predicted,0.3333333333333333,2,2,CCCCATCAGCGCGAGCATAA,0,5010293
yjbJ_predicted,0.3333333333333333,2,2,CCCCAGGGGCGACGGCTGCT,0,5019883
yjbJ_predicted,0.3333333333333333,2,2,CCCCACGCCGGTCGAAACTC,0,4996308
yjbJ_predicted,0.3333333333333333,2,2,CCCAGGTCCATTTATGCAGT,0,5023560
yjbJ_predicted,0.3333333333333333,2,2,CCCACATTTTTGGCTAGGTC,0,4999001
yjbJ_predicted,0.3333333333333333,2,2,CCATTAGAAGTGTGTATCAA,0,5014797
yjbJ_predicted,0.3333333333333333,2,2,CCATGGTGCCTCGCATGCGT,0,4999709
yjbJ_predicted,0.3333333333333333,2,2,CCATCGATGCCAATCCTGTT,0,5011452
yjbJ_predicted,0.3333333333333333,2,2,CCAGTGGCGCAATGTAACTT,0,5015656
yjbJ_predicted,0.3333333333333333,2,2,CCAGTGGCGAACGGACATTT,0,5007051
yjbJ_predicted,0.3333333333333333,2,2,CCAGGTGACTCACGTAGAGT,0,4998496
yjbJ_predicted,0.3333333333333333,2,2,CCACGTGATTTCTGTATTTC,0,5018945
yjbJ_predicted,0.3333333333333333,2,2,CCACGGTTGTGTCAGAGCGA,0,5006222
yjbJ_predicted,0.3333333333333333,2,2,CCACCTGCATTTTGTTGGGG,0,5011859
yjbJ_predicted,0.3333333333333333,2,2,CCAAGCCAAGGCGCCAGCGG,0,4997053
yjbJ_predicted,0.3333333333333333,2,2,CATTTGAACATATGTTAGTC,0,5019062
yjbJ_predicted,0.3333333333333333,2,2,CATTTACCCTGGCTTTCGTT,0,5014490
yjbJ_predicted,0.3333333333333333,2,2,CATTGGACGCGGCATTACTA,0,5010390
yjbJ_predicted,0.3333333333333333,2,2,CATTGCTGCCACGCGCTCTA,0,5016898
yjbJ_predicted,0.3333333333333333,2,2,CATTAATTTTCGGAGTTCTC,0,5011118
yjbJ_predicted,0.3333333333333333,2,2,CATGTGATGGGGAGGATAGG,0,5029897
yjbJ_predicted,0.3333333333333333,2,2,CATGTCTGGGGATATAAAAC,0,5013267
yjbJ_predicted,0.3333333333333333,2,2,CATGTCCGGGTTCATTAGGA,0,5018158
yjbJ_predicted,0.3333333333333333,2,2,CATGTCCCACTCCGGCGATC,0,5021900
yjbJ_predicted,0.3333333333333333,2,2,CATGCGCTAGGGGCTGTACC,0,4998855
yjbJ_predicted,0.3333333333333333,2,2,CATGCACAGGTTCACCAATG,0,5005906
yjbJ_predicted,0.3333333333333333,2,2,CATCAATTTCAACCATTATA,0,5026562
yjbJ_predicted,0.3333333333333333,2,2,CATACATACGTATAAGTTCC,0,5026807
yjbJ_predicted,0.3333333333333333,2,2,CATAAGTTAGAGTCAAGACT,0,5019441
yjbJ_predicted,0.3333333333333333,2,2,CAGTTTACTCCAGGGTCGAT,0,4998465
yjbJ_predicted,0.3333333333333333,2,2,CAGGTCTGAACGGCTGTCTA,0,5010225
yjbJ_predicted,0.3333333333333333,2,2,CAGGTAACACCCGCTGGGAA,0,5004790
yjbJ_predicted,0.3333333333333333,2,2,CAGGGCTTGCCCTCGCCCCT,0,5003244
yjbJ_predicted,0.3333333333333333,2,2,CAGGGCGACACGGGTCCATT,0,5018367
yjbJ_predicted,0.3333333333333333,2,2,CAGGGACCTATGTCGGTACG,0,4998568
yjbJ_predicted,0.3333333333333333,2,2,CAGGCTGTAACGGGTAATGG,0,5018493
yjbJ_predicted,0.3333333333333333,2,2,CAGGCAGTTTGTATCGTGTA,0,5024940
yjbJ_predicted,0.3333333333333333,2,2,CAGGCACGTCACGAGATTCA,0,5018603
yjbJ_predicted,0.3333333333333333,2,2,CAGGAGAGCCGACACGAAAC,0,5022665
yjbJ_predicted,0.3333333333333333,2,2,CAGGACCAACCACATGACAG,0,5000905
yjbJ_predicted,0.3333333333333333,2,2,CAGCAGCGGTTAGAAGCAAC,0,5014861
yjbJ_predicted,0.3333333333333333,2,2,CAGCACGCGCGGCTGGAGGG,0,5005106
yjbJ_predicted,0.3333333333333333,2,2,CAGATGTGGTTTCGTCGCAA,0,5027764
yjbJ_predicted,0.3333333333333333,2,2,CAGAGCGCGGGCATCATGGT,0,5011031
yjbJ_predicted,0.3333333333333333,2,2,CAGACTAACGCTAAGGGATT,0,5028032
yjbJ_predicted,0.3333333333333333,2,2,CACTATACCCCCCTGACGCT,0,5022368
yjbJ_predicted,0.3333333333333333,2,2,CACGGGAATGAGCGAAGGCC,0,5015951
yjbJ_predicted,0.3333333333333333,2,2,CACGGCGTACCGTGGTAGTA,0,5023864
yjbJ_predicted,0.3333333333333333,2,2,CACGGCAGGGCGCACCTGTT,0,5029774
yjbJ_predicted,0.3333333333333333,2,2,CACGGAGCGCAGCCGATTAA,0,5007441
yjbJ_predicted,0.3333333333333333,2,2,CACCTACGTCCGTTGTTGGT,0,5030681
yjbJ_predicted,0.3333333333333333,2,2,CACCGTGATTTTCGAACTAG,0,5004179
yjbJ_predicted,0.3333333333333333,2,2,CACCGTCTGATGACTATCAT,0,5002569
yjbJ_predicted,0.3333333333333333,2,2,CACCGCGTGTCAGTAGCCAA,0,5027021
yjbJ_predicted,0.3333333333333333,2,2,CACCCACGCGGGGAAGGAAG,0,5015233
yjbJ_predicted,0.3333333333333333,2,2,CACCAATCATTATCGACTTC,0,5005321
yjbJ_predicted,0.3333333333333333,2,2,CACAGCGAGCATGGACGATG,0,5020649
yjbJ_predicted,0.3333333333333333,2,2,CACACACACCGATCCTACGC,0,4999639
yjbJ_predicted,0.3333333333333333,2,2,CAATTCGTAAATCACAAACA,0,5025006
yjbJ_predicted,0.3333333333333333,2,2,CAATTAAGTACTGCCTACCG,0,5015078
yjbJ_predicted,0.3333333333333333,2,2,CAATAGAGGAAGTAGCGACT,0,5023641
yjbJ_predicted,0.3333333333333333,2,2,CAACTCCTGCCTGGTGTTCA,0,4995264
yjbJ_predicted,0.3333333333333333,2,2,CAACATTAAACTGCGACCCT,0,5020179
yjbJ_predicted,0.3333333333333333,2,2,CAACAGCACACGCAGAATAG,0,4995548
yjbJ_predicted,0.3333333333333333,2,2,CAAACTCAGTTTTGGTAAGT,0,5008727
yjbJ_predicted,0.3333333333333333,2,2,CAAAATCACGGTTAGGGGGA,0,5018667
yjbJ_predicted,0.3333333333333333,2,2,CAAAACCGTGAGGGGGACGG,0,5020482
yjbJ_predicted,0.3333333333333333,2,2,ATTTTTAAAGGATAGGTGGG,0,5024397
yjbJ_predicted,0.3333333333333333,2,2,ATTTTGGCGATTATTTCTGC,0,5017824
yjbJ_predicted,0.3333333333333333,2,2,ATTTTGCTCCCGGCTTATCT,0,5013378
yjbJ_predicted,0.3333333333333333,2,2,ATTTGATACTTAATGTAGTG,0,5013833
yjbJ_predicted,0.3333333333333333,2,2,ATTTCGGATTACGATGCCAA,0,5026372
yjbJ_predicted,0.3333333333333333,2,2,ATTGGTATTGAAAATGTCAT,0,5024647
yjbJ_predicted,0.3333333333333333,2,2,ATTGGCAGGACTGTCCATTG,0,5012178
yjbJ_predicted,0.3333333333333333,2,2,ATTCTGAGATCCGGTTTACA,0,4998795
yjbJ_predicted,0.3333333333333333,2,2,ATTCTCGGTCACACGGCGGG,0,5006908
yjbJ_predicted,0.3333333333333333,2,2,ATTCCTAGACGATCGATTAA,0,4999616
yjbJ_predicted,0.3333333333333333,2,2,ATTCCCGTACTTACGCTGGC,0,5009981
yjbJ_predicted,0.3333333333333333,2,2,ATTCATGTTATGGTCGGAAG,0,4998446
yjbJ_predicted,0.3333333333333333,2,2,ATTCAGCTTGTTAGTGTACA,0,5002819
yjbJ_predicted,0.3333333333333333,2,2,ATTATACTAGGGGGGTGATA,0,5023393
yjbJ_predicted,0.3333333333333333,2,2,ATTATACGACTTCTTAGACT,0,5012071
yjbJ_predicted,0.3333333333333333,2,2,ATTACGGAGCCCTGAAACTG,0,5020215
yjbJ_predicted,0.3333333333333333,2,2,ATTAATAAAGTCAGCGATCC,0,5006981
yjbJ_predicted,0.3333333333333333,2,2,ATTAAGGTACCCGGCGCCTG,0,5029714
yjbJ_predicted,0.3333333333333333,2,2,ATGTTTACATTCTTAGGGGT,0,5012095
yjbJ_predicted,0.3333333333333333,2,2,ATGTTAAGACAGGGCTTCTT,0,5016826
yjbJ_predicted,0.3333333333333333,2,2,ATGTGCCGAACCGTGTTCTA,0,5025969
yjbJ_predicted,0.3333333333333333,2,2,ATGTCGCGCAATACCGTGAG,0,4995515
yjbJ_predicted,0.3333333333333333,2,2,ATGTCAGCCTTAGCAAAGGC,0,5005021
yjbJ_predicted,0.3333333333333333,2,2,ATGTATCAACTGCTTAGGGA,0,5008185
yjbJ_predicted,0.3333333333333333,2,2,ATGTACCGCCCTACCTGGGT,0,5002896
yjbJ_predicted,0.3333333333333333,2,2,ATGTAACTTAACCTCTCGTG,0,5028262
yjbJ_predicted,0.3333333333333333,2,2,ATGGTTCAATTATATCTGAA,0,5020862
yjbJ_predicted,0.3333333333333333,2,2,ATGGTCAGTCACGTAGACAT,0,5016246
yjbJ_predicted,0.3333333333333333,2,2,ATGGGTCGCAGCGTCTCACC,0,5013507
yjbJ_predicted,0.3333333333333333,2,2,ATGGGGAACGTCTGTTTGTT,0,5001889
yjbJ_predicted,0.3333333333333333,2,2,ATGCGGTATGAGTCCGTCAG,0,5025565
yjbJ_predicted,0.3333333333333333,2,2,ATGCCCCTCCTGCTCGGGAA,0,5031069
yjbJ_predicted,0.3333333333333333,2,2,ATGCACTTTACGACGAGCCA,0,5027394
yjbJ_predicted,0.3333333333333333,2,2,ATGAATTCTCTGTACAAAAA,0,5008515
yjbJ_predicted,0.3333333333333333,2,2,ATCTTACGGGAGGGTACGGG,0,5002657
yjbJ_predicted,0.3333333333333333,2,2,ATCTTACAATGTTTAGTCCC,0,5024960
yjbJ_predicted,0.3333333333333333,2,2,ATCTATTCGCTGACTCAGCC,0,5023924
yjbJ_predicted,0.3333333333333333,2,2,ATCTAGGGTCTAAGCTCTCT,0,5006738
yjbJ_predicted,0.3333333333333333,2,2,ATCTAGAGATCAATCTAGAA,0,5024014
yjbJ_predicted,0.3333333333333333,2,2,ATCGGTGCAGAGACGCCCCG,0,5004898
yjbJ_predicted,0.3333333333333333,2,2,ATCGGCGTCTAAAAATTGCG,0,5005547
yjbJ_predicted,0.3333333333333333,2,2,ATCGGACCCGAGTCGCGTCA,0,4999033
yjbJ_predicted,0.3333333333333333,2,2,ATCGCGCCCTCCCATCGCTA,0,5027435
yjbJ_predicted,0.3333333333333333,2,2,ATCGAGGATGGCAGGAATTC,0,5028486
yjbJ_predicted,0.3333333333333333,2,2,ATCCCCGACTTCACACAATC,0,5019747
yjbJ_predicted,0.3333333333333333,2,2,ATCCCCCACTATCCTCTTTG,0,5021749
yjbJ_predicted,0.3333333333333333,2,2,ATCCCAGCTTCGGTCAATCT,0,5009286
yjbJ_predicted,0.3333333333333333,2,2,ATCCAGGCCCTGCGCAATGC,0,5003499
yjbJ_predicted,0.3333333333333333,2,2,ATCATTAGGCGGAGCGGGAC,0,5021964
yjbJ_predicted,0.3333333333333333,2,2,ATCATACGCTTCCTTAGTAC,0,5022030
yjbJ_predicted,0.3333333333333333,2,2,ATCAGTGTCAGGTACGCACA,0,5012298
yjbJ_predicted,0.3333333333333333,2,2,ATCACTCTCCCCTCCTTTAC,0,5015791
yjbJ_predicted,0.3333333333333333,2,2,ATATTCTGCTTCCCGTCGGT,0,5026740
yjbJ_predicted,0.3333333333333333,2,2,ATATGCCTCTTAATTGGCAA,0,5018696
yjbJ_predicted,0.3333333333333333,2,2,ATATCGTTTAGTCATAGATG,0,5020677
yjbJ_predicted,0.3333333333333333,2,2,ATATATTAGTGGAATAACTA,0,5016981
yjbJ_predicted,0.3333333333333333,2,2,ATAGGTTAAATCCCGGATAA,0,5010165
yjbJ_predicted,0.3333333333333333,2,2,ATAGAGCCGGGCCGTTGCGG,0,5024117
yjbJ_predicted,0.3333333333333333,2,2,ATAGAAGAGCGCGCGAACAT,0,5011082
yjbJ_predicted,0.3333333333333333,2,2,ATACTGTAGGCAGTACGATA,0,5017593
yjbJ_predicted,0.3333333333333333,2,2,ATACGTAGCTTGATAGTGCT,0,4995989
yjbJ_predicted,0.3333333333333333,2,2,ATACGGACCCCCGTCCGAGG,0,5009335
yjbJ_predicted,0.3333333333333333,2,2,ATAATTCCTAAAATCCAATC,0,5004569
yjbJ_predicted,0.3333333333333333,2,2,ATAATGTTCCAGCAGAGTTA,0,5007899
yjbJ_predicted,0.3333333333333333,2,2,ATAATCTCGAGCGCAAACTC,0,5020600
yjbJ_predicted,0.3333333333333333,2,2,ATAATCAGAGATATGACGTT,0,5028845
yjbJ_predicted,0.3333333333333333,2,2,ATAAGTGTTGAAGTATAATC,0,5006286
yjbJ_predicted,0.3333333333333333,2,2,ATAAGCCTTTGTCTCGTTGA,0,5021884
yjbJ_predicted,0.3333333333333333,2,2,AGTTTGTCTCCTTTGCAGTG,0,5005262
yjbJ_predicted,0.3333333333333333,2,2,AGTTTGCTCCCGCACATGCT,0,5015752
yjbJ_predicted,0.3333333333333333,2,2,AGTTTCGGTATAGATTATCA,0,5030674
yjbJ_predicted,0.3333333333333333,2,2,AGTTGTAATTCTGCCACATT,0,5002550
yjbJ_predicted,0.3333333333333333,2,2,AGTTGCCCAGTTAGTCACCC,0,5005208
yjbJ_predicted,0.3333333333333333,2,2,AGTTGAACGTCGGGCCGACT,0,5002736
yjbJ_predicted,0.3333333333333333,2,2,AGTTCTTCGCCGCGCCGTCT,0,5022440
yjbJ_predicted,0.3333333333333333,2,2,AGTTCGAGTTTCGGAATGTA,0,5017301
yjbJ_predicted,0.3333333333333333,2,2,AGTTAAGCGTACGTAAACCA,0,5011174
yjbJ_predicted,0.3333333333333333,2,2,AGTTAACCTGCTAATAACTG,0,5019206
yjbJ_predicted,0.3333333333333333,2,2,AGTGTACTACTCAATTCTGC,0,5029308
yjbJ_predicted,0.3333333333333333,2,2,AGTGGCCCGTGTTCACCAGT,0,5031116
yjbJ_predicted,0.3333333333333333,2,2,AGTGACAGAAAAAGTGCATG,0,5007334
yjbJ_predicted,0.3333333333333333,2,2,AGTCGTCCAACGACCTCTGG,0,5027660
yjbJ_predicted,0.3333333333333333,2,2,AGTCGCAAGAAGTGATGGAG,0,5001097
yjbJ_predicted,0.3333333333333333,2,2,AGTCGAATGAACGGCAACAT,0,5004185
yjbJ_predicted,0.3333333333333333,2,2,AGTCCCGCAATGTCCACATA,0,5021247
yjbJ_predicted,0.3333333333333333,2,2,AGTCCAGCTTATAACCGGCA,0,4999028
yjbJ_predicted,0.3333333333333333,2,2,AGTCCACCCAAGCTCTATAC,0,5021786
yjbJ_predicted,0.3333333333333333,2,2,AGTCACTATTCGGTGCGTCT,0,5005278
yjbJ_predicted,0.3333333333333333,2,2,AGTAGAGTCCGGGGAAGCTT,0,5021802
yjbJ_predicted,0.3333333333333333,2,2,AGTACTTGTTCGCAGGTCGC,0,4996694
yjbJ_predicted,0.3333333333333333,2,2,AGTACCATAGGGGCGACACA,0,5022666
yjbJ_predicted,0.3333333333333333,2,2,AGTAAATATAGTCCGGTATA,0,4997386
yjbJ_predicted,0.3333333333333333,2,2,AGGTTTTACTGATATTGTAA,0,5028865
yjbJ_predicted,0.3333333333333333,2,2,AGGTTCGAGGCTACGGGCTG,0,5001396
yjbJ_predicted,0.3333333333333333,2,2,AGGTGGCAGATTTAGTTTGG,0,4999901
yjbJ_predicted,0.3333333333333333,2,2,AGGTCTCACGGGGTGCGCGC,0,5011203
yjbJ_predicted,0.3333333333333333,2,2,AGGGTCACCATCTCTCAGTT,0,5030618
yjbJ_predicted,0.3333333333333333,2,2,AGGGGGAGTATGGACTCGAC,0,5013467
yjbJ_predicted,0.3333333333333333,2,2,AGGGATGGGGTCAGGGCAAC,0,5019785
yjbJ_predicted,0.3333333333333333,2,2,AGGGAGAGCCGGGAAACCAA,0,5015313
yjbJ_predicted,0.3333333333333333,2,2,AGGGACGACGTATATGGCCA,0,4998791
yjbJ_predicted,0.3333333333333333,2,2,AGGCTCAACCCTGCTCAGAC,0,5001245
yjbJ_predicted,0.3333333333333333,2,2,AGGCCTTTCTTATCATATTA,0,5007826
yjbJ_predicted,0.3333333333333333,2,2,AGGCCGCTCTGATCTAATTT,0,5012175
yjbJ_predicted,0.3333333333333333,2,2,AGGCCGCACCACGCTATTAC,0,5017024
yjbJ_predicted,0.3333333333333333,2,2,AGGCATTCCTCATCTAGCCT,0,5012446
yjbJ_predicted,0.3333333333333333,2,2,AGGATGTCGGAGAACATTAT,0,5007151
yjbJ_predicted,0.3333333333333333,2,2,AGGAGGGTACAAATCTGCGA,0,5008242
yjbJ_predicted,0.3333333333333333,2,2,AGGAGCTGTGCCTCCGTTCT,0,5031208
yjbJ_predicted,0.3333333333333333,2,2,AGGACCCCTTGTGGCAACAC,0,4998319
yjbJ_predicted,0.3333333333333333,2,2,AGCTGGCCATTTTACAAGGA,0,5025104
yjbJ_predicted,0.3333333333333333,2,2,AGCTCAAATTGAAGTGTGGA,0,5001491
yjbJ_predicted,0.3333333333333333,2,2,AGCTACGCACCCATCTGGGG,0,5022049
yjbJ_predicted,0.3333333333333333,2,2,AGCTACCATGAAGGATGGTA,0,4997689
yjbJ_predicted,0.3333333333333333,2,2,AGCGTGTGAGACGAGCTCTA,0,5022321
yjbJ_predicted,0.3333333333333333,2,2,AGCGTAACAGACGTAATGAG,0,4997288
yjbJ_predicted,0.3333333333333333,2,2,AGCGGTAAGGGAGTGTACCA,0,5026886
yjbJ_predicted,0.3333333333333333,2,2,AGCGGGTTTAGGCTAGGGAT,0,4997250
yjbJ_predicted,0.3333333333333333,2,2,AGCGGGATATGCCATCCACA,0,4998186
yjbJ_predicted,0.3333333333333333,2,2,AGCGGCCCCGCTCCGAGTTG,0,5020078
yjbJ_predicted,0.3333333333333333,2,2,AGCGCAAAGCGGGGGCAAGC,0,5017583
yjbJ_predicted,0.3333333333333333,2,2,AGCGAGCCGGGTATACGGAT,0,5004088
yjbJ_predicted,0.3333333333333333,2,2,AGCCTCCCCTGCCCCTCCCA,0,5023183
yjbJ_predicted,0.3333333333333333,2,2,AGCCGTCCTTTACGGTTTTA,0,5014632
yjbJ_predicted,0.3333333333333333,2,2,AGCCGACTAACAGGACCTCC,0,5026088
yjbJ_predicted,0.3333333333333333,2,2,AGCCGAAGCCAATTACTGTG,0,5023448
yjbJ_predicted,0.3333333333333333,2,2,AGCATTGAATCGTAACGCAC,0,5027779
yjbJ_predicted,0.3333333333333333,2,2,AGCATTAGTTCCATCTGTCA,0,5029065
yjbJ_predicted,0.3333333333333333,2,2,AGCATGGATTCACGGTAGGA,0,5022948
yjbJ_predicted,0.3333333333333333,2,2,AGCATATTGGATACTGGCGG,0,5002554
yjbJ_predicted,0.3333333333333333,2,2,AGCATAGGAGGCTGTTTTGC,0,5000206
yjbJ_predicted,0.3333333333333333,2,2,AGCACCTTGGTTCGGCTGTG,0,5017604
yjbJ_predicted,0.3333333333333333,2,2,AGATTTGTAGGGCCGCACTC,0,5020325
yjbJ_predicted,0.3333333333333333,2,2,AGATTAATTGGCGCAGTTGT,0,5024600
yjbJ_predicted,0.3333333333333333,2,2,AGATGCGCTAGGTCGCCATG,0,4995765
yjbJ_predicted,0.3333333333333333,2,2,AGAGTGTCCGACAGGTGGCT,0,5001838
yjbJ_predicted,0.3333333333333333,2,2,AGAGGGTGCATCGCGGCGCA,0,5007437
yjbJ_predicted,0.3333333333333333,2,2,AGAGGCGCTCAAGTAACCTG,0,5008650
yjbJ_predicted,0.3333333333333333,2,2,AGAGCAGACTGTTGTTCACT,0,5016730
yjbJ_predicted,0.3333333333333333,2,2,AGACTCTCGGCAAGCTCGCG,0,4998789
yjbJ_predicted,0.3333333333333333,2,2,AGACGCACACTAAAGTAAAA,0,5002332
yjbJ_predicted,0.3333333333333333,2,2,AGACGACTTGTGCTATGGCA,0,5023060
yjbJ_predicted,0.3333333333333333,2,2,AGACATTCTCGCGCCCGAAC,0,5012998
yjbJ_predicted,0.3333333333333333,2,2,AGACAACACGCTAGATCGTA,0,5006295
yjbJ_predicted,0.3333333333333333,2,2,AGAATCTTTTGTCGTAGAAT,0,5014263
yjbJ_predicted,0.3333333333333333,2,2,AGAACGATCGTGACTGTTAC,0,5010478
yjbJ_predicted,0.3333333333333333,2,2,ACTTTGGCATTGACGCGATA,0,5014941
yjbJ_predicted,0.3333333333333333,2,2,ACTGTGTTTATATGGCGGGG,0,5018298
yjbJ_predicted,0.3333333333333333,2,2,ACTGTCGTGTACCCTTGGCC,0,5029140
yjbJ_predicted,0.3333333333333333,2,2,ACTGGATCGGGGAATAAGGG,0,5014287
yjbJ_predicted,0.3333333333333333,2,2,ACTGCATTTGTTATTCTTTT,0,5011869
yjbJ_predicted,0.3333333333333333,2,2,ACTCTTTTGATCGCGGGATG,0,5011181
yjbJ_predicted,0.3333333333333333,2,2,ACTCTGCGGTTGCGGCTTTA,0,5013907
yjbJ_predicted,0.3333333333333333,2,2,ACTCTCCTAGTTACTACTCT,0,5021360
yjbJ_predicted,0.3333333333333333,2,2,ACTCTCATGGACTTAATCGG,0,4997162
yjbJ_predicted,0.3333333333333333,2,2,ACTCTAATCACTTCGGCGGA,0,4995030
yjbJ_predicted,0.3333333333333333,2,2,ACTCCACTAGCGGATGGTTA,0,5022143
yjbJ_predicted,0.3333333333333333,2,2,ACTATCCACGTTCACACTCT,0,5022554
yjbJ_predicted,0.3333333333333333,2,2,ACTAGCTTACGGTCGTTCCT,0,5030085
yjbJ_predicted,0.3333333333333333,2,2,ACTACTGCTACGACACACTG,0,5013440
yjbJ_predicted,0.3333333333333333,2,2,ACTACCCCTCAGCTTATGAC,0,5016493
yjbJ_predicted,0.3333333333333333,2,2,ACGTATATAGGGATTCGTTG,0,5001691
yjbJ_predicted,0.3333333333333333,2,2,ACGGGTTGTAAAGCTCGCAT,0,5001362
yjbJ_predicted,0.3333333333333333,2,2,ACGGGAATTATCTGAGTCTT,0,5027187
yjbJ_predicted,0.3333333333333333,2,2,ACGGCGCAGGTAAGGCACGA,0,5030728
yjbJ_predicted,0.3333333333333333,2,2,ACGGAAATAATGAGCCCGTG,0,5002910
yjbJ_predicted,0.3333333333333333,2,2,ACGCTGCTAACATAAAGCAA,0,4994786
yjbJ_predicted,0.3333333333333333,2,2,ACGAGCTATTTAACTTTTCC,0,4994972
yjbJ_predicted,0.3333333333333333,2,2,ACGACGTGTCTAAGCGAAAC,0,5025935
yjbJ_predicted,0.3333333333333333,2,2,ACGAAGTCTCCCCGAAGGAG,0,5012960
yjbJ_predicted,0.3333333333333333,2,2,ACGAAACCTATCTTTCGGTC,0,5012825
yjbJ_predicted,0.3333333333333333,2,2,ACCTTCAGCTCAATTCTTAA,0,5007861
yjbJ_predicted,0.3333333333333333,2,2,ACCTGAGTATCTAGGGCTTA,0,4998723
yjbJ_predicted,0.3333333333333333,2,2,ACCTCAATCAATATCGAGGA,0,5015210
yjbJ_predicted,0.3333333333333333,2,2,ACCGGTCGAGGCGGGGCGCG,0,5009526
yjbJ_predicted,0.3333333333333333,2,2,ACCGGCAGTGGCACTTTATC,0,5021484
yjbJ_predicted,0.3333333333333333,2,2,ACCGCACTCCCCTCGCTCGG,0,5011901
yjbJ_predicted,0.3333333333333333,2,2,ACCCTACTATTACCTCGGTA,0,5020005
yjbJ_predicted,0.3333333333333333,2,2,ACCCCGTGGATATTCAGGCA,0,5017156
yjbJ_predicted,0.3333333333333333,2,2,ACCCACACGTTTCGTCATAC,0,5005968
yjbJ_predicted,0.3333333333333333,2,2,ACCATTTCGTAACACCACGA,0,5001034
yjbJ_predicted,0.3333333333333333,2,2,ACCAGCGTACCATGAGGATG,0,5030000
yjbJ_predicted,0.3333333333333333,2,2,ACCACATGCCGAATCTCTTC,0,4997208
yjbJ_predicted,0.3333333333333333,2,2,ACATCCATAGCTAAAGAGTT,0,5026588
yjbJ_predicted,0.3333333333333333,2,2,ACAGATACGCGGGCCAAGGT,0,5015562
yjbJ_predicted,0.3333333333333333,2,2,ACACGTGCTCAGTTTCGCAG,0,5029153
yjbJ_predicted,0.3333333333333333,2,2,ACAACCACTGGCCGTCCCAT,0,5011407
yjbJ_predicted,0.3333333333333333,2,2,ACAAACATCCTCGCCTTCGA,0,4997128
yjbJ_predicted,0.3333333333333333,2,2,AATTTACGCTCAATTGTTAA,0,5003655
yjbJ_predicted,0.3333333333333333,2,2,AATTGGTCCGCTGGGGACAG,0,5012300
yjbJ_predicted,0.3333333333333333,2,2,AATTCTGTGTAAGGCCGCTA,0,4996436
yjbJ_predicted,0.3333333333333333,2,2,AATTCGGCTCTTTGGTAAAC,0,5011205
yjbJ_predicted,0.3333333333333333,2,2,AATTCGATCTGAATCCGCTC,0,5000548
yjbJ_predicted,0.3333333333333333,2,2,AATGGACGGGCATAAAGTCT,0,5014294
yjbJ_predicted,0.3333333333333333,2,2,AATGCGTCCCTTGGAAAGGT,0,4998441
yjbJ_predicted,0.3333333333333333,2,2,AATCCGGTCGTACCACTACG,0,5024252
yjbJ_predicted,0.3333333333333333,2,2,AATCCACATGATGACTAATT,0,5007775
yjbJ_predicted,0.3333333333333333,2,2,AATATAACAGCAGAACCTGC,0,5008345
yjbJ_predicted,0.3333333333333333,2,2,AATAGCGCCGCCAGTTATGA,0,5005267
yjbJ_predicted,0.3333333333333333,2,2,AATACTTCATCTCTCCTGCA,0,4999067
yjbJ_predicted,0.3333333333333333,2,2,AATACGAACGGGAGCGGGTT,0,5031008
yjbJ_predicted,0.3333333333333333,2,2,AAGTTCCGGACTCCTGATCC,0,5019385
yjbJ_predicted,0.3333333333333333,2,2,AAGTGTGCTTCGCCATATTA,0,5023564
yjbJ_predicted,0.3333333333333333,2,2,AAGTGGTGTATCCTACGGAC,0,5006249
yjbJ_predicted,0.3333333333333333,2,2,AAGTCATAGTAAAACCCATG,0,5015401
yjbJ_predicted,0.3333333333333333,2,2,AAGGTTAAGGAAATGGGCTT,0,5012943
yjbJ_predicted,0.3333333333333333,2,2,AAGGTAATGTTCTATTGAAG,0,5014031
yjbJ_predicted,0.3333333333333333,2,2,AAGGGAACAGCGATGCCGGA,0,5001030
yjbJ_predicted,0.3333333333333333,2,2,AAGGCGCGAACGGGTCCAGA,0,5031207
yjbJ_predicted,0.3333333333333333,2,2,AAGGACATTTAAATCGAAAA,0,5011398
yjbJ_predicted,0.3333333333333333,2,2,AAGGAATTCGCGCGGCTGTT,0,5000018
yjbJ_predicted,0.3333333333333333,2,2,AAGCTGGGCTCTATACAGAG,0,5001237
yjbJ_predicted,0.3333333333333333,2,2,AAGCGACGGAGATCTGATAG,0,5009804
yjbJ_predicted,0.3333333333333333,2,2,AAGCCTGAGAGTTTATGCGC,0,4997337
yjbJ_predicted,0.3333333333333333,2,2,AAGCAGTATGTAACCAAACA,0,4997675
yjbJ_predicted,0.3333333333333333,2,2,AAGCAGAGTGACAACGCGGA,0,5015822
yjbJ_predicted,0.3333333333333333,2,2,AAGCAAGCTCTGGCTGGCAT,0,5017019
yjbJ_predicted,0.3333333333333333,2,2,AACTTGGTCAGCTCCATACG,0,5019761
yjbJ_predicted,0.3333333333333333,2,2,AACTTCAGGATCCAGTAAAT,0,5018362
yjbJ_predicted,0.3333333333333333,2,2,AACTGCTCAGCTTGACAGGT,0,5027242
yjbJ_predicted,0.3333333333333333,2,2,AACGTCTTGTCGCTACGCAA,0,5028309
yjbJ_predicted,0.3333333333333333,2,2,AACGGTAGATTGCCAAGGCC,0,5005212
yjbJ_predicted,0.3333333333333333,2,2,AACCGTCTTGCGCGCAACCT,0,5006750
yjbJ_predicted,0.3333333333333333,2,2,AACCCGGTACGTAAACAGAG,0,5019621
yjbJ_predicted,0.3333333333333333,2,2,AACAATCATTTTAGTTACCA,0,5003746
yjbJ_predicted,0.3333333333333333,2,2,AACAAGTAATCGAAGACTAA,0,5026419
yjbJ_predicted,0.3333333333333333,2,2,AACAAAAGCTTTAGGCCACT,0,5006490
yjbJ_predicted,0.3333333333333333,2,2,AAATTTGTCGCACTCTTCAA,0,5030515
yjbJ_predicted,0.3333333333333333,2,2,AAATGCATCAGAGAGAGTAT,0,5005060
yjbJ_predicted,0.3333333333333333,2,2,AAATGAAGTGTATGGTTAAA,0,5028982
yjbJ_predicted,0.3333333333333333,2,2,AAATATGCGTGGTGTAACAA,0,5000628
yjbJ_predicted,0.3333333333333333,2,2,AAAGTTCCGGAACGACACTT,0,5026003
yjbJ_predicted,0.3333333333333333,2,2,AAAGGTCACCATTCTTCCCA,0,5000205
yjbJ_predicted,0.3333333333333333,2,2,AAAGGGATTACCCGTTTTCG,0,5020777
yjbJ_predicted,0.3333333333333333,2,2,AAAGGCAAAGAACATAATTG,0,5000439
yjbJ_predicted,0.3333333333333333,2,2,AAAGCTCTCGGTCGTGGATA,0,5030553
yjbJ_predicted,0.3333333333333333,2,2,AAAGCCGGTCCCGTCTAAAA,0,4996585
yjbJ_predicted,0.3333333333333333,2,2,AAACTTACATGTTAACCGTT,0,4995797
yjbJ_predicted,0.3333333333333333,2,2,AAACTCTCATTCCAAGAAAT,0,4999317
yjbJ_predicted,0.3333333333333333,2,2,AAACGTTTCTCCCAGGCCCA,0,5027607
yjbJ_predicted,0.3333333333333333,2,2,AAACGCTTATTGGCCTCTGA,0,5019936
yjbJ_predicted,0.3333333333333333,2,2,AAACCTTAGAGGTCCACTGT,0,5019911
yjbJ_predicted,0.3333333333333333,2,2,AAACCCGATCGAGATTTCCA,0,5013618
yjbJ_predicted,0.3333333333333333,2,2,AAACACTTCTTTTGTTGACA,0,5008739
yjbJ_predicted,0.3333333333333333,2,2,AAAATTTGCAGGAAGACCAC,0,5025685
yjbJ_predicted,0.3333333333333333,2,2,AAAAGTTGAACGTCTGACCT,0,5023316
yjbJ_predicted,0.3333333333333333,2,2,AAAAGTTCCACGCAAGCCTT,0,5030965
yjbJ_predicted,0.3333333333333333,2,2,AAAAGGCTTTAGATCCTTTG,0,5016388
yjbJ_predicted,0.3333333333333333,2,2,AAAAGCTCTTTATAGTGCTA,0,5000115
yjbJ_predicted,0.3333333333333333,2,2,AAAACTAAAGATTTAGCAGG,0,5010769
yjbJ_predicted,0.3333333333333333,2,2,AAAACGCAAAATCGGTCGTT,0,5027994
yjbJ_predicted,0.3333333333333333,2,2,AAAAAGGTTAGTAGACACTA,0,5007087
yjbJ_predicted,0.5,1,1,TTTTTTCACGATACAGTAAC,0,5006737
yjbJ_predicted,0.5,1,1,TTTTTTAGCGACATCTTAGA,0,5000047
yjbJ_predicted,0.5,1,1,TTTTGTTTGCAACTCACGTA,0,5018250
yjbJ_predicted,0.5,1,1,TTTTGTGAGTAGTGCGATTC,0,5030116
yjbJ_predicted,0.5,1,1,TTTTGTCAAGGCTAAACTGT,0,5005917
yjbJ_predicted,0.5,1,1,TTTTCTGTGGTCTGATTCCT,0,5000552
yjbJ_predicted,0.5,1,1,TTTTCTAACGGCTCAGTGAG,0,5004255
yjbJ_predicted,0.5,1,1,TTTTCCTTGGTGAGCTCGGC,0,5025758
yjbJ_predicted,0.5,1,1,TTTTATCGCGACTCGTCCGA,0,5028936
yjbJ_predicted,0.5,1,1,TTTGTACCCGAACGTGAAGC,0,5016001
yjbJ_predicted,0.5,1,1,TTTGGAATCTGCTATGAGGG,0,5007671
yjbJ_predicted,0.5,1,1,TTTGCTACACCGCACTTTTT,0,4996062
yjbJ_predicted,0.5,1,1,TTTGCGCACGGTTAGTTGAA,0,5023187
yjbJ_predicted,0.5,1,1,TTTCGCCTACAGCCCATATG,0,5009733
yjbJ_predicted,0.5,1,1,TTTCGCAAACTTGCCCAATT,0,5019266
yjbJ_predicted,0.5,1,1,TTTCGATTACGTGGCAAAGT,0,5013566
yjbJ_predicted,0.5,1,1,TTTCCTGACTGACAAGATAG,0,5004365
yjbJ_predicted,0.5,1,1,TTTCAGTCAGCTCGGCATGC,0,5021675
yjbJ_predicted,0.5,1,1,TTTCAGCGGTGTAGTCTGGA,0,5028625
yjbJ_predicted,0.5,1,1,TTTCAGCCTCACGGCGTTAC,0,5023221
yjbJ_predicted,0.5,1,1,TTTATAGCAGTTGAGTCTCG,0,5016230
yjbJ_predicted,0.5,1,1,TTTACCAGATGGCCTTGGAT,0,4997903
yjbJ_predicted,0.5,1,1,TTTAATGCATGAGTACCCCT,0,5013860
yjbJ_predicted,0.5,1,1,TTTAACAGTGACGTCCATAA,0,5023191
yjbJ_predicted,0.5,1,1,TTGTTCGGCACTGATACCTT,0,5020815
yjbJ_predicted,0.5,1,1,TTGTTAATTCGAGCCCGTGT,0,5023051
yjbJ_predicted,0.5,1,1,TTGTCTTGTAGTGTTCTGGG,0,5023264
yjbJ_predicted,0.5,1,1,TTGTCGTAAATTTCAGACGA,0,5012726
yjbJ_predicted,0.5,1,1,TTGTCATCCGCGGTTGCCTA,0,5009265
yjbJ_predicted,0.5,1,1,TTGTACTCTGGCTGAATACA,0,5001069
yjbJ_predicted,0.5,1,1,TTGTACGCTACGACTCTCGG,0,5020976
yjbJ_predicted,0.5,1,1,TTGGGCGGCTACACTGCCTA,0,5023219
yjbJ_predicted,0.5,1,1,TTGCTTCGGCTCCAAAAAGA,0,5029946
yjbJ_predicted,0.5,1,1,TTGCTGATCGACATGCACGC,0,5023985
yjbJ_predicted,0.5,1,1,TTGCTCAGACGGAATGTAAG,0,5020932
yjbJ_predicted,0.5,1,1,TTGCGGCTTAAATAGCATTG,0,5021720
yjbJ_predicted,0.5,1,1,TTGCGCGGTTTGAGGAGCGG,0,5029171
yjbJ_predicted,0.5,1,1,TTGCGAGATGATGTGCGCTT,0,4996813
yjbJ_predicted,0.5,1,1,TTGCATTCGACACCTTATTA,0,5000212
yjbJ_predicted,0.5,1,1,TTGCACGTCTGTGGCTCGCC,0,4997632
yjbJ_predicted,0.5,1,1,TTGATGACACGCTTAACAGA,0,5019415
yjbJ_predicted,0.5,1,1,TTGATAACTAGAGCATATTT,0,5006204
yjbJ_predicted,0.5,1,1,TTGAGTGAGTTCCCTGAGTA,0,5007341
yjbJ_predicted,0.5,1,1,TTGAGGCCGTAGGTAGTAAG,0,5012900
yjbJ_predicted,0.5,1,1,TTGACGTTTTCTGAAATTGT,0,5026685
yjbJ_predicted,0.5,1,1,TTGAAACGATGTGGGCAGGA,0,5009175
yjbJ_predicted,0.5,1,1,TTCTGATTTGACCTAGATGT,0,5001617
yjbJ_predicted,0.5,1,1,TTCTCTCTGTATGGTCGTGA,0,5022151
yjbJ_predicted,0.5,1,1,TTCTCTAGGCCTTGCTGGCG,0,5019187
yjbJ_predicted,0.5,1,1,TTCTCGGGACTATATCTTGC,0,5016297
yjbJ_predicted,0.5,1,1,TTCGTCTATGCCCCGCCATG,0,5002179
yjbJ_predicted,0.5,1,1,TTCGGGGTGGAGTTTCCTCG,0,5019137
yjbJ_predicted,0.5,1,1,TTCGCGTTGCGATGTAGCAC,0,5024531
yjbJ_predicted,0.5,1,1,TTCGATTGGTCTTCGAGGGC,0,5011745
yjbJ_predicted,0.5,1,1,TTCGACCCTGCCTGGGTGGT,0,5007669
yjbJ_predicted,0.5,1,1,TTCGAAAGTGGGGTACGTTT,0,5023457
yjbJ_predicted,0.5,1,1,TTCCGCGTTTAATGATCCTT,0,5017538
yjbJ_predicted,0.5,1,1,TTCCGCGCTCGGTAGCCAGA,0,5028549
yjbJ_predicted,0.5,1,1,TTCCCGCGGGGTAGATTTCT,0,5015864
yjbJ_predicted,0.5,1,1,TTCCCAGCCTATTGTCAGTG,0,4998611
yjbJ_predicted,0.5,1,1,TTCCAGGTCCATTGTTGCCC,0,5029348
yjbJ_predicted,0.5,1,1,TTCCAGCTGAAGTTATTCGA,0,5022755
yjbJ_predicted,0.5,1,1,TTCATTCTCCAGTAGGTCTC,0,5030293
yjbJ_predicted,0.5,1,1,TTCAGTCGGGAACGGCTGGC,0,5024609
yjbJ_predicted,0.5,1,1,TTCAGGATGCTGGCAGAGGG,0,4994775
yjbJ_predicted,0.5,1,1,TTCACACTATAGACTCAAGT,0,5001966
yjbJ_predicted,0.5,1,1,TTCAAGGTTATCTATATATT,0,5019835
yjbJ_predicted,0.5,1,1,TTCAAGCGTAACGTGTATAG,0,5021210
yjbJ_predicted,0.5,1,1,TTATGCCAACTCAAAGCGAT,0,5023437
yjbJ_predicted,0.5,1,1,TTAGTAGACTTGGTAACGCG,0,5028410
yjbJ_predicted,0.5,1,1,TTAGGACATCGCTACCCCCG,0,5028563
yjbJ_predicted,0.5,1,1,TTAGAGTAGGGTAACACACT,0,5013435
yjbJ_predicted,0.5,1,1,TTACTCTACATGATAAATCT,0,5020872
yjbJ_predicted,0.5,1,1,TTACGAAAAGGTACAGAGGT,0,5024822
yjbJ_predicted,0.5,1,1,TTACAAGGATGCCTAACTAT,0,5020580
yjbJ_predicted,0.5,1,1,TTAAGGCCGCCTTAGATTAA,0,5008365
yjbJ_predicted,0.5,1,1,TTAAGCACAGGCTACAAGCC,0,5022766
yjbJ_predicted,0.5,1,1,TTAAGAGACTCTCGATTAAG,0,4996163
yjbJ_predicted,0.5,1,1,TTAACCGCGAGGGGCGCTAG,0,5017938
yjbJ_predicted,0.5,1,1,TGTTGCTTCCAGTTACTGTC,0,5014328
yjbJ_predicted,0.5,1,1,TGTTCCATCGTACATTAGCT,0,5013301
yjbJ_predicted,0.5,1,1,TGTTCAGGGGCATTGCCTCG,0,5023968
yjbJ_predicted,0.5,1,1,TGTTCACATCTCGTATGTCC,0,5003842
yjbJ_predicted,0.5,1,1,TGTGTTCAGATAGTAGCCAA,0,5024993
yjbJ_predicted,0.5,1,1,TGTGGCAGGGTTCGGTTTTT,0,4998670
yjbJ_predicted,0.5,1,1,TGTGCTGAAAAGCGGCTGAA,0,4997168
yjbJ_predicted,0.5,1,1,TGTGATGGGGGGCGCTGCAG,0,4997049
yjbJ_predicted,0.5,1,1,TGTCTTTCAATTCGTAGTAA,0,5006338
yjbJ_predicted,0.5,1,1,TGTCTACATAGTGGAATCCT,0,5021238
yjbJ_predicted,0.5,1,1,TGTCGGACCGTTACGGTAAT,0,5031168
yjbJ_predicted,0.5,1,1,TGTATCAGGACGAAGCAGAG,0,5022928
yjbJ_predicted,0.5,1,1,TGTATATAAGACAAAGGAAT,0,5030496
yjbJ_predicted,0.5,1,1,TGTAGTCCATTTCTTAGAGC,0,5000148
yjbJ_predicted,0.5,1,1,TGTAGCCGCATAATCAAGCC,0,5008568
yjbJ_predicted,0.5,1,1,TGTAGATAACTGAGGATTAG,0,5009763
yjbJ_predicted,0.5,1,1,TGTACTCGATGGCGTTGGGA,0,5027771
yjbJ_predicted,0.5,1,1,TGTACACTTGAGGTCCGGGG,0,5008938
yjbJ_predicted,0.5,1,1,TGTAACGAACGGAACCGATT,0,4999378
yjbJ_predicted,0.5,1,1,TGGTTGCAACGCGTTCAGGC,0,5012365
yjbJ_predicted,0.5,1,1,TGGTTCCGTCTCTATTAGTC,0,5004390
yjbJ_predicted,0.5,1,1,TGGTGGGCTGTTTACGGTAG,0,5014650
yjbJ_predicted,0.5,1,1,TGGTGGGCGTCTCGAACGAT,0,4997920
yjbJ_predicted,0.5,1,1,TGGTGAGTGAGCCCACGCAT,0,4995050
yjbJ_predicted,0.5,1,1,TGGTCTCCGACGGGCCAATG,0,5011448
yjbJ_predicted,0.5,1,1,TGGTACCCTTAGCAAAGATT,0,5025316
yjbJ_predicted,0.5,1,1,TGGGTCCGAGAGGGTCGCTT,0,5001227
yjbJ_predicted,0.5,1,1,TGGGTATCTCGAGAAAGAGG,0,4998241
yjbJ_predicted,0.5,1,1,TGGGTAATCTCTGGGCGTGC,0,5014139
yjbJ_predicted,0.5,1,1,TGGGGAGGACCCAAGACTAC,0,5003992
yjbJ_predicted,0.5,1,1,TGGGCGCGCCACAACCGGGG,0,5012643
yjbJ_predicted,0.5,1,1,TGGGATTAGTCCGGAAGGGT,0,5005919
yjbJ_predicted,0.5,1,1,TGGGATGTGCCTGTGTGTAT,0,5008257
yjbJ_predicted,0.5,1,1,TGGGACTCTGTCCAGTAGAG,0,5025465
yjbJ_predicted,0.5,1,1,TGGGAAGGTGCAATTGTGAT,0,5022851
yjbJ_predicted,0.5,1,1,TGGCTTCTCGGATTAACAAG,0,4995583
yjbJ_predicted,0.5,1,1,TGGCTGATGTCGAGGGAAGC,0,5011559
yjbJ_predicted,0.5,1,1,TGGCCAAGTATCTCAGTGTT,0,4999154
yjbJ_predicted,0.5,1,1,TGGCAGTCAGAGCGCTAACC,0,5002201
yjbJ_predicted,0.5,1,1,TGGCAACAAGTGCCACGTAA,0,5022258
yjbJ_predicted,0.5,1,1,TGGACGAAGACCTCCAATGA,0,5002735
yjbJ_predicted,0.5,1,1,TGGAATCTAGGTTTGGGATA,0,5014045
yjbJ_predicted,0.5,1,1,TGGAAGCAAGTTGGGCAGTT,0,5030811
yjbJ_predicted,0.5,1,1,TGCTTTTTTAATGAAGGTCC,0,5024309
yjbJ_predicted,0.5,1,1,TGCTGTTATGGTCTACGGCA,0,4996182
yjbJ_predicted,0.5,1,1,TGCTGTACTCATGCCGTCGC,0,5008658
yjbJ_predicted,0.5,1,1,TGCTGCCACTCTGAAGCGCA,0,5012602
yjbJ_predicted,0.5,1,1,TGCTCACTTCCTCCGCAAGA,0,5030277
yjbJ_predicted,0.5,1,1,TGCGGTTGTTTATCTCGGCA,0,4998641
yjbJ_predicted,0.5,1,1,TGCGGCACAAAATTTAGGGC,0,5027746
yjbJ_predicted,0.5,1,1,TGCGCGAGGTAATAGTTTTG,0,5026715
yjbJ_predicted,0.5,1,1,TGCGCCACTCTGACGATGGG,0,5008331
yjbJ_predicted,0.5,1,1,TGCGCAACTCGCTATGCCAT,0,5028558
yjbJ_predicted,0.5,1,1,TGCGACGCTGAACCTATGGA,0,5011841
yjbJ_predicted,0.5,1,1,TGCGAAAGGTAATCGGATAT,0,5001831
yjbJ_predicted,0.5,1,1,TGCCTGGTATGCGTATCAAT,0,5000479
yjbJ_predicted,0.5,1,1,TGCCAGGGGGCCAGAAAATT,0,5009079
yjbJ_predicted,0.5,1,1,TGCATTACCCAGTTTTCGAT,0,5009214
yjbJ_predicted,0.5,1,1,TGCATCCGCACGCGAGATGT,0,5028152
yjbJ_predicted,0.5,1,1,TGCAGGGAAAAGGTCACGGT,0,5008373
yjbJ_predicted,0.5,1,1,TGCAGCTGGTATTGTGTGAA,0,5014335
yjbJ_predicted,0.5,1,1,TGCACTCCTAGGCTGTAAGA,0,5010874
yjbJ_predicted,0.5,1,1,TGCACGACATTATCCAAGGG,0,4995671
yjbJ_predicted,0.5,1,1,TGCACGACAGGACCGCTCTA,0,5030975
yjbJ_predicted,0.5,1,1,TGCAATCCGTTACGGTCCAC,0,5003635
yjbJ_predicted,0.5,1,1,TGCAATCCCCATATGGAAGT,0,5011658
yjbJ_predicted,0.5,1,1,TGCAAGCGCGTTGCCGATAT,0,5004773
yjbJ_predicted,0.5,1,1,TGCAACGTCCGTCAAACTTA,0,4999847
yjbJ_predicted,0.5,1,1,TGATTCTGTTCGAATAATGG,0,5029147
yjbJ_predicted,0.5,1,1,TGATGTGGTCCCGGGCTCCC,0,5018498
yjbJ_predicted,0.5,1,1,TGATGCAAGGGAGCTCGATG,0,5006875
yjbJ_predicted,0.5,1,1,TGATCGTGTATCATTGGGTT,0,5010437
yjbJ_predicted,0.5,1,1,TGATACAAGCTTTACTGGTT,0,5023723
yjbJ_predicted,0.5,1,1,TGAGTCTCGAGAAGTCCGTG,0,5012792
yjbJ_predicted,0.5,1,1,TGAGTATGGTGGAATAATTT,0,4996011
yjbJ_predicted,0.5,1,1,TGAGGGGCTTGGTCCGTCCC,0,5011152
yjbJ_predicted,0.5,1,1,TGACCCCGGATACAGGCTCA,0,5013310
yjbJ_predicted,0.5,1,1,TGACAGAACAATTGTATTCA,0,5013909
yjbJ_predicted,0.5,1,1,TGACACGGAGGCATTACGCA,0,5013325
yjbJ_predicted,0.5,1,1,TGAACAGAACGACTTCAAAG,0,5004908
yjbJ_predicted,0.5,1,1,TGAAATACCTTTAAGCAGTG,0,5028615
yjbJ_predicted,0.5,1,1,TGAAAAAACAGATTCGAGGA,0,5027284
yjbJ_predicted,0.5,1,1,TCTTTAGCTTAGGTTGAATC,0,5009569
yjbJ_predicted,0.5,1,1,TCTTATGATCATACAAGCGC,0,5028566
yjbJ_predicted,0.5,1,1,TCTTAGACAACTATGGGTAG,0,5012101
yjbJ_predicted,0.5,1,1,TCTGGCATTTGACCCCTTTT,0,4996695
yjbJ_predicted,0.5,1,1,TCTGCCTCCGAGCGAAGTTT,0,5003650
yjbJ_predicted,0.5,1,1,TCTGCACAACAGACAAGAAG,0,5030721
yjbJ_predicted,0.5,1,1,TCTGAAACGTGTGCCGCAGT,0,5016080
yjbJ_predicted,0.5,1,1,TCTCGTCATGCAGTACACAA,0,5029431
yjbJ_predicted,0.5,1,1,TCTCGGCTTTACTGTAGCCT,0,5024897
yjbJ_predicted,0.5,1,1,TCTCAGGTTTTCCTCTCAGG,0,5005899
yjbJ_predicted,0.5,1,1,TCTAGGGGTGCGAAGGGGGT,0,5009494
yjbJ_predicted,0.5,1,1,TCTAAGGAATGCGCTCGGTA,0,4999005
yjbJ_predicted,0.5,1,1,TCGGTCAGTTCCAACGTGAG,0,5018950
yjbJ_predicted,0.5,1,1,TCGGCGTTGAGTTCGGTGTT,0,5023670
yjbJ_predicted,0.5,1,1,TCGGCCCCAAGTACCCTGTC,0,5004798
yjbJ_predicted,0.5,1,1,TCGGATAGTTGGGCTATAAG,0,5013562
yjbJ_predicted,0.5,1,1,TCGCTCAGTGCGGAGGTCGG,0,5025669
yjbJ_predicted,0.5,1,1,TCGCTCACGTTTCGTTCTCC,0,4998366
yjbJ_predicted,0.5,1,1,TCGCTATTGTTACGACCACG,0,5006547
yjbJ_predicted,0.5,1,1,TCGCGGAACTAACGGTCTTA,0,5011086
yjbJ_predicted,0.5,1,1,TCGACCTCCTAAGCTCGATA,0,4995698
yjbJ_predicted,0.5,1,1,TCCTTTTCTGATCATGTGAC,0,5028932
yjbJ_predicted,0.5,1,1,TCCTTTAACTTCATTGATGC,0,4995273
yjbJ_predicted,0.5,1,1,TCCTTGCGTTCTGGTGCCTG,0,5030490
yjbJ_predicted,0.5,1,1,TCCTGGTGACTCCAGTGGAG,0,5023150
yjbJ_predicted,0.5,1,1,TCCTGCATGCCCTATAATCT,0,5027691
yjbJ_predicted,0.5,1,1,TCCTCTGTTAAATTTGGGCA,0,5006052
yjbJ_predicted,0.5,1,1,TCCGGTTTTAATGGTGGTAT,0,5004701
yjbJ_predicted,0.5,1,1,TCCGAGGACAAAACCTTCGC,0,5009309
yjbJ_predicted,0.5,1,1,TCCGACCCAGAATTGCGGAG,0,5000301
yjbJ_predicted,0.5,1,1,TCCCTTTGTGCATGGAGGAA,0,5027747
yjbJ_predicted,0.5,1,1,TCCCTGGACTTGACAGACGC,0,4998149
yjbJ_predicted,0.5,1,1,TCCCAGGCGTCTTGATGAGC,0,4996271
yjbJ_predicted,0.5,1,1,TCCATACTTCTATCGCTGCT,0,5009833
yjbJ_predicted,0.5,1,1,TCCAGAACAACGAGCAGCTG,0,5003371
yjbJ_predicted,0.5,1,1,TCCAAAACGTGTGAGTGGGT,0,5000892
yjbJ_predicted,0.5,1,1,TCCAAAAATAACTCCACCAT,0,4996256
yjbJ_predicted,0.5,1,1,TCATTGTTCCGATTGCAAGT,0,5010561
yjbJ_predicted,0.5,1,1,TCATGTCATCTTACCAGTCT,0,5024049
yjbJ_predicted,0.5,1,1,TCATCAGTAAAGGAACATAC,0,5024673
yjbJ_predicted,0.5,1,1,TCATAAGATTTTAGACGTAA,0,5006129
yjbJ_predicted,0.5,1,1,TCAGTTACGTGCCAACCAGT,0,5016990
yjbJ_predicted,0.5,1,1,TCAGTATCCTGCCCGCTTAC,0,5014105
yjbJ_predicted,0.5,1,1,TCACGCATAAAATTAACCAC,0,5018725
yjbJ_predicted,0.5,1,1,TCACCTTATTTATGGGGAAA,0,5005173
yjbJ_predicted,0.5,1,1,TCAAGCACAAATGTGGACTG,0,4996721
yjbJ_predicted,0.5,1,1,TCAACTCAATACTGTCTCAA,0,5005511
yjbJ_predicted,0.5,1,1,TCAACACCAGGAGAGTGCAT,0,5011024
yjbJ_predicted,0.5,1,1,TCAAAGTTCGGTCGGGATAT,0,5006989
yjbJ_predicted,0.5,1,1,TCAAAGCATGACAGTGTTAG,0,5023735
yjbJ_predicted,0.5,1,1,TATTTCTTCACACCAGACCG,0,5028957
yjbJ_predicted,0.5,1,1,TATTTAACCCCTGAGGCACG,0,5020682
yjbJ_predicted,0.5,1,1,TATTGCCGCACCATGCAAGG,0,5030826
yjbJ_predicted,0.5,1,1,TATTCCTAACTGAAATGGCT,0,5029931
yjbJ_predicted,0.5,1,1,TATGCTGTCGATTAATTTCT,0,5005233
yjbJ_predicted,0.5,1,1,TATGCCGTTCATGATTTGTC,0,5013198
yjbJ_predicted,0.5,1,1,TATGCAATAAACTTTCAGGT,0,5008038
yjbJ_predicted,0.5,1,1,TATGATCGTTCGCGGTCACA,0,5009715
yjbJ_predicted,0.5,1,1,TATGAGCTATTAACGTGGGG,0,5006024
yjbJ_predicted,0.5,1,1,TATCGTTGCATCCTTCCTAG,0,5019733
yjbJ_predicted,0.5,1,1,TATCGACGTACTGCCTGATC,0,5027851
yjbJ_predicted,0.5,1,1,TATCAGAGGCGAAGCGCGCT,0,5005674
yjbJ_predicted,0.5,1,1,TATCACACTTGTAGAGGAAA,0,5005680
yjbJ_predicted,0.5,1,1,TATATCCTTTAGCCCAATCG,0,4996222
yjbJ_predicted,0.5,1,1,TATAGTTACATAAGCAGAGT,0,5012877
yjbJ_predicted,0.5,1,1,TATAGGTATATGCCTTTACA,0,4996201
yjbJ_predicted,0.5,1,1,TATACACAAGCTTATAGTAT,0,5021644
yjbJ_predicted,0.5,1,1,TATAATCTTGGTCCTAGACA,0,5020493
yjbJ_predicted,0.5,1,1,TATAACTTCGCGTCTTGACT,0,5014060
yjbJ_predicted,0.5,1,1,TATAAAAACGATGCCCTTAT,0,5012156
yjbJ_predicted,0.5,1,1,TAGGTTAATCTGTCAAACTC,0,5029995
yjbJ_predicted,0.5,1,1,TAGGCAGCCACCCTTTCATG,0,5019655
yjbJ_predicted,0.5,1,1,TAGGCAAGCAGTCTTCTGCA,0,4999015
yjbJ_predicted,0.5,1,1,TAGGACAACGTATGAACCAT,0,5022384
yjbJ_predicted,0.5,1,1,TAGGAATTTGTCCGTCAATA,0,5025434
yjbJ_predicted,0.5,1,1,TAGCAGCCATACCTTCAATC,0,5001265
yjbJ_predicted,0.5,1,1,TAGATTTCCAAAATGAGTTT,0,5025105
yjbJ_predicted,0.5,1,1,TAGATCAAGCGTATAAGTGC,0,4996519
yjbJ_predicted,0.5,1,1,TAGAGCAGGGATGAGGAGTT,0,5008508
yjbJ_predicted,0.5,1,1,TAGACCCCTCTCTATTCGTC,0,5006913
yjbJ_predicted,0.5,1,1,TAGAAGCTCTGGGCCTCGGC,0,5022786
yjbJ_predicted,0.5,1,1,TAGAACCGGCTAGGGCCAAA,0,5030640
yjbJ_predicted,0.5,1,1,TACTGCTGACTCTGTCCCAA,0,5024018
yjbJ_predicted,0.5,1,1,TACTGAAGCGATGCACTTCC,0,5027980
yjbJ_predicted,0.5,1,1,TACGTGGTTTCACCTTACAG,0,5012849
yjbJ_predicted,0.5,1,1,TACGTGCTAATGTTCTAGAC,0,5025900
yjbJ_predicted,0.5,1,1,TACGTAAAACGAAAGAGATA,0,5018351
yjbJ_predicted,0.5,1,1,TACGCCCTTAGAAAGACAGA,0,4998027
yjbJ_predicted,0.5,1,1,TACCCATAGATCAAGAGGGT,0,4997556
yjbJ_predicted,0.5,1,1,TACCAAGCGCTGAAGGTCAA,0,5028459
yjbJ_predicted,0.5,1,1,TACATTGAGACGCAGCGTGA,0,5021341
yjbJ_predicted,0.5,1,1,TACATTCACCGCAGATAACG,0,5003850
yjbJ_predicted,0.5,1,1,TACATCAGTGGTGCGCTGTC,0,5019955
yjbJ_predicted,0.5,1,1,TACATATGTGTGGCAGCACT,0,5002202
yjbJ_predicted,0.5,1,1,TACATAGCTTCAAGGCCGCT,0,5026400
yjbJ_predicted,0.5,1,1,TACAGGGGTGTTACGTACAG,0,5022251
yjbJ_predicted,0.5,1,1,TACACAGCTTTGAAAAATCA,0,4996505
yjbJ_predicted,0.5,1,1,TACAACCAGTATTATAAAAC,0,5021800
yjbJ_predicted,0.5,1,1,TAATTTCAGTTTTTTCACCC,0,5006020
yjbJ_predicted,0.5,1,1,TAATTGTCTCGCAGGACGAT,0,5005036
yjbJ_predicted,0.5,1,1,TAATGTTCAGGCTGCGCTGC,0,5008656
yjbJ_predicted,0.5,1,1,TAATGAGGCTGATGCCCCAG,0,5021645
yjbJ_predicted,0.5,1,1,TAATGAATTGTTTCTAGGTT,0,4995250
yjbJ_predicted,0.5,1,1,TAATCAATACAGTTTGCATA,0,5019131
yjbJ_predicted,0.5,1,1,TAAGTGTTGATCCTTCGAGT,0,5011389
yjbJ_predicted,0.5,1,1,TAAGCGAATTGCGTGTTTTG,0,5025903
yjbJ_predicted,0.5,1,1,TAAGATGAGCAGGGAATCTT,0,4998816
yjbJ_predicted,0.5,1,1,TAACGTGAACTCAGATAGTC,0,5009063
yjbJ_predicted,0.5,1,1,TAACCAACGGGCCAGTATTG,0,5030720
yjbJ_predicted,0.5,1,1,TAAAATGTGGTTAGGGACGA,0,5014845
yjbJ_predicted,0.5,1,1,GTTTTTTTAGGCGTTGTGGT,0,5006675
yjbJ_predicted,0.5,1,1,GTTTTTGCAAACAGAGCGCT,0,5027984
yjbJ_predicted,0.5,1,1,GTTTTAACTCAGGGGTTCAA,0,5023688
yjbJ_predicted,0.5,1,1,GTTTCGGCATAGTCGTGAAG,0,5011353
yjbJ_predicted,0.5,1,1,GTTTCCTTAGATACGTCAGG,0,4996586
yjbJ_predicted,0.5,1,1,GTTTAAGGTCATGACTGTGT,0,5012402
yjbJ_predicted,0.5,1,1,GTTGTTGTTTCCATTAACGG,0,4994824
yjbJ_predicted,0.5,1,1,GTTGTGGGGTTGACTTGTGC,0,5016353
yjbJ_predicted,0.5,1,1,GTTGTGAGTGGCCATTCTCG,0,5013963
yjbJ_predicted,0.5,1,1,GTTGTCGGTAACGAGTGTCT,0,4998363
yjbJ_predicted,0.5,1,1,GTTGTCGGGCTAGTGAGCCC,0,4996139
yjbJ_predicted,0.5,1,1,GTTGGCTCGATCTTAAGTGT,0,5017272
yjbJ_predicted,0.5,1,1,GTTGCGGAAGTTTTCGGACG,0,5018872
yjbJ_predicted,0.5,1,1,GTTGCGCCTTAATCAATGAG,0,4999225
yjbJ_predicted,0.5,1,1,GTTGATTGTAACGGGATAGG,0,5016320
yjbJ_predicted,0.5,1,1,GTTGAGCAATAATATGACAG,0,5014984
yjbJ_predicted,0.5,1,1,GTTCTGTTTGAGCGGACGGG,0,5027500
yjbJ_predicted,0.5,1,1,GTTCGTCGATTCTCTCTGGG,0,5028767
yjbJ_predicted,0.5,1,1,GTTCGACACCCCTAACTGAG,0,4996761
yjbJ_predicted,0.5,1,1,GTTCCTACTGCGCTCGTCGA,0,5019434
yjbJ_predicted,0.5,1,1,GTTCCCGAGTGCCTCTCTGC,0,5017791
yjbJ_predicted,0.5,1,1,GTTCCAGGTAAACGCGTCCC,0,5013894
yjbJ_predicted,0.5,1,1,GTTCAACTAAGGAGTATTTG,0,4999596
yjbJ_predicted,0.5,1,1,GTTATACCAAGAAGCGTTAT,0,5002618
yjbJ_predicted,0.5,1,1,GTTACTTGAACGTCACGTGA,0,4998112
yjbJ_predicted,0.5,1,1,GTTACTGTTACGTTGAGCGC,0,5020442
yjbJ_predicted,0.5,1,1,GTTACTAGACAACCCGATTG,0,5021114
yjbJ_predicted,0.5,1,1,GTTACCTTTGCGGTGATTCA,0,5022208
yjbJ_predicted,0.5,1,1,GTTAACGATCGCACTGTGCT,0,5026253
yjbJ_predicted,0.5,1,1,GTGTGTCACATTAGGGATAT,0,5004857
yjbJ_predicted,0.5,1,1,GTGTATGACGTGGTCCTAAT,0,5005618
yjbJ_predicted,0.5,1,1,GTGGTTGTAAATCTGGGAAA,0,5013865
yjbJ_predicted,0.5,1,1,GTGGTCCCAGTGGTTCTGAC,0,5005018
yjbJ_predicted,0.5,1,1,GTGGTACCGGCCTAGGGAGG,0,4998773
yjbJ_predicted,0.5,1,1,GTGGTAAAACCACGGCAGTG,0,5011089
yjbJ_predicted,0.5,1,1,GTGGGTGCCACGTAGAAATA,0,5000878
yjbJ_predicted,0.5,1,1,GTGGGACTGACGGAATCGTC,0,5015122
yjbJ_predicted,0.5,1,1,GTGGCTACCAGCAAACGCAC,0,5017694
yjbJ_predicted,0.5,1,1,GTGGCCTATCCCTGCCAATG,0,4999767
yjbJ_predicted,0.5,1,1,GTGCCCGTAGGCCTCAGTGT,0,5008834
yjbJ_predicted,0.5,1,1,GTGCCCGTACCAGAGGGTGC,0,5017549
yjbJ_predicted,0.5,1,1,GTGCAGTGAAATAGTTTATC,0,4997296
yjbJ_predicted,0.5,1,1,GTGATCGTCTGGGAATGCAG,0,5018238
yjbJ_predicted,0.5,1,1,GTGATCCAAAAGGTCTGGGG,0,5003241
yjbJ_predicted,0.5,1,1,GTGAGGCCCGTCTCGGAGTA,0,5011201
yjbJ_predicted,0.5,1,1,GTGAGGCACAATAGTTGCAG,0,5007321
yjbJ_predicted,0.5,1,1,GTGACTGACGGGTTGACGCC,0,5011874
yjbJ_predicted,0.5,1,1,GTCTCCGTCGGACGACGGTT,0,5010847
yjbJ_predicted,0.5,1,1,GTCTCCGGTAACGGATTTGA,0,5010185
yjbJ_predicted,0.5,1,1,GTCTATAGCAGAGTCAACGG,0,5021539
yjbJ_predicted,0.5,1,1,GTCGTCACATGGATCAAATC,0,5026428
yjbJ_predicted,0.5,1,1,GTCGATTTCCGTAAAGGCAA,0,5005760
yjbJ_predicted,0.5,1,1,GTCGAACTGACTCTATGGCC,0,5015866
yjbJ_predicted,0.5,1,1,GTCCTTTGATGCAAGGTTCT,0,5028715
yjbJ_predicted,0.5,1,1,GTCCTTTGAGAACAGAACGT,0,5004997
yjbJ_predicted,0.5,1,1,GTCCGTACCGTCACTGGTCT,0,4998218
yjbJ_predicted,0.5,1,1,GTCCGCGCTGTCTTGGGTTA,0,4999255
yjbJ_predicted,0.5,1,1,GTCCCTGTGGAATCGTGCGG,0,5011276
yjbJ_predicted,0.5,1,1,GTCCAGAACAACTGCCATCC,0,5028623
yjbJ_predicted,0.5,1,1,GTCCACGCTCGCAAGAAGAC,0,5022340
yjbJ_predicted,0.5,1,1,GTCCACCGCACGGTCGGTCT,0,5025289
yjbJ_predicted,0.5,1,1,GTCAAGGCCGCGAGGGTTGA,0,5018967
yjbJ_predicted,0.5,1,1,GTATTTGCCGATCACACACG,0,5011877
yjbJ_predicted,0.5,1,1,GTATTGTATATTAGGCCGAC,0,5026945
yjbJ_predicted,0.5,1,1,GTATGGTATTGAATGCCATG,0,5002530
yjbJ_predicted,0.5,1,1,GTATGCTTATCAAAGACTTT,0,5000305
yjbJ_predicted,0.5,1,1,GTATATTGTGTTCTGTCCGG,0,5018149
yjbJ_predicted,0.5,1,1,GTATATAGAGGCTCTTACCA,0,5021738
yjbJ_predicted,0.5,1,1,GTAGTCAACCCAAATTGGTG,0,5018641
yjbJ_predicted,0.5,1,1,GTAGGACCTGGCCTGTCCGA,0,5001140
yjbJ_predicted,0.5,1,1,GTAGATAGGGCGAAAGGCAG,0,5017543
yjbJ_predicted,0.5,1,1,GTAGACCAGGATCGTTCTAG,0,5008793
yjbJ_predicted,0.5,1,1,GTAGAAGCCGGGTTATTCAT,0,5001029
yjbJ_predicted,0.5,1,1,GTAGAAAGACGTACCCGTGC,0,5021258
yjbJ_predicted,0.5,1,1,GTACTACCTCAACACGTTCT,0,4997709
yjbJ_predicted,0.5,1,1,GTACGCTAGGCCGCTTAGGC,0,5001629
yjbJ_predicted,0.5,1,1,GTACGCAGGTGCTCTCATCT,0,5024358
yjbJ_predicted,0.5,1,1,GTACAGTTGCTTCAGGCATG,0,5000989
yjbJ_predicted,0.5,1,1,GTACAGGTCGCGTTTAACGC,0,5020979
yjbJ_predicted,0.5,1,1,GTACAGGGCGGGATTGTGTG,0,5026883
yjbJ_predicted,0.5,1,1,GTAATCGATGCCGTGGGATT,0,5029164
yjbJ_predicted,0.5,1,1,GTAATACGTGACTAACGCTG,0,5029102
yjbJ_predicted,0.5,1,1,GTAACGGAGTAAGTAGGGTG,0,5021419
yjbJ_predicted,0.5,1,1,GTAAATGCTTAGAGTATCGG,0,5024952
yjbJ_predicted,0.5,1,1,GTAAAACCATGTGCACAAGA,0,5000729
yjbJ_predicted,0.5,1,1,GGTTTTGCGTGCCGACACCT,0,5016924
yjbJ_predicted,0.5,1,1,GGTTGGGTGACACTCCGTGT,0,4997960
yjbJ_predicted,0.5,1,1,GGTTCTGTGTCGGAACCGTA,0,5026508
yjbJ_predicted,0.5,1,1,GGTTCAGGTCTGGATTCAAA,0,5005835
yjbJ_predicted,0.5,1,1,GGTTAACGGTGCTGTTTCAT,0,5019439
yjbJ_predicted,0.5,1,1,GGTGCGGATGGAAGGGTTCA,0,5025093
yjbJ_predicted,0.5,1,1,GGTGCGGATGCGACACGTGA,0,5007760
yjbJ_predicted,0.5,1,1,GGTGACCACTTGTTCCACTT,0,5025779
yjbJ_predicted,0.5,1,1,GGTCTTGAGGGCGACTTCAC,0,5006717
yjbJ_predicted,0.5,1,1,GGTCTGCTAGGTCTAGGTAC,0,5024870
yjbJ_predicted,0.5,1,1,GGTCATTTCTAACCAGCATG,0,4994836
yjbJ_predicted,0.5,1,1,GGTCAAATCGGTTCTATTGA,0,5008936
yjbJ_predicted,0.5,1,1,GGTAGCTATACGTGACCTAG,0,5011237
yjbJ_predicted,0.5,1,1,GGTAGAAGCTTGCGTAATGT,0,5014636
yjbJ_predicted,0.5,1,1,GGTACCAGATCAACATTCAA,0,5014607
yjbJ_predicted,0.5,1,1,GGGTTCTGGTTGCGGCTCCA,0,5018478
yjbJ_predicted,0.5,1,1,GGGTGGGCCGCGGCTTCTGA,0,5011900
yjbJ_predicted,0.5,1,1,GGGTAGTGGCCTCCCGGGCA,0,5022564
yjbJ_predicted,0.5,1,1,GGGTACTCATATACTGTGCG,0,5006847
yjbJ_predicted,0.5,1,1,GGGTACCCCAAGCGGGTATT,0,5015682
yjbJ_predicted,0.5,1,1,GGGTAAATCACCCTAACACA,0,5002877
yjbJ_predicted,0.5,1,1,GGGGTTGGGAGGAGGGCCTC,0,5017771
yjbJ_predicted,0.5,1,1,GGGGTATGCAACCAGACGAT,0,5003519
yjbJ_predicted,0.5,1,1,GGGGGTGACGGTTGACAGAA,0,4996531
yjbJ_predicted,0.5,1,1,GGGGCTAAGCGCGGGTGCCC,0,5018757
yjbJ_predicted,0.5,1,1,GGGGCGATGCGTCGTTTATT,0,5030065
yjbJ_predicted,0.5,1,1,GGGGATGCCCACATTAGCTT,0,4996881
yjbJ_predicted,0.5,1,1,GGGCTACTATGTAACGGTGC,0,5026784
yjbJ_predicted,0.5,1,1,GGGCCGAGGCTGGTATTTGG,0,5001983
yjbJ_predicted,0.5,1,1,GGGCAGACAGCGCAGCAACT,0,5009313
yjbJ_predicted,0.5,1,1,GGGCACCAACCTCCCGGGAC,0,5018028
yjbJ_predicted,0.5,1,1,GGGATTGTAATACGGATCAA,0,5027214
yjbJ_predicted,0.5,1,1,GGGATGAGGTCGCGAGGTAC,0,5006028
yjbJ_predicted,0.5,1,1,GGGACTACCTAGCAGGGATC,0,5018297
yjbJ_predicted,0.5,1,1,GGGACGCGGGGTACTCGACC,0,5027277
yjbJ_predicted,0.5,1,1,GGGAATTCCGCTTATCATGA,0,5015207
yjbJ_predicted,0.5,1,1,GGGAAAATCACTCAATTTTG,0,4994882
yjbJ_predicted,0.5,1,1,GGCTGGGAAATCTTGGATGG,0,5024702
yjbJ_predicted,0.5,1,1,GGCTCATCCGTTCTCCTCCT,0,5002786
yjbJ_predicted,0.5,1,1,GGCTCAGTATAATTCTTTTC,0,5010407
yjbJ_predicted,0.5,1,1,GGCTAGGGACCGCAATGTTT,0,5009532
yjbJ_predicted,0.5,1,1,GGCGTGTCCTTTACCCCCAG,0,5017897
yjbJ_predicted,0.5,1,1,GGCGTGGGACCTCGAGCTCT,0,5029839
yjbJ_predicted,0.5,1,1,GGCGTGAGGTTATCGCGCGC,0,5021342
yjbJ_predicted,0.5,1,1,GGCGTGAACACAGCAAGTAA,0,5028564
yjbJ_predicted,0.5,1,1,GGCGGGTAAGAGTGAGGGCT,0,5018684
yjbJ_predicted,0.5,1,1,GGCGGCGTTACGACGCGCTT,0,5022325
yjbJ_predicted,0.5,1,1,GGCGCTGAATACCCGGCAAA,0,5021898
yjbJ_predicted,0.5,1,1,GGCGCGTTAGTCAGTAACGT,0,5024225
yjbJ_predicted,0.5,1,1,GGCGCGGGATGGGAGGCGGA,0,5009993
yjbJ_predicted,0.5,1,1,GGCCTTGCCCCTATGTATAA,0,5023251
yjbJ_predicted,0.5,1,1,GGCCTTGCCCAGGCTGAGCC,0,5000136
yjbJ_predicted,0.5,1,1,GGCCTGGGGAAGTTTCATTT,0,5011028
yjbJ_predicted,0.5,1,1,GGCCTGAGTCAGAGAGAATA,0,4998237
yjbJ_predicted,0.5,1,1,GGCCTCTGATTCGTTCGTTT,0,5002010
yjbJ_predicted,0.5,1,1,GGCCTATACGGCACCGGTAG,0,5024104
yjbJ_predicted,0.5,1,1,GGCCCCTCGGTCCGTCTCAA,0,5010610
yjbJ_predicted,0.5,1,1,GGCCCAGTCACCACGTGCTG,0,5017749
yjbJ_predicted,0.5,1,1,GGCCCAACTCCCAGATGATG,0,5027701
yjbJ_predicted,0.5,1,1,GGCCACTGTACGTTTGCGAT,0,5009436
yjbJ_predicted,0.5,1,1,GGCATTGTGCCATTGAGATT,0,5014885
yjbJ_predicted,0.5,1,1,GGATAGCGCGACCGTTAGCG,0,5023283
yjbJ_predicted,0.5,1,1,GGAGTGTGCCACCAGTAACT,0,5011338
yjbJ_predicted,0.5,1,1,GGAGGAGCTTGACCCCTGTG,0,5010981
yjbJ_predicted,0.5,1,1,GGAGGACGTTCGAGACACGG,0,5001567
yjbJ_predicted,0.5,1,1,GGAGCGGACGGGATGAGTGT,0,5024752
yjbJ_predicted,0.5,1,1,GGAGCCCACATCGGGGACAA,0,4998447
yjbJ_predicted,0.5,1,1,GGAGCACAATCACCCTACAA,0,5002868
yjbJ_predicted,0.5,1,1,GGACTGCATTTTCCAAGGAT,0,4999607
yjbJ_predicted,0.5,1,1,GGACCACGGGAGATCATATC,0,5008383
yjbJ_predicted,0.5,1,1,GGAATTTATAACGTCTTCCG,0,5005068
yjbJ_predicted,0.5,1,1,GGAATAGCGCGTGTCTAGAG,0,5012772
yjbJ_predicted,0.5,1,1,GGAAGATTATATCGGCTGTA,0,5011653
yjbJ_predicted,0.5,1,1,GGAACCTAATTAAATGAATG,0,5013869
yjbJ_predicted,0.5,1,1,GCTTTTCGCCTCGGCCTGGA,0,5010347
yjbJ_predicted,0.5,1,1,GCTTTGAATGATTTAGCGAT,0,5002189
yjbJ_predicted,0.5,1,1,GCTTTCGGGGCAGAAGCGGT,0,5018961
yjbJ_predicted,0.5,1,1,GCTTGGCCTCTTAGTGACGG,0,5028396
yjbJ_predicted,0.5,1,1,GCTTGCTAAGAGAGAGTTAC,0,4996312
yjbJ_predicted,0.5,1,1,GCTTGCAGGGATCTTATCGG,0,5026974
yjbJ_predicted,0.5,1,1,GCTTCGTGTAAAACATCGAT,0,5016626
yjbJ_predicted,0.5,1,1,GCTTAAGAGGGAGCGGATTC,0,5014398
yjbJ_predicted,0.5,1,1,GCTGTCGTTCATGCTATGAT,0,4995593
yjbJ_predicted,0.5,1,1,GCTGTCCTAGGGTGTCTGGG,0,5030432
yjbJ_predicted,0.5,1,1,GCTGGGTTAAGTACCTGCAA,0,4997964
yjbJ_predicted,0.5,1,1,GCTGATGGCCCTACTGAACA,0,5030705
yjbJ_predicted,0.5,1,1,GCTGACACGTGCGGAGGCAG,0,4996768
yjbJ_predicted,0.5,1,1,GCTGAAGATCCAAGGCTGAC,0,5000938
yjbJ_predicted,0.5,1,1,GCTGAAATATGACCCGCTTG,0,5031186
yjbJ_predicted,0.5,1,1,GCTCTTTAAAGCGGCTATCC,0,5009793
yjbJ_predicted,0.5,1,1,GCTCTCTGGCCCTCCATTTC,0,5009184
yjbJ_predicted,0.5,1,1,GCTCTACGGGAGCACCAGGT,0,5006660
yjbJ_predicted,0.5,1,1,GCTCGTCAGAAATTCCACCA,0,5018979
yjbJ_predicted,0.5,1,1,GCTCGCTCCACGGAAAGCCT,0,4995707
yjbJ_predicted,0.5,1,1,GCTCAGCCCTCACATGTGGT,0,5026861
yjbJ_predicted,0.5,1,1,GCTCACACATCACGTAAGAT,0,5023466
yjbJ_predicted,0.5,1,1,GCTATTTCCCGGCGAAGCTA,0,5020545
yjbJ_predicted,0.5,1,1,GCTATTGTCTAGCGCCATGT,0,5007292
yjbJ_predicted,0.5,1,1,GCTATGCGATCAATATGTGA,0,5025441
yjbJ_predicted,0.5,1,1,GCTATAGCTCCAGCACGGCC,0,5005607
yjbJ_predicted,0.5,1,1,GCTACGACCGATCGCGCCCT,0,5031212
yjbJ_predicted,0.5,1,1,GCTAAGCTATTCCTAGCTGA,0,5025372
yjbJ_predicted,0.5,1,1,GCGTGTGTCCTCAACAATCA,0,5025246
yjbJ_predicted,0.5,1,1,GCGTGTGAAACGGGTAAACG,0,5001922
yjbJ_predicted,0.5,1,1,GCGTGGGCAATGCCGAGCAC,0,4996802
yjbJ_predicted,0.5,1,1,GCGTGGGACCGGTACCCTTC,0,5021433
yjbJ_predicted,0.5,1,1,GCGTGGAGCGCTATCAGCGG,0,5005485
yjbJ_predicted,0.5,1,1,GCGTGAATTACACTCAAAGA,0,5021518
yjbJ_predicted,0.5,1,1,GCGTGAAGGATTACCAGGAG,0,5028560
yjbJ_predicted,0.5,1,1,GCGTCTCCATAACAGCACAG,0,5029558
yjbJ_predicted,0.5,1,1,GCGTCGCTAGGGTTCATTGA,0,5022548
yjbJ_predicted,0.5,1,1,GCGTAAGCGAACGGTAGTCT,0,5025407
yjbJ_predicted,0.5,1,1,GCGGTGCGAAGTGCGTCTTC,0,5026858
yjbJ_predicted,0.5,1,1,GCGGTAAACGAGGCGAGATG,0,5000850
yjbJ_predicted,0.5,1,1,GCGGGGCGGGGCTACATTAA,0,5025053
yjbJ_predicted,0.5,1,1,GCGGCTCACTGTGCACGGGC,0,5001702
yjbJ_predicted,0.5,1,1,GCGGCCTTTTGTCTCCCACA,0,5000465
yjbJ_predicted,0.5,1,1,GCGGCATAATTTAGAAACGC,0,5001150
yjbJ_predicted,0.5,1,1,GCGGAGTTAATCTATGTATA,0,5023155
yjbJ_predicted,0.5,1,1,GCGGAAGTGATGCACAGTGA,0,5007634
yjbJ_predicted,0.5,1,1,GCGCTGTATCTATAAGTCCC,0,5003999
yjbJ_predicted,0.5,1,1,GCGCGCCCCTTCAATTTATA,0,5009872
yjbJ_predicted,0.5,1,1,GCGCGAAATTCACAGAGTCC,0,5017762
yjbJ_predicted,0.5,1,1,GCGCCGGTTCGAGCCAACCG,0,5024703
yjbJ_predicted,0.5,1,1,GCGCCCGCAATCATCAGAAG,0,5003961
yjbJ_predicted,0.5,1,1,GCGATTGGATGTGCAGCGGC,0,4999557
yjbJ_predicted,0.5,1,1,GCGAGAATCGTGATACTTCA,0,5007939
yjbJ_predicted,0.5,1,1,GCGAAGAAGGAATCATACGA,0,5016089
yjbJ_predicted,0.5,1,1,GCGAAACTCTGTGTGCAAGC,0,5004828
yjbJ_predicted,0.5,1,1,GCCTTGCCGGGGATCATGAA,0,5005902
yjbJ_predicted,0.5,1,1,GCCTTGAAGGGACAACCCCC,0,5011852
yjbJ_predicted,0.5,1,1,GCCTTAGCTATCCCCCTGAA,0,5027261
yjbJ_predicted,0.5,1,1,GCCTGTCCCTTCCATTGGAG,0,5007392
yjbJ_predicted,0.5,1,1,GCCGTCAAGGTGGCGAATAT,0,5013186
yjbJ_predicted,0.5,1,1,GCCGACGGTCAGTCCTGTTG,0,5012514
yjbJ_predicted,0.5,1,1,GCCCTCCTCAAGAATTAGGA,0,4999612
yjbJ_predicted,0.5,1,1,GCCCTAAGGACTTGTGTGAA,0,5009501
yjbJ_predicted,0.5,1,1,GCCCGGCACCTTCGGTGTCC,0,5030398
yjbJ_predicted,0.5,1,1,GCCCCGGTTTCGGATAAATT,0,5006942
yjbJ_predicted,0.5,1,1,GCCCCAAGGCTCCAGTTAGG,0,5003665
yjbJ_predicted,0.5,1,1,GCCCACCTTCCCGAGATGAA,0,5016384
yjbJ_predicted,0.5,1,1,GCCAGCTGACTTATTATCGT,0,5019456
yjbJ_predicted,0.5,1,1,GCCAGAGCTGAATGACTCTT,0,4994914
yjbJ_predicted,0.5,1,1,GCCACAGGATTTGATGGGAT,0,5021839
yjbJ_predicted,0.5,1,1,GCCACAAAAGTGCATAGACC,0,5020339
yjbJ_predicted,0.5,1,1,GCAGTTCCCCTTCAGGAGAA,0,5008483
yjbJ_predicted,0.5,1,1,GCAGCCTCCACTCTATGCTT,0,5007340
yjbJ_predicted,0.5,1,1,GCAGCACATATAGGGCTTGA,0,5030063
yjbJ_predicted,0.5,1,1,GCACTTTGCCTCGGTCCGCT,0,5000988
yjbJ_predicted,0.5,1,1,GCACGCACGGACCTGGGTGT,0,5019205
yjbJ_predicted,0.5,1,1,GCACACCGCTTCAATTGTCT,0,4998922
yjbJ_predicted,0.5,1,1,GCAAGTGGTTCCGGCTCGGG,0,5001723
yjbJ_predicted,0.5,1,1,GCAAGGTATGTCCGTAATCT,0,4998094
yjbJ_predicted,0.5,1,1,GCAAGCCCGGACCAAGGACA,0,5020605
yjbJ_predicted,0.5,1,1,GCAAGAAGTGAGTGCGGCCA,0,5009779
yjbJ_predicted,0.5,1,1,GCAACTACGTGAACGGCCTA,0,5021037
yjbJ_predicted,0.5,1,1,GCAACGGAGAGCTTCGACAT,0,5004203
yjbJ_predicted,0.5,1,1,GCAACCATGCGGATATTCCT,0,5017933
yjbJ_predicted,0.5,1,1,GATTCCTTCAACGGATCAAG,0,4998008
yjbJ_predicted,0.5,1,1,GATTATCTCCCCTTTTGGCT,0,5008021
yjbJ_predicted,0.5,1,1,GATTAACATTGCACATCTAT,0,5002570
yjbJ_predicted,0.5,1,1,GATGGTCGTGTGCCTAGTTT,0,5028902
yjbJ_predicted,0.5,1,1,GATGATCTATTCCAAATACA,0,5018810
yjbJ_predicted,0.5,1,1,GATGACGTTAACCGTAATTG,0,5031188
yjbJ_predicted,0.5,1,1,GATCGATCGCACTTCGACTT,0,4998755
yjbJ_predicted,0.5,1,1,GATCGAGGGTTATAAGGGTA,0,5018823
yjbJ_predicted,0.5,1,1,GATCCGCAGTTTCTATAGGC,0,5009126
yjbJ_predicted,0.5,1,1,GATATCATTAGGGCCACGGA,0,4997733
yjbJ_predicted,0.5,1,1,GATACGGCGTCGATGTAACC,0,5023630
yjbJ_predicted,0.5,1,1,GATACGACCTTGCTTCCTGG,0,5028465
yjbJ_predicted,0.5,1,1,GAGTTGCAAATTGAGTTATC,0,4996925
yjbJ_predicted,0.5,1,1,GAGTTCCCTAAATGCTAACA,0,4999732
yjbJ_predicted,0.5,1,1,GAGTTCAATACTTGGGCGGA,0,5007261
yjbJ_predicted,0.5,1,1,GAGTGAGGAGTTTTCCAGTA,0,5012879
yjbJ_predicted,0.5,1,1,GAGTATGAACGCAAGCGGAT,0,5014028
yjbJ_predicted,0.5,1,1,GAGTAGCGAGTCTATAGTAG,0,5017439
yjbJ_predicted,0.5,1,1,GAGGTCGAGTTTATCATCAC,0,5004368
yjbJ_predicted,0.5,1,1,GAGGGTCGCCATGGGGAACG,0,4999574
yjbJ_predicted,0.5,1,1,GAGGCTAGACAGATCGCCAA,0,5006214
yjbJ_predicted,0.5,1,1,GAGGCCGTGTCGGAAACGGC,0,5012469
yjbJ_predicted,0.5,1,1,GAGGCATTTTTTCAGGTTGG,0,5002816
yjbJ_predicted,0.5,1,1,GAGGATGGCGTCATAGGTCC,0,5002767
yjbJ_predicted,0.5,1,1,GAGCTGGAAAAATGATTGGC,0,5003278
yjbJ_predicted,0.5,1,1,GAGCGCAGCCGTTGCCGAGT,0,5023167
yjbJ_predicted,0.5,1,1,GAGATGCCGTTCCACTCCCA,0,5018895
yjbJ_predicted,0.5,1,1,GAGATGAGGGTGGTTTCAGG,0,5002342
yjbJ_predicted,0.5,1,1,GAGACGGTGTATTTATTAAG,0,5007599
yjbJ_predicted,0.5,1,1,GACTTAAGTGTTTTCCAGAC,0,5002431
yjbJ_predicted,0.5,1,1,GACTGTATATTGCGTACAAA,0,5005433
yjbJ_predicted,0.5,1,1,GACTATTTACCCATGCATGT,0,5025508
yjbJ_predicted,0.5,1,1,GACTACGAGCTATTCAGGAT,0,5000268
yjbJ_predicted,0.5,1,1,GACGTCATACCCCTGCTAGA,0,5014625
yjbJ_predicted,0.5,1,1,GACGCTGTGCCTACGCGGTA,0,5028649
yjbJ_predicted,0.5,1,1,GACCGTACCTGAGCTATCGG,0,4999863
yjbJ_predicted,0.5,1,1,GACCCGGTTTAAGCGTCTAA,0,5000303
yjbJ_predicted,0.5,1,1,GACCAGGTACCGCGTTTTCA,0,5029743
yjbJ_predicted,0.5,1,1,GACAGCTGTTCAAACAAAGT,0,4999069
yjbJ_predicted,0.5,1,1,GACACAATCGCGCTCCGAAA,0,5019767
yjbJ_predicted,0.5,1,1,GACAAAGCGTCACGGCCGGT,0,4997003
yjbJ_predicted,0.5,1,1,GAATTGAGGGCGCGGGATGC,0,5021034
yjbJ_predicted,0.5,1,1,GAATAACATCCAGGGGCAGT,0,5028643
yjbJ_predicted,0.5,1,1,GAAGTACCCTTCGAGCGATC,0,5025451
yjbJ_predicted,0.5,1,1,GAAGGCTCTATCCGCCCTGC,0,4998015
yjbJ_predicted,0.5,1,1,GAAGATAAAGCGTCTTACGA,0,4998450
yjbJ_predicted,0.5,1,1,GAAGAAGATCCCCCCCGCCT,0,5000130
yjbJ_predicted,0.5,1,1,GAACGGGTTTTGGGGAGTTC,0,5003959
yjbJ_predicted,0.5,1,1,GAACGCTTCCTCTCGCACCT,0,5017962
yjbJ_predicted,0.5,1,1,GAACGATTGTCCGCCGGTAT,0,5003464
yjbJ_predicted,0.5,1,1,GAACACTCGCTCAAGGTGAA,0,4995749
yjbJ_predicted,0.5,1,1,GAACAATCCCACCCTTATGT,0,5031206
yjbJ_predicted,0.5,1,1,GAAAGTCATACACTAACCGC,0,5008976
yjbJ_predicted,0.5,1,1,GAAAGGTTGGGAGCGGCTAC,0,5003345
yjbJ_predicted,0.5,1,1,GAAAGATTCCCTAAACTAAC,0,5005496
yjbJ_predicted,0.5,1,1,GAAACCTTTTTAGCGGCATC,0,5000722
yjbJ_predicted,0.5,1,1,GAAAAAATCAATACTACTAG,0,5022395
yjbJ_predicted,0.5,1,1,CTTTTGACGGGGCAAGAGAG,0,5011938
yjbJ_predicted,0.5,1,1,CTTTGTACGGCACCCCGATT,0,5027705
yjbJ_predicted,0.5,1,1,CTTGGGAGTAAGAGTAGGGT,0,5015206
yjbJ_predicted,0.5,1,1,CTTGGAACGCTACATTCACA,0,5001096
yjbJ_predicted,0.5,1,1,CTTGATAGTTTAGCCCGGGT,0,5019650
yjbJ_predicted,0.5,1,1,CTTGACCAGTTCCAGCATAT,0,5000051
yjbJ_predicted,0.5,1,1,CTTCTTTCCGGCGTACACGG,0,4995858
yjbJ_predicted,0.5,1,1,CTTCGTAGTTCGCCTCAATA,0,5019918
yjbJ_predicted,0.5,1,1,CTTCGCTCACTCAAGACGTG,0,4999850
yjbJ_predicted,0.5,1,1,CTTCCCGTGCAACAGATCAG,0,5024731
yjbJ_predicted,0.5,1,1,CTTCCAGTTAATGTGAAAAG,0,5000074
yjbJ_predicted,0.5,1,1,CTTCCAACCACAGGAGATGA,0,5026258
yjbJ_predicted,0.5,1,1,CTTCAACTGATCTCTTTGAA,0,5020660
yjbJ_predicted,0.5,1,1,CTTCAAAAGAGCATATCTAT,0,5010340
yjbJ_predicted,0.5,1,1,CTTATAAGGCTATCTGCCGG,0,5015488
yjbJ_predicted,0.5,1,1,CTTAGTTGGTTAGGCAAGTT,0,4996049
yjbJ_predicted,0.5,1,1,CTTAGTCGGCTTGGGTCATG,0,5019442
yjbJ_predicted,0.5,1,1,CTTAGTAAGAGATAGTAGCT,0,5012449
yjbJ_predicted,0.5,1,1,CTTAGGAGCAAGCAAGTCTC,0,5009189
yjbJ_predicted,0.5,1,1,CTTAGGACATCGCCCGATAT,0,4995482
yjbJ_predicted,0.5,1,1,CTTAATACCATAATTGTCGT,0,5000872
yjbJ_predicted,0.5,1,1,CTTAAAGTGGTGCTACACCA,0,5016976
yjbJ_predicted,0.5,1,1,CTGTTGCCGGGCCTAAGGAG,0,5009627
yjbJ_predicted,0.5,1,1,CTGTTCTTCGGCAGGAGTGA,0,5000560
yjbJ_predicted,0.5,1,1,CTGTTCGCCTCTAAGAGGAA,0,5010386
yjbJ_predicted,0.5,1,1,CTGTTCACGCCCGAGGGCCA,0,4995961
yjbJ_predicted,0.5,1,1,CTGTTAACCATTTTAGCGGA,0,5016216
yjbJ_predicted,0.5,1,1,CTGTCCAAAGAATGACATGT,0,5021980
yjbJ_predicted,0.5,1,1,CTGTAAGAAAGTTATATCCC,0,4998453
yjbJ_predicted,0.5,1,1,CTGGTCCGTCGTTTGGTTAA,0,4996473
yjbJ_predicted,0.5,1,1,CTGGTCCGCATGCAGATCGA,0,5012157
yjbJ_predicted,0.5,1,1,CTGGTACGGTCCCGACAAAG,0,5006427
yjbJ_predicted,0.5,1,1,CTGGGTACTGCCATGCCGAT,0,5028316
yjbJ_predicted,0.5,1,1,CTGGGCAGACGACTCAGGTA,0,5012908
yjbJ_predicted,0.5,1,1,CTGGGAATGCTCCCACTCTG,0,4995279
yjbJ_predicted,0.5,1,1,CTGGCACACCCTCTAGAAGT,0,5013279
yjbJ_predicted,0.5,1,1,CTGCTTGCTTGATGGGAATC,0,5021764
yjbJ_predicted,0.5,1,1,CTGCGTATTGCGGAAGCAAA,0,5012177
yjbJ_predicted,0.5,1,1,CTGCGGAAGATGACCGATAT,0,5007290
yjbJ_predicted,0.5,1,1,CTGCCCGTCTAACTTGCTAG,0,5008404
yjbJ_predicted,0.5,1,1,CTGCATCAGGACCACCACGA,0,5001752
yjbJ_predicted,0.5,1,1,CTGCATACGTCGAATCAGAT,0,5020907
yjbJ_predicted,0.5,1,1,CTGCACGGAGACACAAAGGA,0,5024469
yjbJ_predicted,0.5,1,1,CTGAGTAAGTGAACTTACAA,0,5025475
yjbJ_predicted,0.5,1,1,CTGAACTTAGCCTCTGCATG,0,5011551
yjbJ_predicted,0.5,1,1,CTGAACGTGCCGCGGCGCCA,0,5017662
yjbJ_predicted,0.5,1,1,CTGAAACTGGTATTGATGCA,0,5004013
yjbJ_predicted,0.5,1,1,CTCTTGTGACATATCAACGC,0,5027982
yjbJ_predicted,0.5,1,1,CTCTGGTTTCCATTCTTAAA,0,5006389
yjbJ_predicted,0.5,1,1,CTCTCCGCCAAGAACGTCGT,0,5005330
yjbJ_predicted,0.5,1,1,CTCTATAATTAAAATGTGGA,0,5007943
yjbJ_predicted,0.5,1,1,CTCTAAATGTGGTGAATTTT,0,5026277
yjbJ_predicted,0.5,1,1,CTCGTATGCACCAAGTGGGT,0,4999046
yjbJ_predicted,0.5,1,1,CTCGGGAATATACACTATTA,0,5002219
yjbJ_predicted,0.5,1,1,CTCGCACGTGAACACTCCCC,0,5000111
yjbJ_predicted,0.5,1,1,CTCGATTCAGGTTCGTTCAG,0,4996781
yjbJ_predicted,0.5,1,1,CTCCTTATTTCTTAACAATG,0,5019697
yjbJ_predicted,0.5,1,1,CTCCTGTCACCGACAGTATC,0,5030057
yjbJ_predicted,0.5,1,1,CTCCGTAATAAATTAACCCA,0,5020535
yjbJ_predicted,0.5,1,1,CTCCAGCGTCCTGAGTTCCT,0,5017874
yjbJ_predicted,0.5,1,1,CTCCAGATCCCTCTGGATAC,0,5005224
yjbJ_predicted,0.5,1,1,CTCATTTTCTCCAGGAACGC,0,5029487
yjbJ_predicted,0.5,1,1,CTCATGACAAAGGGGTGGTC,0,5015076
yjbJ_predicted,0.5,1,1,CTCATCTGTTCTTTACGGTT,0,5020902
yjbJ_predicted,0.5,1,1,CTCATCGCGTGCAGTTCCGC,0,5015584
yjbJ_predicted,0.5,1,1,CTCAGGTTGTTATCGGTGGA,0,5001464
yjbJ_predicted,0.5,1,1,CTCAGGGAGAATTGAGAGCA,0,4994790
yjbJ_predicted,0.5,1,1,CTCACGAGCACGAACGTTGC,0,5000195
yjbJ_predicted,0.5,1,1,CTATTTATGGTTTAGACCAT,0,4995958
yjbJ_predicted,0.5,1,1,CTATTCGATGTAGGACTGAT,0,5012807
yjbJ_predicted,0.5,1,1,CTATGATCACCGGGTACCTC,0,5028511
yjbJ_predicted,0.5,1,1,CTATCGCTACGGCGGATGTC,0,5027562
yjbJ_predicted,0.5,1,1,CTATCCCAATCGATGAGTTT,0,4994954
yjbJ_predicted,0.5,1,1,CTATCATTGACTAGGGAGGA,0,5031071
yjbJ_predicted,0.5,1,1,CTATAGATTCGGCCTAAACG,0,5003262
yjbJ_predicted,0.5,1,1,CTATAATGCCATCTTGACAT,0,5027128
yjbJ_predicted,0.5,1,1,CTAGCGTTACGAAAGCCGTA,0,5003379
yjbJ_predicted,0.5,1,1,CTAGAGAGCGGCTGGCATTT,0,5028532
yjbJ_predicted,0.5,1,1,CTACGGGGTCTGAATCTGCT,0,5019257
yjbJ_predicted,0.5,1,1,CTACGGGATCTCAATATCGG,0,4999383
yjbJ_predicted,0.5,1,1,CTACGCCGGCACTCCTCTTA,0,4999012
yjbJ_predicted,0.5,1,1,CTACCGTGAAACCAGGCGCT,0,5030754
yjbJ_predicted,0.5,1,1,CTAAGGCTTCCGTCGCAGCG,0,5006411
yjbJ_predicted,0.5,1,1,CTAAATGCTATGAGGCCCGT,0,5006755
yjbJ_predicted,0.5,1,1,CGTTTGAGTGTTCCTTGGAA,0,5017461
yjbJ_predicted,0.5,1,1,CGTTTCAGACTTCGAATTGA,0,5020730
yjbJ_predicted,0.5,1,1,CGTTTATCGGACCCAAGGCA,0,5004933
yjbJ_predicted,0.5,1,1,CGTGCAGTCATTAAGCAACA,0,5025285
yjbJ_predicted,0.5,1,1,CGTCGTGGATGTGGAGGTTC,0,4995845
yjbJ_predicted,0.5,1,1,CGTCGGACCATGAGGGGTCC,0,5003038
yjbJ_predicted,0.5,1,1,CGTCAGCGGGAGTCGGTTTT,0,5019316
yjbJ_predicted,0.5,1,1,CGTATTCGTTCATCACTAAA,0,5016394
yjbJ_predicted,0.5,1,1,CGTAGTGTAACTCAATTAAT,0,5014413
yjbJ_predicted,0.5,1,1,CGTACTGTACTAAGGGCGTA,0,5019063
yjbJ_predicted,0.5,1,1,CGTACTGACGGGCTGAGCGA,0,4999636
yjbJ_predicted,0.5,1,1,CGTACTCGGGAAATAACGAT,0,5026036
yjbJ_predicted,0.5,1,1,CGTAAGTTTTCGCCTGTGTA,0,5001581
yjbJ_predicted,0.5,1,1,CGTAAGAGGGACGCACGGAG,0,5024329
yjbJ_predicted,0.5,1,1,CGTAACTATTGGTTGGCATG,0,5028425
yjbJ_predicted,0.5,1,1,CGGTTCACCCAAAGCGCTCT,0,5028609
yjbJ_predicted,0.5,1,1,CGGTGCGGCCTAGTGCGCGA,0,5004615
yjbJ_predicted,0.5,1,1,CGGGTTCCATATGGTTGAGA,0,5014706
yjbJ_predicted,0.5,1,1,CGGGTTATGAGAGTACATAA,0,5002261
yjbJ_predicted,0.5,1,1,CGGGTGGATCGGCCTAGAGC,0,5017009
yjbJ_predicted,0.5,1,1,CGGGCGGTGCTAACCTCTTG,0,4997587
yjbJ_predicted,0.5,1,1,CGGGCCCCTGGTTCAACACA,0,5014640
yjbJ_predicted,0.5,1,1,CGGGCCAGAGGCCCATTTTC,0,4998703
yjbJ_predicted,0.5,1,1,CGGGAGTTGAAAGAAGGAGA,0,5007246
yjbJ_predicted,0.5,1,1,CGGCTCACGTTGGAAGGATA,0,5002031
yjbJ_predicted,0.5,1,1,CGGCGGACGAAACTCAGCGG,0,4999247
yjbJ_predicted,0.5,1,1,CGGCGCATCAACACGTTAGG,0,5012431
yjbJ_predicted,0.5,1,1,CGGCGACGGAGTATTATCTC,0,4998282
yjbJ_predicted,0.5,1,1,CGGCGAAGTTTTGTACGGGT,0,5004016
yjbJ_predicted,0.5,1,1,CGGCCCATCACGGTGTCCAC,0,5015609
yjbJ_predicted,0.5,1,1,CGGCCACGGGTTACAACTTC,0,5020727
yjbJ_predicted,0.5,1,1,CGGATAACTGTCCTCTAATT,0,5019019
yjbJ_predicted,0.5,1,1,CGGAGTGTAGATCGGAGTAT,0,5022128
yjbJ_predicted,0.5,1,1,CGGAGCAATGTCCACGACCC,0,5015109
yjbJ_predicted,0.5,1,1,CGGAGATGTTTAAGGTTCAA,0,4996023
yjbJ_predicted,0.5,1,1,CGGACTTGACACACTGCAAT,0,5029510
yjbJ_predicted,0.5,1,1,CGGACGGCTGGACGAGAGGC,0,5004171
yjbJ_predicted,0.5,1,1,CGGACCTCAGTGGCCTGGCA,0,5012667
yjbJ_predicted,0.5,1,1,CGCTTTTTCGAGACGCGGAC,0,5019779
yjbJ_predicted,0.5,1,1,CGCTTATCTTGTCCTAGAGG,0,5028867
yjbJ_predicted,0.5,1,1,CGCTCCGGATGAAGGGTCAA,0,5011146
yjbJ_predicted,0.5,1,1,CGCTCAAAGGGGGTCCGACC,0,5006559
yjbJ_predicted,0.5,1,1,CGCTAACTTCATGCCCGGTT,0,5002063
yjbJ_predicted,0.5,1,1,CGCGTTACGTCAGGCAAGGA,0,5017704
yjbJ_predicted,0.5,1,1,CGCGTGGGCGTCCCCATATC,0,5003465
yjbJ_predicted,0.5,1,1,CGCGTCATGGTAAGCGCCAT,0,5026608
yjbJ_predicted,0.5,1,1,CGCGTAGACGCACGGCCCAT,0,5024057
yjbJ_predicted,0.5,1,1,CGCGTAACAGGGGTAAAAAG,0,5012876
yjbJ_predicted,0.5,1,1,CGCGGTATAGAACGGTAAAG,0,5009701
yjbJ_predicted,0.5,1,1,CGCGCTGTGCTGACAAAAGT,0,5014332
yjbJ_predicted,0.5,1,1,CGCGCTCAGCTCCTGTTCTT,0,5006479
yjbJ_predicted,0.5,1,1,CGCCGGTTTAAGCTACTGCA,0,4999334
yjbJ_predicted,0.5,1,1,CGCCGGTTGAGAGTCCCGAC,0,4999031
yjbJ_predicted,0.5,1,1,CGCCCTGTACAGTCGCGCGT,0,5021239
yjbJ_predicted,0.5,1,1,CGCCCAAAATTGGCAATTGG,0,5007678
yjbJ_predicted,0.5,1,1,CGCATTCTTTTCCATCGGAT,0,5027302
yjbJ_predicted,0.5,1,1,CGCATTACCGCTCTACAACA,0,5015753
yjbJ_predicted,0.5,1,1,CGCATCCCAGAGTCTAGCAT,0,5017202
yjbJ_predicted,0.5,1,1,CGCATATATTACCGATCAAT,0,4999988
yjbJ_predicted,0.5,1,1,CGCAGGGTCCTCAGCTAGAT,0,5008145
yjbJ_predicted,0.5,1,1,CGCAGCCCGGCTGTTCACAT,0,5010884
yjbJ_predicted,0.5,1,1,CGCACTCGAGGGATTAGCTG,0,5030241
yjbJ_predicted,0.5,1,1,CGCACTATCGGCCTAATCGT,0,5030981
yjbJ_predicted,0.5,1,1,CGCAATGAGCGCGCAAAAAC,0,5006388
yjbJ_predicted,0.5,1,1,CGCAAACAGGTCGCGCCGTG,0,5000420
yjbJ_predicted,0.5,1,1,CGATTTGGGGTAGACGCGAT,0,5020562
yjbJ_predicted,0.5,1,1,CGATTTCTGACATTTTTGTA,0,5015134
yjbJ_predicted,0.5,1,1,CGATTTATCCGAACTACCTG,0,4995837
yjbJ_predicted,0.5,1,1,CGATTATTCGAGACATAATC,0,5024915
yjbJ_predicted,0.5,1,1,CGATCTTCGGACCTTGATAT,0,5029538
yjbJ_predicted,0.5,1,1,CGATAGGTCATAGCGCGTAA,0,5020279
yjbJ_predicted,0.5,1,1,CGAGTTCTCTATATCCGTGA,0,5012171
yjbJ_predicted,0.5,1,1,CGAGTGGGTGTACAAACTAC,0,5013219
yjbJ_predicted,0.5,1,1,CGAGGGTATCAAAAGACGGG,0,5029768
yjbJ_predicted,0.5,1,1,CGAGCAACTAATTGGGGCTG,0,5018890
yjbJ_predicted,0.5,1,1,CGAGAACCGTTATTTTTTAT,0,5006864
yjbJ_predicted,0.5,1,1,CGAGAAATTTAATTCAGTTG,0,5012115
yjbJ_predicted,0.5,1,1,CGACTGCTATTGAGACGGCA,0,5003695
yjbJ_predicted,0.5,1,1,CGACTCGTATTAGCGTGCGT,0,5006716
yjbJ_predicted,0.5,1,1,CGACTCCATGCGATCACCAG,0,5014757
yjbJ_predicted,0.5,1,1,CGACGGTATAGTGATACGTA,0,5029927
yjbJ_predicted,0.5,1,1,CGACGAGGAGCTGGACTAAG,0,5012555
yjbJ_predicted,0.5,1,1,CGACATTTAATCATACCAAC,0,5021297
yjbJ_predicted,0.5,1,1,CGACACGAAACCGGCAATTA,0,5012932
yjbJ_predicted,0.5,1,1,CGACAACAAGGGTAGAGTTT,0,5022922
yjbJ_predicted,0.5,1,1,CGAATTCCCTTTTGAAGTCA,0,5026836
yjbJ_predicted,0.5,1,1,CGAATTAGGATTTAAGAACC,0,4997974
yjbJ_predicted,0.5,1,1,CGAATACTATTACTTCAATC,0,5016725
yjbJ_predicted,0.5,1,1,CGAAGTCGCTGCGTCTCTAC,0,5017486
yjbJ_predicted,0.5,1,1,CGAAGTACCGTGAAATGTGA,0,5023700
yjbJ_predicted,0.5,1,1,CGAACTTATTTCAAATCAAA,0,4997420
yjbJ_predicted,0.5,1,1,CGAACGTTAGGGATACACTT,0,5023107
yjbJ_predicted,0.5,1,1,CGAACGTGATGTTTTCTCTA,0,5025517
yjbJ_predicted,0.5,1,1,CGAACGGCTTGGTAGCTTGT,0,5000167
yjbJ_predicted,0.5,1,1,CGAACGCTTGGGAAGGGTGC,0,4995174
yjbJ_predicted,0.5,1,1,CGAAATTGCCGCGCGGCAAA,0,5014990
yjbJ_predicted,0.5,1,1,CCTTGTCGTTCATGTTTGCT,0,5020411
yjbJ_predicted,0.5,1,1,CCTTGTCAGGAGGCCGTAAG,0,5020337
yjbJ_predicted,0.5,1,1,CCTTGTCAGCCGAGTAGTGT,0,5012804
yjbJ_predicted,0.5,1,1,CCTTGATCATGAAGGTCGTA,0,4999359
yjbJ_predicted,0.5,1,1,CCTTCAGCAGCAAGTGCGGC,0,5030929
yjbJ_predicted,0.5,1,1,CCTGGCCCGGAGAAGACTGC,0,5018174
yjbJ_predicted,0.5,1,1,CCTGGATTCCTACTTCTTAG,0,4996590
yjbJ_predicted,0.5,1,1,CCTGGATGCCGCTTGCCAAA,0,5003770
yjbJ_predicted,0.5,1,1,CCTGCCATGCATATAAAGAA,0,5017047
yjbJ_predicted,0.5,1,1,CCTCGTGACTGTTTATTGTA,0,5015707
yjbJ_predicted,0.5,1,1,CCTCGAGCCCCTGCCGAAAG,0,5001146
yjbJ_predicted,0.5,1,1,CCTATTGTTTCCGCTTTGCA,0,5024797
yjbJ_predicted,0.5,1,1,CCTATGAGTACTACTGGATG,0,5027072
yjbJ_predicted,0.5,1,1,CCGTTAGTAACGCATGTTAG,0,5013715
yjbJ_predicted,0.5,1,1,CCGTTAACCAGACCATGAAC,0,5012865
yjbJ_predicted,0.5,1,1,CCGTGTTGCATCGGACTCGG,0,5005995
yjbJ_predicted,0.5,1,1,CCGGTTTCGTAGATGGTCGG,0,5017133
yjbJ_predicted,0.5,1,1,CCGGCCAAGGTGCCCAATCG,0,4996307
yjbJ_predicted,0.5,1,1,CCGGAGTACCCCGAATCAGA,0,5007350
yjbJ_predicted,0.5,1,1,CCGCTGTCGAGACAGCCAGC,0,5002750
yjbJ_predicted,0.5,1,1,CCGCTACGCAGGTCTCATAT,0,5013384
yjbJ_predicted,0.5,1,1,CCGCTAAGGTCTAATTATGC,0,5030120
yjbJ_predicted,0.5,1,1,CCGCGCTGTAATATTATGGG,0,5017964
yjbJ_predicted,0.5,1,1,CCGCCGACGCATAACATTAA,0,5020172
yjbJ_predicted,0.5,1,1,CCGCCCCTTACGTAGATATT,0,5017084
yjbJ_predicted,0.5,1,1,CCGCCCATGCGTTCGCTTTG,0,5016538
yjbJ_predicted,0.5,1,1,CCGCAGTATCGTGTTGGACC,0,5006163
yjbJ_predicted,0.5,1,1,CCGCAAGACGCGCACGTCCC,0,5010121
yjbJ_predicted,0.5,1,1,CCGAAGAGGAGTAAGTCAAA,0,5011030
yjbJ_predicted,0.5,1,1,CCGAAACGATTAGCATACGT,0,5019475
yjbJ_predicted,0.5,1,1,CCGAAACGAGGGATTTCTTC,0,5013034
yjbJ_predicted,0.5,1,1,CCCTTTAAGGCATCTGGTAC,0,5011687
yjbJ_predicted,0.5,1,1,CCCTTGGTAAGTGTAAACCA,0,5001976
yjbJ_predicted,0.5,1,1,CCCTGCGACTTGAGCACTTC,0,5029593
yjbJ_predicted,0.5,1,1,CCCTAGCGCTATGTTATAGA,0,5011816
yjbJ_predicted,0.5,1,1,CCCTACGAACTCCTGTAATT,0,5022602
yjbJ_predicted,0.5,1,1,CCCGTTAGAGCGTCATTCGA,0,5014732
yjbJ_predicted,0.5,1,1,CCCGTGTGGGGGGAAGATGA,0,5022291
yjbJ_predicted,0.5,1,1,CCCGGGACCGCGGGGAAGGT,0,5031068
yjbJ_predicted,0.5,1,1,CCCGCATTGAACTGAATTCA,0,5026284
yjbJ_predicted,0.5,1,1,CCCGCACCCCTGCCGAGCGT,0,5019634
yjbJ_predicted,0.5,1,1,CCCCGTGGTTCTTGGTGGCT,0,5006136
yjbJ_predicted,0.5,1,1,CCCCCCCCTGGGGGATGTCA,0,5025982
yjbJ_predicted,0.5,1,1,CCCCATCACCGACATTGTCG,0,5015959
yjbJ_predicted,0.5,1,1,CCCCACTGGGTCCGATTATT,0,4999219
yjbJ_predicted,0.5,1,1,CCCAGTCTTCAGCCGCCGAG,0,5007874
yjbJ_predicted,0.5,1,1,CCCAGGCCCGAACCTTGTGC,0,5020515
yjbJ_predicted,0.5,1,1,CCCAGAGACTCAGCGCGACG,0,5014046
yjbJ_predicted,0.5,1,1,CCCACGGTGATAATCGGATC,0,4997105
yjbJ_predicted,0.5,1,1,CCATTGGATAGCAGGTTGCA,0,5016296
yjbJ_predicted,0.5,1,1,CCATTCACATAGCATTACCG,0,5025521
yjbJ_predicted,0.5,1,1,CCATGTCTAGTGAGCGTTGG,0,5006396
yjbJ_predicted,0.5,1,1,CCATGGGCGACACTCTGCTT,0,5023488
yjbJ_predicted,0.5,1,1,CCATCAGTAAAATTACGAAC,0,5017866
yjbJ_predicted,0.5,1,1,CCAGTTGGAGCGTAAGGTTT,0,5006318
yjbJ_predicted,0.5,1,1,CCAGTCTCCCCAATAGATAG,0,5019794
yjbJ_predicted,0.5,1,1,CCAGTCTAGTGTGGGACCAT,0,5029281
yjbJ_predicted,0.5,1,1,CCAGGTTAGTTCAGTTATAG,0,5024721
yjbJ_predicted,0.5,1,1,CCAGGTCCGAGCTTAGGTTT,0,5006947
yjbJ_predicted,0.5,1,1,CCAGCTTCATATTCGTCCTA,0,5016786
yjbJ_predicted,0.5,1,1,CCAGACAAGTGGATCGGAGG,0,5026976
yjbJ_predicted,0.5,1,1,CCACTTAGCGATGTGAACCA,0,5009391
yjbJ_predicted,0.5,1,1,CCACTCTCCGGGGCCGATCT,0,5023847
yjbJ_predicted,0.5,1,1,CCACTATGGTCACTGCCGGC,0,5018619
yjbJ_predicted,0.5,1,1,CCACGACAAGGTCTTAAAAT,0,4997286
yjbJ_predicted,0.5,1,1,CCACCGGCGGAGTAGGGGAT,0,5002916
yjbJ_predicted,0.5,1,1,CCACATAAGTTCGAAGCTTA,0,4998566
yjbJ_predicted,0.5,1,1,CCACAATGTGACCGTCCGTA,0,5005724
yjbJ_predicted,0.5,1,1,CCAATGCCCGCCTTAGCCTC,0,5029436
yjbJ_predicted,0.5,1,1,CCAAGTATAGTGCTCTGGTT,0,4997166
yjbJ_predicted,0.5,1,1,CCAAGAAAACCCCCCATTTT,0,5024241
yjbJ_predicted,0.5,1,1,CCAACTACCCGTTTAGCCCT,0,5029494
yjbJ_predicted,0.5,1,1,CCAACAACAAGCTTACAGCC,0,4997031
yjbJ_predicted,0.5,1,1,CCAAAGGAGCGGATCGGCTT,0,4994698
yjbJ_predicted,0.5,1,1,CATTTTGTTTTTATAGCAAT,0,5005087
yjbJ_predicted,0.5,1,1,CATTCATAATAATGTGCATT,0,5002268
yjbJ_predicted,0.5,1,1,CATGGTTTTTCGTTTGCTGT,0,5001320
yjbJ_predicted,0.5,1,1,CATGCTCGGGAGCTTCGGCT,0,5003748
yjbJ_predicted,0.5,1,1,CATGCTCGGAATCACTTGAT,0,5008097
yjbJ_predicted,0.5,1,1,CATCTTCAAGCTGGCCGGCA,0,4995150
yjbJ_predicted,0.5,1,1,CATCTGGTGGTAGATGCGTG,0,5028719
yjbJ_predicted,0.5,1,1,CATCGTTAGTGCTTATAATG,0,5010487
yjbJ_predicted,0.5,1,1,CATCGGGTTCCTTAACCTGC,0,5024327
yjbJ_predicted,0.5,1,1,CATCGGGGTTCTTTTCTCCC,0,5009098
yjbJ_predicted,0.5,1,1,CATCATAGTACCAAAAGAGG,0,4995832
yjbJ_predicted,0.5,1,1,CATCACCGGAAAACTAAGGT,0,5025550
yjbJ_predicted,0.5,1,1,CATCACATATGAGATACATG,0,5005957
yjbJ_predicted,0.5,1,1,CATCAACCAATTTGGAAAGG,0,5021561
yjbJ_predicted,0.5,1,1,CATAGCGTCGTGTTTTTTTT,0,4999820
yjbJ_predicted,0.5,1,1,CATACTCACTAATACTGCAA,0,5021411
yjbJ_predicted,0.5,1,1,CATAATTTTCTTTTAGGTAC,0,5019363
yjbJ_predicted,0.5,1,1,CAGTCTCGATAATATAGCAT,0,5030741
yjbJ_predicted,0.5,1,1,CAGTATTCTTTTAATTAGGC,0,5014525
yjbJ_predicted,0.5,1,1,CAGTACGCGTTGTTTCTACA,0,5002730
yjbJ_predicted,0.5,1,1,CAGGTCCCAATCAACTCGGA,0,5004792
yjbJ_predicted,0.5,1,1,CAGGGGATTCATTCTAGGCA,0,5025799
yjbJ_predicted,0.5,1,1,CAGGGCGCGGTGTGCTGGAA,0,5031247
yjbJ_predicted,0.5,1,1,CAGGGACTTACAACTCGGGA,0,5027327
yjbJ_predicted,0.5,1,1,CAGGCGAATCGCGCTCCGGG,0,4994931
yjbJ_predicted,0.5,1,1,CAGGATCCAAACAAGTTCGC,0,5018978
yjbJ_predicted,0.5,1,1,CAGCTCTACATCTAGTATCC,0,5012870
yjbJ_predicted,0.5,1,1,CAGCTAATCGGTATTATTCG,0,5001280
yjbJ_predicted,0.5,1,1,CAGCCTTCACGGACTATTAC,0,5027300
yjbJ_predicted,0.5,1,1,CAGCCTCGACCTAGGTGTGG,0,5024817
yjbJ_predicted,0.5,1,1,CAGCATACTGATGGTATAAT,0,5022492
yjbJ_predicted,0.5,1,1,CAGCACCGCCCAGTGTTTAT,0,5008767
yjbJ_predicted,0.5,1,1,CAGATATGGAACCCGGTAGG,0,4997229
yjbJ_predicted,0.5,1,1,CAGATATACCTACCTCTACT,0,5015431
yjbJ_predicted,0.5,1,1,CAGAGTCACGGTGGCGGTTG,0,5012610
yjbJ_predicted,0.5,1,1,CAGAGTACCCTTTTCTATTA,0,5003338
yjbJ_predicted,0.5,1,1,CAGAACCCGGGGCGCAAACG,0,5001219
yjbJ_predicted,0.5,1,1,CACTTACTCGAGACTGCTGC,0,5003562
yjbJ_predicted,0.5,1,1,CACTGGTGACCCTTCCGACG,0,5009934
yjbJ_predicted,0.5,1,1,CACTGGAACTCTACTAGCCA,0,5028621
yjbJ_predicted,0.5,1,1,CACTCATACGTCAGCTACAG,0,5015506
yjbJ_predicted,0.5,1,1,CACTCATAATGTCTTCCGGG,0,5006137
yjbJ_predicted,0.5,1,1,CACTACTCACGCATAGTACG,0,5024391
yjbJ_predicted,0.5,1,1,CACTACGCAATGTCTAGAAT,0,5019863
yjbJ_predicted,0.5,1,1,CACGTTTTCGACCATAATCA,0,5005770
yjbJ_predicted,0.5,1,1,CACGTTCGTTTAAACAGTCA,0,5001677
yjbJ_predicted,0.5,1,1,CACGTCCAATTGTTTAGAGG,0,5000610
yjbJ_predicted,0.5,1,1,CACGGTCCCCTCAGCAATGT,0,4997158
yjbJ_predicted,0.5,1,1,CACGGTCAGGGAAGGTTGGC,0,5011928
yjbJ_predicted,0.5,1,1,CACGGGCGCGCTTTCCAAAA,0,5026200
yjbJ_predicted,0.5,1,1,CACGAGGTGACTTGAGACAT,0,5025581
yjbJ_predicted,0.5,1,1,CACCTCGGGGGAGGCTCATC,0,5006879
yjbJ_predicted,0.5,1,1,CACCGTGATAAGTCGGTCTG,0,4998630
yjbJ_predicted,0.5,1,1,CACCGCTTTGTTTTAAGCAT,0,5002685
yjbJ_predicted,0.5,1,1,CACCGACATGGTGTCAATGT,0,4996803
yjbJ_predicted,0.5,1,1,CACACTGTAGCAGGACTCTA,0,5016214
yjbJ_predicted,0.5,1,1,CACAAACCCGTTTAAGGCCT,0,5029369
yjbJ_predicted,0.5,1,1,CACAAACACGACGGATATGT,0,5004764
yjbJ_predicted,0.5,1,1,CAATGTTCAGTACGCGCTAA,0,5022508
yjbJ_predicted,0.5,1,1,CAATGGGGCCGGGGACTTAA,0,5008940
yjbJ_predicted,0.5,1,1,CAATCGGTAGCACGCATCGA,0,5023001
yjbJ_predicted,0.5,1,1,CAATCCTCTCACTGGCCAAT,0,5015315
yjbJ_predicted,0.5,1,1,CAATAGCATGTCTCACGTTG,0,5023309
yjbJ_predicted,0.5,1,1,CAAGTTTGGCGCCTTGCAAA,0,5018805
yjbJ_predicted,0.5,1,1,CAAGTGGCATGGCACGGCGA,0,5028007
yjbJ_predicted,0.5,1,1,CAAGGTCCTAACAACTGCCT,0,5006022
yjbJ_predicted,0.5,1,1,CAAGGCGTTAGCTAACACCT,0,5027582
yjbJ_predicted,0.5,1,1,CAAGGCAACAGCAACGCGTA,0,5010681
yjbJ_predicted,0.5,1,1,CAAGGATGTCACGCAATGCG,0,5018004
yjbJ_predicted,0.5,1,1,CAAGGAATGACAGACCCAGA,0,5022106
yjbJ_predicted,0.5,1,1,CAAGCCTTCTCATGTGAGGA,0,5024095
yjbJ_predicted,0.5,1,1,CAACCCACGGTTTATTGTCG,0,5007123
yjbJ_predicted,0.5,1,1,CAAATGACGCGGCAGGGTAT,0,5008860
yjbJ_predicted,0.5,1,1,CAAATAGCGATTTGCTGGAG,0,5004455
yjbJ_predicted,0.5,1,1,CAAAGGGGTAGCCACCGGAC,0,5013903
yjbJ_predicted,0.5,1,1,CAAAGCCCTGCACGCACCCT,0,5026721
yjbJ_predicted,0.5,1,1,CAAAGCACTTTCTGGTATAT,0,5013646
yjbJ_predicted,0.5,1,1,CAAACCCCAGAGGCCTCGGC,0,4997325
yjbJ_predicted,0.5,1,1,CAAAATGGCGCACATGCGCC,0,5006433
yjbJ_predicted,0.5,1,1,CAAAAAACGATAACAGGCCC,0,4995587
yjbJ_predicted,0.5,1,1,ATTTTGTCCTTTCAGGCTTT,0,5017245
yjbJ_predicted,0.5,1,1,ATTTTCTTGCCGGACTGGTC,0,5018572
yjbJ_predicted,0.5,1,1,ATTTGCTGTCCTAGACTCGC,0,5023541
yjbJ_predicted,0.5,1,1,ATTTGATGGGACCCTTGAGT,0,5021733
yjbJ_predicted,0.5,1,1,ATTTCGATTTTTGCACTTAT,0,5010013
yjbJ_predicted,0.5,1,1,ATTTCACATTTCGAGGACTC,0,5020000
yjbJ_predicted,0.5,1,1,ATTTATGCAGTCGCCCTGAT,0,5007126
yjbJ_predicted,0.5,1,1,ATTTAGCCACGCCCTAAAAT,0,5004372
yjbJ_predicted,0.5,1,1,ATTTACATCAGGCGTATCTC,0,4998896
yjbJ_predicted,0.5,1,1,ATTGTGTTGGCACCCCGCTG,0,5012860
yjbJ_predicted,0.5,1,1,ATTGTGGCACTCTTTCTCCG,0,5027371
yjbJ_predicted,0.5,1,1,ATTGTAGGGAGACTGTCAGA,0,5023075
yjbJ_predicted,0.5,1,1,ATTGGTGTCTAACGATAGCT,0,5030281
yjbJ_predicted,0.5,1,1,ATTGGCTAATAGTATTAGTT,0,5018417
yjbJ_predicted,0.5,1,1,ATTGCCGACCTTGATGGGGG,0,5027232
yjbJ_predicted,0.5,1,1,ATTCGTCCGGACCACGAAAT,0,4995959
yjbJ_predicted,0.5,1,1,ATTCCCCACCCCTTGTTAGC,0,5007532
yjbJ_predicted,0.5,1,1,ATTCACATGCCTGCCAGATT,0,4995245
yjbJ_predicted,0.5,1,1,ATTATTTAGCCTTTACACTT,0,5006029
yjbJ_predicted,0.5,1,1,ATTAGGTTTAGCCATGGCTC,0,5007859
yjbJ_predicted,0.5,1,1,ATTACAAGCTACACACGTAG,0,4996804
yjbJ_predicted,0.5,1,1,ATTAATAGCTACTCCACATG,0,5000048
yjbJ_predicted,0.5,1,1,ATTAAGCTCTGTGCCTTCCG,0,5009868
yjbJ_predicted,0.5,1,1,ATGTTTTCAGTGTGTCGATC,0,5027420
yjbJ_predicted,0.5,1,1,ATGGTGCGTGCAGCCTAAGT,0,5000534
yjbJ_predicted,0.5,1,1,ATGGGTTGAGAACTCATACA,0,4994815
yjbJ_predicted,0.5,1,1,ATGGGGGAAGTCGGCGGAGC,0,5018884
yjbJ_predicted,0.5,1,1,ATGGATGCCTTTTAATTAGG,0,5023439
yjbJ_predicted,0.5,1,1,ATGGATCGGATAAGGTCAAC,0,5028167
yjbJ_predicted,0.5,1,1,ATGCCCTTTGGTTGACTGGT,0,5027559
yjbJ_predicted,0.5,1,1,ATGCCACAACACGATTTCGC,0,4998695
yjbJ_predicted,0.5,1,1,ATGATCCCCACGACTATTTG,0,5022469
yjbJ_predicted,0.5,1,1,ATGAGACTTACGCGAGGTTC,0,5011755
yjbJ_predicted,0.5,1,1,ATGAAAAGGTTATTGCCTTG,0,5000792
yjbJ_predicted,0.5,1,1,ATCTTCTAGTGGACATCAGG,0,5025960
yjbJ_predicted,0.5,1,1,ATCTCTTATAAATAGTGCGC,0,5001673
yjbJ_predicted,0.5,1,1,ATCTAGTCTTAACTTGAGTC,0,4999593
yjbJ_predicted,0.5,1,1,ATCGGTCATAATGACAAGCA,0,5012375
yjbJ_predicted,0.5,1,1,ATCGCGTAAGGCAACCCATT,0,5017422
yjbJ_predicted,0.5,1,1,ATCGCCAAGACCTGGGAGAC,0,5004689
yjbJ_predicted,0.5,1,1,ATCGAGCGAGACTGCTCTCC,0,5016934
yjbJ_predicted,0.5,1,1,ATCGACTGTAAAAAGTCGCT,0,5019260
yjbJ_predicted,0.5,1,1,ATCCTTAAATTACGGGTAGC,0,5021319
yjbJ_predicted,0.5,1,1,ATCCTCGTCGTACAAGCTCA,0,5031297
yjbJ_predicted,0.5,1,1,ATCCTAGACACTAGTACGTT,0,5029744
yjbJ_predicted,0.5,1,1,ATCCCCTTGAGGAAGAGTGC,0,5030499
yjbJ_predicted,0.5,1,1,ATCCACCTCGTGTTCGAGCT,0,5027207
yjbJ_predicted,0.5,1,1,ATCCACAATGCGCCCTTGTT,0,5008437
yjbJ_predicted,0.5,1,1,ATCACACTGTTCGTGCTAGA,0,5004768
yjbJ_predicted,0.5,1,1,ATCACACGTCATGTCATACA,0,5025108
yjbJ_predicted,0.5,1,1,ATCAATGTATATAAGGTTCA,0,5015649
yjbJ_predicted,0.5,1,1,ATCAATCAGCGGTTCAAGCA,0,5014960
yjbJ_predicted,0.5,1,1,ATATTCGCTTCTACCTGACT,0,5003711
yjbJ_predicted,0.5,1,1,ATAGTTTCTTCCCATCTGAG,0,4998712
yjbJ_predicted,0.5,1,1,ATAGTTAGGATAATCCGCAG,0,5006753
yjbJ_predicted,0.5,1,1,ATAGTCCTCAGCCCTCCTAA,0,5025293
yjbJ_predicted,0.5,1,1,ATAGCGCTCTGGGGATTGCT,0,5018608
yjbJ_predicted,0.5,1,1,ATAGCCATCAGCCTATCGTT,0,5001675
yjbJ_predicted,0.5,1,1,ATAGATACCGCTGCAAATAA,0,5026939
yjbJ_predicted,0.5,1,1,ATAGAGTTATCCACTATTCC,0,5004846
yjbJ_predicted,0.5,1,1,ATAGACAGTGAGGCGTTTTA,0,5021479
yjbJ_predicted,0.5,1,1,ATACTGAAAGCCTTGCAGTG,0,5016644
yjbJ_predicted,0.5,1,1,ATACGTATCTGCTTAAACCT,0,5015607
yjbJ_predicted,0.5,1,1,ATAATGGTCGCGCCACAATC,0,5018952
yjbJ_predicted,0.5,1,1,ATAATGAACTTGTGATCTGC,0,5027442
yjbJ_predicted,0.5,1,1,ATAAGCGTCGTTTAGGTTGC,0,5006885
yjbJ_predicted,0.5,1,1,ATAACGTTTGTGGTATGGTG,0,5030320
yjbJ_predicted,0.5,1,1,ATAACCTCACGCGACATAGC,0,5000996
yjbJ_predicted,0.5,1,1,ATAACCGCGATCGGCTTAAC,0,5013809
yjbJ_predicted,0.5,1,1,ATAAACCGTGAGCCATCGAC,0,5021413
yjbJ_predicted,0.5,1,1,AGTTGCACGATACATAAATC,0,5025204
yjbJ_predicted,0.5,1,1,AGTTCTCATTATGCGAAATT,0,5014187
yjbJ_predicted,0.5,1,1,AGTTAGAGGTCCCTGACCAT,0,5002523
yjbJ_predicted,0.5,1,1,AGTGTTTGGGAAATGGACAT,0,5003503
yjbJ_predicted,0.5,1,1,AGTGTTTGCCGACTAGACAG,0,5012801
yjbJ_predicted,0.5,1,1,AGTGTTACGGTTCACGCCGT,0,5009838
yjbJ_predicted,0.5,1,1,AGTGGAAGGGCCTTAAACAT,0,5013678
yjbJ_predicted,0.5,1,1,AGTGCTCAACTGGCCCCGCA,0,5003032
yjbJ_predicted,0.5,1,1,AGTCTCACTCGCCCCGTAGG,0,5004581
yjbJ_predicted,0.5,1,1,AGTCTAGTACTTCATAAACG,0,5003200
yjbJ_predicted,0.5,1,1,AGTCGGGCACACCTTGTTTA,0,5030862
yjbJ_predicted,0.5,1,1,AGTCGCTAGGGTGATAGTGA,0,5026432
yjbJ_predicted,0.5,1,1,AGTCCATCCAACAGCGGGTT,0,5000035
yjbJ_predicted,0.5,1,1,AGTCAGCCGCGCGCCCATTT,0,5009355
yjbJ_predicted,0.5,1,1,AGTCAAAATGAATGTAGGGG,0,5009519
yjbJ_predicted,0.5,1,1,AGTATGGGCACGCAGAGCAA,0,5015512
yjbJ_predicted,0.5,1,1,AGTATCTCTTGAGCTCCAAG,0,5005492
yjbJ_predicted,0.5,1,1,AGTATCACAAACTTGGCACC,0,5013616
yjbJ_predicted,0.5,1,1,AGTAGGCCAGCCCGTCACGC,0,5001812
yjbJ_predicted,0.5,1,1,AGTAGACACCATTCACCAAA,0,5004916
yjbJ_predicted,0.5,1,1,AGTACGAAGCACTAAGACGC,0,5025869
yjbJ_predicted,0.5,1,1,AGTACCTAGTGTAACATCCA,0,5015886
yjbJ_predicted,0.5,1,1,AGTACCCGTTTAAGTGGCAG,0,5014343
yjbJ_predicted,0.5,1,1,AGTAAACAGCCGCGTTGTAA,0,5021130
yjbJ_predicted,0.5,1,1,AGGTTGATACGGCCGCGGAA,0,5024073
yjbJ_predicted,0.5,1,1,AGGTTCCATGCCAGCCAGGG,0,5008045
yjbJ_predicted,0.5,1,1,AGGTTAATTAACCAGGGCAA,0,5009395
yjbJ_predicted,0.5,1,1,AGGTCCTGTCCAGTCTCCCA,0,5008549
yjbJ_predicted,0.5,1,1,AGGTCCCGCGTACCCTCTTA,0,5009036
yjbJ_predicted,0.5,1,1,AGGTCCAGTCGTATCGTGTC,0,5026693
yjbJ_predicted,0.5,1,1,AGGTATAAGAGGTAGGATTT,0,5011515
yjbJ_predicted,0.5,1,1,AGGTAGCGTGGATGCCGTCT,0,4996000
yjbJ_predicted,0.5,1,1,AGGTAGATACCGCTATTTTT,0,5012368
yjbJ_predicted,0.5,1,1,AGGTAATCGGTAGCCTCTCC,0,5016706
yjbJ_predicted,0.5,1,1,AGGGTTGCTGAGGCAGAGTC,0,5017330
yjbJ_predicted,0.5,1,1,AGGGTTAAATCTTGCTACCC,0,4999531
yjbJ_predicted,0.5,1,1,AGGGTGTCTCCCCCGGAACC,0,4995018
yjbJ_predicted,0.5,1,1,AGGGTGTCTACGGCGGAACG,0,5005167
yjbJ_predicted,0.5,1,1,AGGGTGAGACGTAGCCGAAA,0,5001254
yjbJ_predicted,0.5,1,1,AGGGGTTACTGGCACCTTAC,0,5017361
yjbJ_predicted,0.5,1,1,AGGGGTGCGTCTGATGTCAT,0,5008992
yjbJ_predicted,0.5,1,1,AGGGGCTCACTAATGACCGT,0,5016294
yjbJ_predicted,0.5,1,1,AGGGGCTAGCACTGAAACAG,0,5017005
yjbJ_predicted,0.5,1,1,AGGGGACGTCGAGCGCTTCA,0,5004199
yjbJ_predicted,0.5,1,1,AGGGCGCCTTCAGTGGATAT,0,5025373
yjbJ_predicted,0.5,1,1,AGGGATCGCATTGAAGGGAA,0,5002080
yjbJ_predicted,0.5,1,1,AGGGACGCCAGGTTTCCCAG,0,5025629
yjbJ_predicted,0.5,1,1,AGGCGCAATGTGTCTCTGTC,0,5019777
yjbJ_predicted,0.5,1,1,AGGCCGTAAACCGCGAGATT,0,5027367
yjbJ_predicted,0.5,1,1,AGGCCGAATCAATTAAATTA,0,5022821
yjbJ_predicted,0.5,1,1,AGGCCATGACTAGGCCTGAA,0,4996212
yjbJ_predicted,0.5,1,1,AGGACGGGACTGGAGCGGCT,0,5006034
yjbJ_predicted,0.5,1,1,AGGAATACCGCTCCTGCGAG,0,5000282
yjbJ_predicted,0.5,1,1,AGGAACACCATATCGTTCTT,0,4996273
yjbJ_predicted,0.5,1,1,AGCTGTCAAGCCCATGCGGC,0,5020834
yjbJ_predicted,0.5,1,1,AGCTGACTATATTGCGTCTA,0,5015888
yjbJ_predicted,0.5,1,1,AGCTCTTCGATTAGTGTTGG,0,4997013
yjbJ_predicted,0.5,1,1,AGCTCTCTTTTTACCGTGAT,0,5016590
yjbJ_predicted,0.5,1,1,AGCTCCGTCGTTTACAAAAA,0,4997040
yjbJ_predicted,0.5,1,1,AGCTACCCACTATCTTCGGT,0,4995518
yjbJ_predicted,0.5,1,1,AGCTACAGGTGAAGGGGCCT,0,5017842
yjbJ_predicted,0.5,1,1,AGCGTATCGCGCGACATCGT,0,5019625
yjbJ_predicted,0.5,1,1,AGCGGACTCCTATAGTGCGC,0,5020310
yjbJ_predicted,0.5,1,1,AGCGACCAACGGTCGTTGTG,0,5014810
yjbJ_predicted,0.5,1,1,AGCCGTTCGTCGCTTCGAAC,0,5023897
yjbJ_predicted,0.5,1,1,AGCCACACGCGGGTAGAGTG,0,5027105
yjbJ_predicted,0.5,1,1,AGCCAAATTGCATATATCGA,0,5006395
yjbJ_predicted,0.5,1,1,AGCATGAGTAGTCTGTAAGG,0,4996928
yjbJ_predicted,0.5,1,1,AGCATCGCATATCTGAGCGT,0,5025080
yjbJ_predicted,0.5,1,1,AGCAGGATGTTTTCCGGCCA,0,5020097
yjbJ_predicted,0.5,1,1,AGCACGTGTCGTATAACGCT,0,5022161
yjbJ_predicted,0.5,1,1,AGCACCTCATTGTGGGGGGG,0,5024191
yjbJ_predicted,0.5,1,1,AGCAATGAAAATTCGAGAGC,0,5018067
yjbJ_predicted,0.5,1,1,AGCAAATCCTTAGGGCCTGC,0,5004173
yjbJ_predicted,0.5,1,1,AGATTTTTACAAAGCCCTCA,0,5028460
yjbJ_predicted,0.5,1,1,AGATTACAACGAAAATGCCA,0,5024139
yjbJ_predicted,0.5,1,1,AGATCGTTAACTACGCCCTC,0,4995049
yjbJ_predicted,0.5,1,1,AGATACTACCCGCTTGCCAT,0,5027860
yjbJ_predicted,0.5,1,1,AGATACGCAAGGGTACTTAC,0,5027555
yjbJ_predicted,0.5,1,1,AGATAATGGAGATCAGCGTG,0,4999136
yjbJ_predicted,0.5,1,1,AGAGTGCCGACGCTCTGCTG,0,5004337
yjbJ_predicted,0.5,1,1,AGAGTGATTGCATACGATAC,0,5000455
yjbJ_predicted,0.5,1,1,AGAGTACTTCTATTACTGGT,0,5026212
yjbJ_predicted,0.5,1,1,AGAGGGGATCGGGGGACGTT,0,5014904
yjbJ_predicted,0.5,1,1,AGAGGCACGCCATTCGCGGC,0,5000170
yjbJ_predicted,0.5,1,1,AGAGAGTTCACGCTGGAGCC,0,5004109
yjbJ_predicted,0.5,1,1,AGACTGCGTAGGGCAAGATA,0,5023281
yjbJ_predicted,0.5,1,1,AGACTCTCGGCGTCGCGTGT,0,4998674
yjbJ_predicted,0.5,1,1,AGACAGGATTAACAGGGGGT,0,4999325
yjbJ_predicted,0.5,1,1,AGACACGCTTCGGCTTCACG,0,5006582
yjbJ_predicted,0.5,1,1,AGAATTTATTTAGGATAAGA,0,5028665
yjbJ_predicted,0.5,1,1,AGAATTCGTTCTACGGTGAT,0,5004371
yjbJ_predicted,0.5,1,1,AGAATATCGTTTGAACCCTA,0,5014873
yjbJ_predicted,0.5,1,1,AGAAGATGTGTCTTGATTCT,0,5026095
yjbJ_predicted,0.5,1,1,AGAACGGTCCGGACGAAAGT,0,4998856
yjbJ_predicted,0.5,1,1,AGAACGGCGGAACAAGCCCT,0,5026708
yjbJ_predicted,0.5,1,1,AGAAAGGATAACTGTTGGTC,0,4997086
yjbJ_predicted,0.5,1,1,AGAAAGACGATACTCTGTCA,0,5023108
yjbJ_predicted,0.5,1,1,ACTTTTCGACTCGATGCCCA,0,4997662
yjbJ_predicted,0.5,1,1,ACTTGCATCTGCGCAGAAAG,0,5030934
yjbJ_predicted,0.5,1,1,ACTTGAATGCGGCGTCTTCG,0,5004230
yjbJ_predicted,0.5,1,1,ACTTATTGGGGAAATCAATC,0,5008704
yjbJ_predicted,0.5,1,1,ACTTACTAGGCCGTAAAGAA,0,5010249
yjbJ_predicted,0.5,1,1,ACTGGATATATGCGGGTACA,0,5027634
yjbJ_predicted,0.5,1,1,ACTGCGGCGATATCGAACTT,0,4999041
yjbJ_predicted,0.5,1,1,ACTGACTTAGCGTGACATAC,0,5023708
yjbJ_predicted,0.5,1,1,ACTGACAAACTGGAGAAGGG,0,5022656
yjbJ_predicted,0.5,1,1,ACTCTGTGTTTGATCAGACT,0,5028317
yjbJ_predicted,0.5,1,1,ACTCGATGTGTCATAGTTAA,0,5017520
yjbJ_predicted,0.5,1,1,ACTCACCTTGGGCGTATTTA,0,5027952
yjbJ_predicted,0.5,1,1,ACTATCTCTCCAGTACTCAA,0,4996383
yjbJ_predicted,0.5,1,1,ACTAGGAGCCGCTCCTACTC,0,5009521
yjbJ_predicted,0.5,1,1,ACTACAGCTGGGTAGTTCCT,0,5009892
yjbJ_predicted,0.5,1,1,ACTAATTTTAGTTATCGGAA,0,5005722
yjbJ_predicted,0.5,1,1,ACGTTCGGCAACTGAGGAAA,0,4998364
yjbJ_predicted,0.5,1,1,ACGTTACTGGCATCCATGGC,0,5030794
yjbJ_predicted,0.5,1,1,ACGTGCTTGGCTCAAACAAC,0,4995902
yjbJ_predicted,0.5,1,1,ACGTCCCTTACCGGCGGAGT,0,5002001
yjbJ_predicted,0.5,1,1,ACGGTTTCGGGCAGTGAATG,0,5004219
yjbJ_predicted,0.5,1,1,ACGGTTCCATTCAGGATAAC,0,5001203
yjbJ_predicted,0.5,1,1,ACGGGGTAGCATTAAACTGT,0,5007166
yjbJ_predicted,0.5,1,1,ACGGGATAGCTACTAGATAA,0,5007299
yjbJ_predicted,0.5,1,1,ACGGCATCAGGATATAAGTT,0,5007604
yjbJ_predicted,0.5,1,1,ACGGAGCGCACTTAGACACG,0,4996608
yjbJ_predicted,0.5,1,1,ACGGACGAAAGACACGGAGC,0,4996461
yjbJ_predicted,0.5,1,1,ACGCGTAATTGGTGTTAGTA,0,4997080
yjbJ_predicted,0.5,1,1,ACGCCTCGTGTTGGTATTGC,0,5006931
yjbJ_predicted,0.5,1,1,ACGCAAATGGCGATTCCCGA,0,5020725
yjbJ_predicted,0.5,1,1,ACGATGACGGACTTGGGGAG,0,5006079
yjbJ_predicted,0.5,1,1,ACGAGCTGCTCATTTAACTG,0,5009968
yjbJ_predicted,0.5,1,1,ACGAGCATATCACCCACTCT,0,5003251
yjbJ_predicted,0.5,1,1,ACGAACGGCAGTGCATCACA,0,5030614
yjbJ_predicted,0.5,1,1,ACCTTGCCGTCCAGGAATTC,0,4997357
yjbJ_predicted,0.5,1,1,ACCTTCCATCTACAGCACGC,0,5028094
yjbJ_predicted,0.5,1,1,ACCTTAGAGCACGTAACAAG,0,5011343
yjbJ_predicted,0.5,1,1,ACCTCTTTTTAGTTCTCCGG,0,5013359
yjbJ_predicted,0.5,1,1,ACCTAACGACCGGTGGTGAA,0,5002806
yjbJ_predicted,0.5,1,1,ACCGGTTACGTGGATCATAG,0,5011235
yjbJ_predicted,0.5,1,1,ACCGGGTTTTACACGGTGGG,0,4998484
yjbJ_predicted,0.5,1,1,ACCGGGGGCCAGACGGAAGA,0,5015909
yjbJ_predicted,0.5,1,1,ACCGGCCTACAGGTTCCCTT,0,5022415
yjbJ_predicted,0.5,1,1,ACCGCAGAGCTGGTGGACCA,0,5006381
yjbJ_predicted,0.5,1,1,ACCGCAAATATCACGTGTAA,0,4996086
yjbJ_predicted,0.5,1,1,ACCGACTGATAGGCTTCCAT,0,4998660
yjbJ_predicted,0.5,1,1,ACCGACTCTTTTTTTCGTGT,0,5000766
yjbJ_predicted,0.5,1,1,ACCGACCGCTAGTTACACGT,0,5001696
yjbJ_predicted,0.5,1,1,ACCCGTTTCCGGGTCTTTGC,0,5016022
yjbJ_predicted,0.5,1,1,ACCCCAGCGACGCAAATTCA,0,5009640
yjbJ_predicted,0.5,1,1,ACCATGCGTAAAGGTTCAAG,0,4999569
yjbJ_predicted,0.5,1,1,ACCATATCCTCGTAAGGAAT,0,5007985
yjbJ_predicted,0.5,1,1,ACCAGTGTCAGTTCAAGACC,0,5000743
yjbJ_predicted,0.5,1,1,ACCAGGTCGGTCTTGAGGTC,0,5016489
yjbJ_predicted,0.5,1,1,ACCAGCCCTTACCAGTCACT,0,5028903
yjbJ_predicted,0.5,1,1,ACCACGAAGCGACTTCCGGT,0,5025734
yjbJ_predicted,0.5,1,1,ACCACAGCTGACATCTTCCA,0,5010588
yjbJ_predicted,0.5,1,1,ACCAAGCGCCGAACGAGTCG,0,4997959
yjbJ_predicted,0.5,1,1,ACATTGGCGGCCGCCATCGC,0,4996825
yjbJ_predicted,0.5,1,1,ACATAGCGGGTCCCTTGCGT,0,5020517
yjbJ_predicted,0.5,1,1,ACAGGTATTAACCAGCTCCG,0,5011945
yjbJ_predicted,0.5,1,1,ACAGGAAGGAAAATGAGTGA,0,5012976
yjbJ_predicted,0.5,1,1,ACACGACCGTAGCCCGATAG,0,4998337
yjbJ_predicted,0.5,1,1,ACAATAATGGGACTAATGCC,0,5002133
yjbJ_predicted,0.5,1,1,ACAACGAGGGCAATATAGCC,0,5028326
yjbJ_predicted,0.5,1,1,ACAACCTGGACAGAGGCCCA,0,5009858
yjbJ_predicted,0.5,1,1,ACAACCTGCTACACGGCCCA,0,5018458
yjbJ_predicted,0.5,1,1,ACAACAGTGAGGAACATGAC,0,5023787
yjbJ_predicted,0.5,1,1,AATTTTGGTGCGGCGCCTGT,0,5000178
yjbJ_predicted,0.5,1,1,AATTTGGAAGCAAGTATACT,0,5006075
yjbJ_predicted,0.5,1,1,AATTCGAAATCGACGGAATA,0,5010759
yjbJ_predicted,0.5,1,1,AATTCAGAAGACGCCGTAAA,0,5003058
yjbJ_predicted,0.5,1,1,AATTAGTTGGCCACGTACGA,0,5010115
yjbJ_predicted,0.5,1,1,AATTAGGGTGATCATATAGT,0,4999610
yjbJ_predicted,0.5,1,1,AATGGGGACTTTTTGCGGAT,0,5027780
yjbJ_predicted,0.5,1,1,AATGGCCAGTTTAAGAGCGC,0,5016180
yjbJ_predicted,0.5,1,1,AATGAATATCCTCTTGCAGA,0,4996544
yjbJ_predicted,0.5,1,1,AATGAAGGAGGCCATGTCAT,0,5025619
yjbJ_predicted,0.5,1,1,AATCTCCCTACGGGGTCAGA,0,5004049
yjbJ_predicted,0.5,1,1,AATCGTGGATTGGGATTGCA,0,5028341
yjbJ_predicted,0.5,1,1,AATCGGTTAGCCATCTTCGT,0,5015539
yjbJ_predicted,0.5,1,1,AATCAAGAAATTTAGGCGTA,0,5008309
yjbJ_predicted,0.5,1,1,AATCAAAGTCCAACACTTCG,0,5021596
yjbJ_predicted,0.5,1,1,AATATCACGACTGCTTATTC,0,4996407
yjbJ_predicted,0.5,1,1,AAGTGTCGTGACGTATAGCC,0,4996095
yjbJ_predicted,0.5,1,1,AAGTAGTCGTTTGGCTTCGG,0,5023943
yjbJ_predicted,0.5,1,1,AAGTACAGGACTGGGCGGGG,0,5009080
yjbJ_predicted,0.5,1,1,AAGGTGTGATTTGATGCCCT,0,5026270
yjbJ_predicted,0.5,1,1,AAGGTAAATCCAATGCATTA,0,5003904
yjbJ_predicted,0.5,1,1,AAGGGTGATACTTGCTTCCG,0,4995248
yjbJ_predicted,0.5,1,1,AAGGCATGGGGCAGCAATAG,0,4998753
yjbJ_predicted,0.5,1,1,AAGGACCTCCCGGTCCCTAG,0,5017720
yjbJ_predicted,0.5,1,1,AAGGAAAGCCCCGCCGGGCT,0,5016249
yjbJ_predicted,0.5,1,1,AAGCTGTCTGTTTGCGGTCA,0,5014594
yjbJ_predicted,0.5,1,1,AAGCGTGGAAGCGTAAACTG,0,5004971
yjbJ_predicted,0.5,1,1,AAGCGAACCTAGGCCTTTAT,0,5015384
yjbJ_predicted,0.5,1,1,AAGCCCCTAGATAGTAGCCA,0,5000497
yjbJ_predicted,0.5,1,1,AAGCATTCCGTTCCCGCTTA,0,5019342
yjbJ_predicted,0.5,1,1,AAGCACGACCCTCAAAGCCC,0,5028576
yjbJ_predicted,0.5,1,1,AAGATTCTCTTGGTCCTATG,0,5014144
yjbJ_predicted,0.5,1,1,AAGACAACCCAACATATGGC,0,5005196
yjbJ_predicted,0.5,1,1,AAGAATATAATGGTGGCGGC,0,5003364
yjbJ_predicted,0.5,1,1,AACTTGGATTGTGCCAAAGC,0,4999044
yjbJ_predicted,0.5,1,1,AACTTCGATTGGCGGTACAA,0,5027106
yjbJ_predicted,0.5,1,1,AACTTATAACGAATCTCGCG,0,5026271
yjbJ_predicted,0.5,1,1,AACGTCTGTGGTCGGTGCGG,0,5030036
yjbJ_predicted,0.5,1,1,AACGCTCCTAGAGCAGGCGC,0,5021185
yjbJ_predicted,0.5,1,1,AACGCGAGTGTGTCGCCAGT,0,4994918
yjbJ_predicted,0.5,1,1,AACGATCGCGTTACCAGCTA,0,4998438
yjbJ_predicted,0.5,1,1,AACCAGCATCACGGTTTATG,0,5024780
yjbJ_predicted,0.5,1,1,AAATTAATGAACGAGAGCCA,0,4998938
yjbJ_predicted,0.5,1,1,AAATATAGTAGTAGATGTGC,0,4995711
yjbJ_predicted,0.5,1,1,AAAGCTTACGGCCCAACATT,0,5001516
yjbJ_predicted,0.5,1,1,AAAGCGCGCACCTTGTTATG,0,5000666
yjbJ_predicted,0.5,1,1,AAAGATGGCAAAGCTTCCTA,0,5005024
yjbJ_predicted,0.5,1,1,AAACTTTTGAAGTGTATCCA,0,5022955
yjbJ_predicted,0.5,1,1,AAACGATTTCCTATACTTTC,0,5006315
yjbJ_predicted,0.5,1,1,AAACGAAGAGTATCCTGCGG,0,5026934
yjbJ_predicted,0.5,1,1,AAACCGGGAATATGAAACCG,0,5029854
yjbJ_predicted,0.5,1,1,AAACCGCACTAATCTTTGTA,0,5026468
yjbJ_predicted,0.5,1,1,AAACCCTGCGCAATGGCTTA,0,5018000
yjbJ_predicted,0.5,1,1,AAAACTAGCCAGTGCCGTCC,0,5001628
yjbJ_predicted,0.5,1,1,AAAACCGGCTTATCTCGCCT,0,5013429
yjbJ_predicted,0.5,1,1,AAAAACCCGACGCGACTCGG,0,5010296
yjbJ_predicted,64.0,63,0,CATACCCCCCTTTTCTTGTA,63,5007083
yjbJ_predicted,30.0,29,0,ATTCGTTGGGCATTAAAGGT,29,5017773
yjbJ_predicted,28.0,27,0,AGGCAGGCCTCAAGGCTCAT,27,4995704
yjbJ_predicted,27.0,26,0,GCTGATGCCCCATGGGCTTG,26,5028085
yjbJ_predicted,26.0,25,0,AAATCGAACTATTCACAATC,25,5019682
yjbJ_predicted,25.0,24,0,GTATCATTCCACAGGGTACC,24,5024929
yjbJ_predicted,24.0,23,0,GAAGGCATGAATGAAGCACA,23,5015502
yjbJ_predicted,24.0,23,0,AACGCCAATCTTCTAAAGAC,23,5003784
yjbJ_predicted,22.0,21,0,TCCCAGGGTCGTGCCCTATT,21,5013515
yjbJ_predicted,21.0,20,0,CGATCGGTGCTCCGACTTAT,20,5008438
yjbJ_predicted,21.0,20,0,CGAAACGGGACCAGGCGCCT,20,5003775
yjbJ_predicted,21.0,20,0,CCAGGGTGCTCAGGGCTAGA,20,5000992
yjbJ_predicted,21.0,20,0,ACCTTTCTGCGAACTAATCT,20,5014477
yjbJ_predicted,20.0,19,0,TCTGCCCTCTCATAGCTCAC,19,5017816
yjbJ_predicted,20.0,19,0,ATGTTAGGACGTATAAAGTT,19,5009824
yjbJ_predicted,20.0,19,0,ATATATTCGCTTTTCAGTTT,19,4996975
yjbJ_predicted,20.0,19,0,ACCCCGCGATTGAGCGGTTC,19,4995625
yjbJ_predicted,19.0,18,0,GGTGGCCCTCGCTTCTAAGG,18,4998963
yjbJ_predicted,19.0,18,0,GCCGGCTAGCTCAACTTCCA,18,5030706
yjbJ_predicted,19.0,18,0,CGAATGGTCCTCGCGAATTG,18,5028823
yjbJ_predicted,19.0,18,0,AGCCCCTAACTTGTCCATGA,18,4995556
yjbJ_predicted,18.0,17,0,TTAATCATACTTTATAGTTT,17,5007677
yjbJ_predicted,18.0,17,0,GTCCAAGCTCCTAAGAAATT,17,4995345
yjbJ_predicted,18.0,17,0,GCATCATGTTCACTAATCAA,17,5002054
yjbJ_predicted,18.0,17,0,AGTTACCTACTGGGCTGTAA,17,5003324
yjbJ_predicted,18.0,17,0,ACGCAATATTTCTGAATACT,17,5003871
yjbJ_predicted,17.0,16,0,TGGCGGGCCTAGTGACATTT,16,5005960
yjbJ_predicted,17.0,16,0,TCTCAGCGTAGGGGGTGGAA,16,5012242
yjbJ_predicted,17.0,16,0,TCATAAGATCGCAAGGCGGG,16,5013107
yjbJ_predicted,17.0,16,0,GGAAGTAGTCGAACAAAGGA,16,5011013
yjbJ_predicted,17.0,16,0,GATCTCACCCTCAGGGGGAC,16,5023032
yjbJ_predicted,16.0,15,0,GCTAGCGCTCTTCACCTGGT,15,5003515
yjbJ_predicted,16.0,15,0,ATTGGCCTCCATTGACATTA,15,5030455
yjbJ_predicted,15.0,14,0,GGTGCGGTCTTGTCTCAGGG,14,5011485
yjbJ_predicted,15.0,14,0,GACCCGTATCTGTTTGAGCA,14,5019896
yjbJ_predicted,15.0,14,0,CTTTTTGGTTATCTTGGTGA,14,4996431
yjbJ_predicted,15.0,14,0,CCTTTACAACCGGGAGAATT,14,5022559
yjbJ_predicted,15.0,14,0,CCCACCTACGACAGTAGGCT,14,5024677
yjbJ_predicted,15.0,14,0,AGGAGTGGATTGCATGCCTA,14,5022565
yjbJ_predicted,14.0,13,0,TCTCAATGTTCTCTTCTCGA,13,5026333
yjbJ_predicted,14.0,13,0,TACAAACCTCCGTGGCGAGG,13,5000491
yjbJ_predicted,14.0,13,0,GTTCCGGACTACATTTGGCC,13,5008399
yjbJ_predicted,14.0,13,0,GTCACCAGGCGTAGTTAGAA,13,5001883
yjbJ_predicted,14.0,13,0,CCTATTCGACCCTAGGACGT,13,5023156
yjbJ_predicted,14.0,13,0,CAACGGCCCGATGGGAGTTT,13,5022283
yjbJ_predicted,14.0,13,0,ATGCGCTCTGGCACATGGGC,13,5010017
yjbJ_predicted,14.0,13,0,ACTCACCCCAGTGTCCTTAC,13,5000828
yjbJ_predicted,14.0,13,0,ACGCTTAACCTGCTCCAACT,13,5017199
yjbJ_predicted,13.0,12,0,TTTGTGAAACGGCTTATACC,12,5010779
yjbJ_predicted,13.0,12,0,TCTCTAATGAGTCCAGGCAT,12,4998711
yjbJ_predicted,13.0,12,0,GGGATCGCTTATGACGAGAC,12,5025251
yjbJ_predicted,12.0,11,0,TCTACGACGTGCTCGGGTAA,11,5026598
yjbJ_predicted,12.0,11,0,GGAGGTAGCCGGTCAATTGT,11,5012327
yjbJ_predicted,12.0,11,0,GCGCGAAGTTTTACGGTTCG,11,5020762
yjbJ_predicted,12.0,11,0,CTCCAGCGGCCAGAGCGAGG,11,5014408
yjbJ_predicted,12.0,11,0,AGCCCATCAAATTCTCGCAT,11,5031259
yjbJ_predicted,11.0,10,0,GGCTACTTGAGGCTTAAGGA,10,5000394
yjbJ_predicted,11.0,10,0,GGCCTGTGGCTAATGGCGTT,10,4999257
yjbJ_predicted,11.0,10,0,GGCACTACAACCGATGCCAA,10,4998311
yjbJ_predicted,11.0,10,0,GCTCAAGCTTTACTCGATCA,10,5013522
yjbJ_predicted,11.0,10,0,CTAAGCTGTCGGATGAAGTA,10,5011993
yjbJ_predicted,10.0,9,0,TTTTGTACATTGGAATTGAA,9,4999969
yjbJ_predicted,10.0,9,0,TCAATTCGCCACTATTAACC,9,4996120
yjbJ_predicted,10.0,9,0,GTTTTGTGTTCTTAAGGGCG,9,5002659
yjbJ_predicted,10.0,9,0,CTGTGCGCTTCCCTATCATT,9,4994981
yjbJ_predicted,10.0,9,0,CGCGTGACCACGTCGACAAC,9,5000080
yjbJ_predicted,10.0,9,0,AGGTCTCCTCCAAAGCCTCT,9,5026357
yjbJ_predicted,10.0,9,0,AGACGCCTAATTATGTTTCG,9,5017215
yjbJ_predicted,10.0,9,0,AAATCCGTATCAATTCATCA,9,5010559
yjbJ_predicted,9.0,8,0,TATCCACCAGCGTATTCGAC,8,5004081
yjbJ_predicted,9.0,8,0,CCGGATGTCGAAACATGCTC,8,5020385
yjbJ_predicted,9.0,8,0,ATAGACATGACGTCTAAAAC,8,4997227
yjbJ_predicted,8.0,7,0,TTTTCAGGTTCGCATCCTCA,7,4999661
yjbJ_predicted,8.0,7,0,CTTCGGGTCCAATTCTGCGC,7,5003629
yjbJ_predicted,8.0,7,0,CGGTCGAAAATCTCCTTGTG,7,5027920
yjbJ_predicted,8.0,7,0,ATACACCTAATTAGGAATAT,7,5016910
yjbJ_predicted,7.0,6,0,TTGAAAGCCCGACGTTTAGA,6,5015919
yjbJ_predicted,7.0,6,0,GTTGTTTAGCGGCCGGGGGA,6,5021306
yjbJ_predicted,7.0,6,0,GCAATAAACGTGGATTCCGA,6,5003265
yjbJ_predicted,7.0,6,0,GACGGCGCTCGCCCAGCAGT,6,5016084
yjbJ_predicted,6.0,5,0,TGGTTTGTACCTCGATCTGC,5,5006300
yjbJ_predicted,6.0,5,0,GCACCCCTGCTGCTCCAGTT,5,5021622
yjbJ_predicted,6.0,5,0,GACAGCTTCATCTCGTCGCG,5,4998529
yjbJ_predicted,6.0,5,0,CTTTAGTGCGCAGGGAGCAA,5,5023540
yjbJ_predicted,6.0,5,0,ATGAGTCACGGGGACCTCTA,5,5026295
yjbJ_predicted,6.0,5,0,ACGATACCGAGCGCTACAAG,5,5006904
yjbJ_predicted,5.0,4,0,TTGTTCTGCTGGCGCTGATT,4,5022846
yjbJ_predicted,5.0,4,0,TTCCCGTATGTACTATGCTT,4,5023733
yjbJ_predicted,5.0,4,0,GCTTTGCCTGTCCCGTTTGC,4,5022997
yjbJ_predicted,5.0,4,0,CTCACTAGCAAGTAGCCCCC,4,4997175
yjbJ_predicted,5.0,4,0,CGCGACATATCTGTCCACAC,4,5014310
yjbJ_predicted,4.0,3,0,CCCCCAACGTGGCTGGGCTC,3,5025264
yjbJ_predicted,3.0,2,0,TATGGTCTAGAGAGTGTTGA,2,5019821
yjbJ_predicted,3.0,2,0,GAACTTCGAGTGTAAAACAA,2,5008026
yjbJ_predicted,3.0,2,0,CTCAGCCTAAATCAGTGCGT,2,5007988
yjbJ_predicted,3.0,2,0,CTACCCAGGTATGATTTAGA,2,5027320
yjbJ_predicted,3.0,2,0,CGTACAGGGTCTTGATCCAA,2,4999076
yjbJ_predicted,3.0,2,0,CGGGGCAAAGCGACACGCCT,2,5012189
yjbJ_predicted,3.0,2,0,AGCTAATTAGAGTGGTCATC,2,5003496
yjbJ_predicted,2.0,1,0,TGGGGCGCCTATTTATAACG,1,5017488
yjbJ_predicted,2.0,1,0,TGGATAAATCAAATCCGTTA,1,4997888
yjbJ_predicted,2.0,1,0,TGAGCAAATCCGTTGACAGA,1,5011556
yjbJ_predicted,2.0,1,0,TCACTAACATCGCGATCAGA,1,5005660
yjbJ_predicted,2.0,1,0,TAATTCTGCACTTAAATCAT,1,4997935
yjbJ_predicted,2.0,1,0,TAAACAGGGTAGGCTTCACA,1,5004225
yjbJ_predicted,2.0,1,0,GTTATGCACACGTTGAATAG,1,5022631
yjbJ_predicted,2.0,1,0,GTGTTCGAAGCGGAAGACAC,1,5029565
yjbJ_predicted,2.0,1,0,GTAGCATATTTGGCGTTTAG,1,4999908
yjbJ_predicted,2.0,1,0,GGGCGCTCCTGGTTGGCCTG,1,5018405
yjbJ_predicted,2.0,1,0,GAAACAGCGTGTTTGCGAGT,1,5019048
yjbJ_predicted,2.0,1,0,CATATCCAAAGTGGTACAGT,1,5028403
yjbJ_predicted,2.0,1,0,ATCCTTTTTTCGGAGGGACC,1,5004831
yjbJ_predicted,2.0,1,0,AGGTGACGATGTTGTACACC,1,5025511
yjbJ_predicted,2.0,1,0,ACTGAACGAACACATCTACA,1,5013159
yjbJ_predicted,2.0,1,0,AACCCAGATAAGCTGATTAA,1,5008896
