name,relative_counts,ct,ct_0,barcode,ct_1,barcode_ind
crpp1,3.6052631578947367,348,75,TCGATTGTTCGCTTGACCCG,273,712695
crpp1,0.046875,65,63,TGCGGACTAACACTTGCTCA,2,713282
crpp1,5.262295081967213,380,60,TCGTAATGTTTCGGTGATGA,320,716873
crpp1,4.466666666666667,326,59,GCCCCCGTCGAAGTCCCGCT,267,717235
crpp1,0.04081632653061224,49,48,CAGCGTACGGCGAGCGTTGA,1,715160
crpp1,0.0625,49,47,TTACCTGTGAATCAGGCTTA,2,713571
crpp1,0.041666666666666664,48,47,GGTGTCCCGCGTCGGACTCT,1,712498
crpp1,10.170212765957446,523,46,GCCCAATTCGGTGTCAGGTC,477,717715
crpp1,0.043478260869565216,46,45,TTGCTCTATGGACAACTAAT,1,714859
crpp1,3.111111111111111,183,44,TTCATAGTCATTCACCCATG,139,714334
crpp1,5.622222222222222,296,44,GGAATAGAATACAATACCAA,252,712491
crpp1,0.044444444444444446,45,44,CCCGTGTGTCGGCCCGTTGA,1,712946
crpp1,6.886363636363637,345,43,TGATTAGAGAACGGGGACCA,302,716235
crpp1,0.045454545454545456,44,43,AGAGTAGCGTTACGCCAAGA,1,714566
crpp1,5.813953488372093,291,42,TTGCAACCTAGCAAATAATA,249,713354
crpp1,0.046511627906976744,43,42,TGCGTAAGCACTTCGTGATA,1,714564
crpp1,0.046511627906976744,43,42,CAGTCCCGACATTCACGCAA,1,712895
crpp1,0.046511627906976744,43,42,CAAGAGACCAGAAGCCACGT,1,717374
crpp1,0.047619047619047616,42,41,GACGCAGTGCTGGCTGATTG,1,715239
crpp1,2.731707317073171,151,40,TAACGTAATGCATTAATTCG,111,712832
crpp1,6.0,285,40,GAACTTGTCGATCGGGAATA,245,721301
crpp1,0.05,40,39,TTAAATGGTATGTTTCCCCA,1,712821
crpp1,17.475,737,39,TCGTTTGATTTCAGAATGAT,698,712906
crpp1,0.05128205128205128,39,38,TCGTCACAACCCTCATGGTT,1,712640
crpp1,7.0,310,38,GGGCCATGGACACCCCACCT,272,719833
crpp1,0.05128205128205128,39,38,GCCATTTATCGCGGCACGGT,1,713807
crpp1,0.07692307692307693,40,38,GCATGACCTTGACAGTTACT,2,719238
crpp1,0.05128205128205128,39,38,CGCGCCAAAGGTTTCCCCGG,1,718806
crpp1,15.078947368421053,609,37,TGATGCAGGCGTCCTGATTT,572,713291
crpp1,5.0,226,37,TACTGTACCGCGATATCTGT,189,715130
crpp1,0.05263157894736842,38,37,GGTTTTCAACGTTCCACCCT,1,714523
crpp1,4.105263157894737,192,37,GGCGCGGATCGCCAGAAATT,155,713538
crpp1,6.888888888888889,282,35,GTCTGAGAACGGTTTTGAGA,247,720822
crpp1,0.05555555555555555,36,35,GAGTCATCCATCGCTAATGG,1,712717
crpp1,8.333333333333334,334,35,CTTGATAATGGAAAGTCAGT,299,714249
crpp1,0.05555555555555555,36,35,AGTAAGCCGAAGATCTGACT,1,712529
crpp1,6.944444444444445,284,35,ACCCGGGCACTTCTTGCACA,249,717234
crpp1,0.05555555555555555,36,35,AAACCGAGTCATGAATGTGC,1,721263
crpp1,0.05714285714285714,35,34,TGTGGATATCTGTGCGAAGT,1,720743
crpp1,0.05714285714285714,35,34,GCCATTACCTCTCTCATGGG,1,718531
crpp1,5.4411764705882355,217,33,GGTCGCAGCGTACGCCTAGG,184,715696
crpp1,0.08823529411764706,35,33,CAGGCCACACAACCTTACAA,2,714299
crpp1,7.96969696969697,294,32,TTAACGGTGAGTTGCGAAAC,262,713102
crpp1,0.06060606060606061,33,32,AAGAACGGTCTAACGTGGGT,1,713214
crpp1,8.6875,308,31,CCGGGTATTAACAACGATTA,277,718687
crpp1,0.06451612903225806,31,30,GGGATTTACGCACCAAACCT,1,719665
crpp1,9.225806451612904,315,30,GCGAACGGGTTCAGATCTGC,285,717097
crpp1,0.06451612903225806,31,30,CTGGAGAGCTATAACAACGT,1,717014
crpp1,0.06451612903225806,31,30,CAGGTGCTCTTTAACAGTAC,1,716053
crpp1,8.3,277,29,TCTCCCCGATTATCAGTAAC,248,720213
crpp1,0.06666666666666667,30,29,TAGACCCTAGCCCACTCTTT,1,720591
crpp1,30.2,934,29,GTGTATAGTCAGTGGGCTAA,905,717225
crpp1,0.06666666666666667,30,29,AGGCCCGACAGTCGCGGTGC,1,712896
crpp1,5.666666666666667,198,29,ACCATACAGAGCAGGGGGGC,169,720601
crpp1,0.06896551724137931,29,28,GCTTGGCCGAGACACGCATT,1,714175
crpp1,0.06896551724137931,29,28,CACGGGGTAGGCACCACCTT,1,721049
crpp1,0.10344827586206896,30,28,ACCTTGTAACTGGATACCTT,2,716337
crpp1,0.14285714285714285,30,27,TCGTTATCTACAATTCCGAA,3,713257
crpp1,0.07142857142857142,28,27,GGGGGAGATCCACGACAGCA,1,716896
crpp1,0.07142857142857142,28,27,GGAGAGTATCCTCGAACATT,1,714460
crpp1,3.5714285714285716,126,27,ACGCCTCTTTCAGTTATACT,99,719366
crpp1,0.07142857142857142,28,27,AATTTGAAACATACGCTTTG,1,720710
crpp1,0.1111111111111111,28,26,TGACAATAAAGTGCTATTTT,2,712687
crpp1,5.518518518518518,174,26,GATTAAGGATGTGACTGGAA,148,715316
crpp1,10.88888888888889,319,26,CACGAAGTCCTCGAGAGCTA,293,714329
crpp1,0.07692307692307693,26,25,GGGGTCTGTGGTGAAGAATC,1,712979
crpp1,0.7307692307692307,43,25,CGTTCTGCGTCACCTGCAAC,18,720769
crpp1,10.346153846153847,293,25,CGTACAATGCTTCCGTTCAG,268,720183
crpp1,0.07692307692307693,26,25,CGGGTGTAGCGTACCGAACA,1,719623
crpp1,10.26923076923077,291,25,CGCCCACCCGAGGCGCAACA,266,717154
crpp1,0.07692307692307693,26,25,CGCAACGGTAACCCCGGGCT,1,712890
crpp1,11.48,310,24,TTAACAAACGTCCACGAGCA,286,713497
crpp1,9.52,261,24,GGTTAAGCTCCAACTATTGT,237,719632
crpp1,0.08,25,24,GGTGACAGAGGGCTACAACG,1,715578
crpp1,10.6,288,24,ATGAAATATCTTATCAGCTA,264,716099
crpp1,0.125,25,23,GTATTTGCATAAAGAGTGAT,2,721364
crpp1,0.08333333333333333,24,23,GGCGCGGCTCCACACTTTGT,1,712932
crpp1,0.08333333333333333,24,23,CCATACTGAGCATAAGACAC,1,713339
crpp1,0.08333333333333333,24,23,AATTAGTTGGGGAAACGAGA,1,715069
crpp1,13.08695652173913,322,22,TGATATTTCTCCGGCAACGT,300,714442
crpp1,0.13043478260869565,24,22,TCTGCCCAGCGTGACTCTTA,2,717043
crpp1,0.08695652173913043,23,22,CACGCAAGTGCTCACTTCGT,1,714349
crpp1,12.91304347826087,318,22,ACTCGCAGTATGCGATCAGA,296,719141
crpp1,0.08695652173913043,23,22,ACACACGCCTAGCCATCGAT,1,716074
crpp1,0.09090909090909091,22,21,TTCCGGTAAAATCCATGCAG,1,721116
crpp1,26.136363636363637,595,21,TCGAGATGAACCTGTATCTC,574,716861
crpp1,0.09090909090909091,22,21,GTAACTACGTAGGCGGCGAC,1,717929
crpp1,0.09090909090909091,22,21,GCGCACCTCTCGTCCGCTCC,1,712776
crpp1,12.045454545454545,285,21,ATTTAGTTTTCTGGGAATCT,264,717942
crpp1,0.09090909090909091,22,21,ATATTGCGGCACCCACCCAA,1,712710
crpp1,18.90909090909091,436,21,AGTCCCCCCCAATTAGAGCT,415,717763
crpp1,10.454545454545455,250,21,AGGGCGACATACTGGTTTAA,229,715798
crpp1,12.523809523809524,282,20,CCCAGTGGCGGTGCCAGATA,262,721511
crpp1,26.80952380952381,582,20,CCATGGTCATTATGCCATCT,562,715744
crpp1,14.666666666666666,327,20,AGCGTCGGTTGATCCTTGTG,307,717226
crpp1,0.09523809523809523,21,20,AGACTCTGACGTTCGCGGCA,1,717934
crpp1,0.09523809523809523,21,20,ACCGCTTGTACCCGAAGCAA,1,720859
crpp1,0.1,20,19,TTGTCTGAACGTCTTGAGAG,1,719096
crpp1,48.25,983,19,GTATGCATGGTTTAGAGGGG,964,715952
crpp1,7.052631578947368,151,18,CTTTTAACCCTTGCCACAGG,133,714951
crpp1,0.10526315789473684,19,18,CGTGTCACTTATCGGCAAAG,1,717843
crpp1,15.052631578947368,303,18,CGCCCACTTGGTTTGTGTCA,285,715595
crpp1,0.15789473684210525,20,18,CCCCCAATAGTAGGATCGGT,2,721179
crpp1,26.526315789473685,521,18,CATTGCACGGGAATCCTAGC,503,715913
crpp1,0.10526315789473684,19,18,CAATGGAGGATTCGTGTGTC,1,719191
crpp1,0.1111111111111111,18,17,TTCATTCACGCGTATAAATA,1,714161
crpp1,0.16666666666666666,19,17,GTTGTTTCGCCGAACGTAGT,2,718860
crpp1,0.1111111111111111,18,17,GTGGGGAATGTACGAATTAG,1,716284
crpp1,0.1111111111111111,18,17,GCGAAGCAAAGGTAGGGCCT,1,714622
crpp1,0.1111111111111111,18,17,GACCAAGTAGGGTTAGGCAA,1,714251
crpp1,16.666666666666668,316,17,GAAGAGCGCTAATATGATGT,299,720112
crpp1,0.1111111111111111,18,17,CTAAGGGACTCATTGATTCG,1,713652
crpp1,0.1111111111111111,18,17,CGGGGTGGCCGGTATCTTAG,1,713880
crpp1,0.1111111111111111,18,17,ATATAATCGCCTGACAAAGT,1,717092
crpp1,0.11764705882352941,17,16,TTCCAATAATATGGTGGACA,1,713159
crpp1,0.29411764705882354,20,16,GTGCCATGAGACGGTAGTGG,4,712460
crpp1,0.11764705882352941,17,16,GCTGATGCGCTCGAGCCCGT,1,719955
crpp1,15.235294117647058,274,16,CTGCTCTAGTCGTCTGGCAT,258,714773
crpp1,0.11764705882352941,17,16,CACCGATGAACTTACCTCGC,1,718287
crpp1,18.0,321,16,AGATTGCCCGAGATCGCGAT,305,715429
crpp1,16.9375,285,15,TGGGTTTATTTCAACTCTCG,270,719298
crpp1,0.125,16,15,TGCGTTTTTGTGGCTAAGTC,1,716178
crpp1,18.5,310,15,TACGACACCTATCACCACTC,295,719993
crpp1,0.125,16,15,GGGCGAGGCCGCTGTGGTAT,1,719241
crpp1,0.125,16,15,GGCGTAACATTGCATCTTTT,1,714188
crpp1,0.125,16,15,CGGTTGTCGCAGCACTTTTA,1,712499
crpp1,0.125,16,15,CCACTATCGCCGGCTATAAT,1,715709
crpp1,0.375,20,15,ATCCTAGTGGCCTAGACAAC,5,712796
crpp1,15.8,250,14,TTTCTACGTCGGTCTTTCCG,236,713126
crpp1,15.333333333333334,243,14,TTACTTATTTATATGAACGT,229,716125
crpp1,0.13333333333333333,15,14,TGTCATACCCCGCAGGTCCA,1,714675
crpp1,0.13333333333333333,15,14,TGGGTTCATTCGAATGCGCC,1,718101
crpp1,28.666666666666668,443,14,TCCCATCACGGTGGAATAAG,429,713586
crpp1,17.533333333333335,276,14,TATGTAAGATTCACAGAAGA,262,715392
crpp1,38.86666666666667,596,14,GAGAACGCGAATGTAAAACT,582,715235
crpp1,0.13333333333333333,15,14,GAATCGATCCTTTGAACCTT,1,717546
crpp1,20.866666666666667,326,14,GAACTTGAACTCAATTCCAG,312,719480
crpp1,0.2,16,14,CTGAAACTAGCCACGCTTTA,2,713449
crpp1,16.2,256,14,ATCGTTAAAGGACTACACAT,242,719596
crpp1,0.13333333333333333,15,14,ACGCTTCGGATAACTACGAC,1,717462
crpp1,0.14285714285714285,14,13,TTTGGTGCGATTCACTAGGC,1,721149
crpp1,0.14285714285714285,14,13,TTCTCTTCTCAGTGTCATAT,1,719210
crpp1,0.14285714285714285,14,13,GTTCTCGCAAATTAAAATTT,1,716914
crpp1,0.14285714285714285,14,13,GCGGCGCACCTGGAAAGCTC,1,713064
crpp1,0.14285714285714285,14,13,GATAAACTACCGGAGGCGGA,1,717071
crpp1,0.14285714285714285,14,13,CTACTAATTAGAGTTTGTAC,1,719835
crpp1,18.857142857142858,276,13,CGAATGATCCAATCCCTCGC,263,717146
crpp1,0.35714285714285715,17,13,CGAATATGTCGGTCTCGCGA,4,714973
crpp1,26.0,376,13,ATATACAGCCAGACAGCCGT,363,716221
crpp1,0.14285714285714285,14,13,AATGCGGGGCTTGCTGTCAG,1,720590
crpp1,0.15384615384615385,13,12,TTTATACGTACATAAAAGAA,1,716521
crpp1,0.15384615384615385,13,12,TTCATCTGTAATTCCCTCTA,1,720377
crpp1,14.846153846153847,204,12,GTGCTTACCGCCCTATAAAC,192,712737
crpp1,0.15384615384615385,13,12,CGCAGATCGAGCCGAGCGCT,1,713258
crpp1,0.15384615384615385,13,12,CGACTAGAGAACGGTTCTCC,1,721733
crpp1,24.23076923076923,326,12,ACACGCGTTCGCGGGGTTGC,314,715113
crpp1,0.16666666666666666,12,11,TGTCAAACTTTCACCGACAT,1,714428
crpp1,20.166666666666668,252,11,TATTTGGTGGACATATTTTA,241,717965
crpp1,0.16666666666666666,12,11,GTCGGTCGGGCACATAATCG,1,717161
crpp1,0.16666666666666666,12,11,GGGAATTCCTGGCTTCAGAC,1,718957
crpp1,0.16666666666666666,12,11,CCGTGATGAGGGTGATTCGA,1,715033
crpp1,0.16666666666666666,12,11,ACTGACCCGTGCGGGTTCTA,1,712591
crpp1,0.25,13,11,ACATTAACAGTACGGGGGCA,2,714273
crpp1,0.18181818181818182,11,10,TGTAACATAACGCTTTAAAA,1,717852
crpp1,0.18181818181818182,11,10,TCTGAAACGATAAATTAGAA,1,721492
crpp1,16.727272727272727,193,10,TACTCCCACCACCCTTCTGT,183,721786
crpp1,0.18181818181818182,11,10,GTTTAGCCGTCCCTCATGCT,1,713522
crpp1,0.18181818181818182,11,10,GGGGCCTTTCAAACCTAAGG,1,714814
crpp1,0.18181818181818182,11,10,GAGAAGTCCCGATCTACGCT,1,715040
crpp1,24.727272727272727,281,10,CTGTATGGTAGGGATTGTGA,271,717382
crpp1,0.18181818181818182,11,10,CCCTTCGAGGACTTCGTTGA,1,720539
crpp1,0.18181818181818182,11,10,CCAAAGTAACCTCGTGGCCC,1,721577
crpp1,26.09090909090909,296,10,ATTTGATAAAACTTATTAAA,286,716892
crpp1,0.18181818181818182,11,10,AGGTTCATATGGACTTGCAA,1,717687
crpp1,0.18181818181818182,11,10,ACGCTAGGTGGCCCTTATGA,1,713616
crpp1,0.2727272727272727,12,10,AACCCACATTAGGATACTTA,2,713762
crpp1,33.3,341,9,TTGCGATCGGGCGAGTTGCT,332,717422
crpp1,0.2,10,9,TGGGGCCAGAGCAGTAAGCT,1,719492
crpp1,0.2,10,9,TGCGCTGAGGATGCACTTTC,1,712919
crpp1,0.2,10,9,TGAGGGAGCTATCACCTGCA,1,720101
crpp1,0.3,11,9,TGACTCTGCTTTCGGGCAAA,2,712685
crpp1,0.2,10,9,TATCTTAAGATACACTTTAG,1,714082
crpp1,20.4,212,9,TACATACATGATGTCTACCC,203,714889
crpp1,25.5,263,9,GTTTACGTTCTCCACACAGT,254,714999
crpp1,30.9,317,9,GTGCTGTGGGGACATCAAAT,308,719132
crpp1,0.2,10,9,GTCTATAAATTCAGGAGACC,1,717237
crpp1,0.2,10,9,GGCCCTTGTAGGAACAGGTC,1,720196
crpp1,24.8,256,9,GGATTCTATATATACTCAAG,247,716698
crpp1,13.4,142,9,GCGAAAGCGTCTTTCTCATC,133,715248
crpp1,27.5,283,9,CTTAAAAGGGGCAGATCGGT,274,719394
crpp1,26.7,275,9,CGAGGTACCTCGGTGCCTTT,266,714463
crpp1,0.2,10,9,CGAATCAGAACTGTCTGGTA,1,712870
crpp1,30.3,311,9,ATCATGCAACTAGAGTTGGA,302,720425
crpp1,0.2,10,9,ATAGTACGAGGAGTCCGCGG,1,718980
crpp1,30.8,316,9,ATAGACACCTTTGTGGTCTC,307,720883
crpp1,0.2,10,9,AGGCAAGGGCAAAGAGATTG,1,720543
crpp1,0.2,10,9,AGGACCCTCAGGGATCACCT,1,715916
crpp1,0.2,10,9,ACCTAGTAGCCTAACCCTCA,1,714308
crpp1,0.2,10,9,AATAATGAGGGTCACCTATA,1,716522
crpp1,0.2222222222222222,9,8,TTTGGTAGGTGACAGCGATT,1,720175
crpp1,28.22222222222222,261,8,TTGTGATGTGCCGGCGGCGG,253,713629
crpp1,30.666666666666668,283,8,TGAGACAGGCCACACCCGGG,275,715256
crpp1,33.0,304,8,TGACCCCTACTGTATCGCTC,296,719813
crpp1,0.2222222222222222,9,8,TAGCGTTCGTCCTACAGTAG,1,717262
crpp1,0.2222222222222222,9,8,GTATCCAAGCATTAGCCTAA,1,717752
crpp1,0.3333333333333333,10,8,GGTAATCCAATGAGCAGCGG,2,720739
crpp1,25.444444444444443,236,8,GGCTTTCTAGTGCCAGACCG,228,712868
crpp1,33.333333333333336,307,8,GCTTATGAGAACAAACGCAG,299,719269
crpp1,0.2222222222222222,9,8,GCGCTCACAAATATTCAAGC,1,717887
crpp1,12.222222222222221,117,8,GCACTGGTGGCAGTGTCATG,109,713852
crpp1,32.55555555555556,300,8,GATCACGTCTTGTTCTTAAA,292,713894
crpp1,31.333333333333332,289,8,GAGTCGTTAGTGCTGGACCT,281,720111
crpp1,0.2222222222222222,9,8,CTTAAAATAATATTTGCGAG,1,718929
crpp1,42.111111111111114,386,8,CTCCGCATCCACACAGGAGA,378,721729
crpp1,25.666666666666668,238,8,CACGTCTAAAAACGGGCCCA,230,714452
crpp1,32.666666666666664,301,8,ATTTGGTGGTAGACGTTAAT,293,715001
crpp1,0.2222222222222222,9,8,ACAGGGTCGGGTCACAAGTG,1,715100
crpp1,0.3333333333333333,10,8,AATTCAACCAACTGCCCATC,2,720568
crpp1,0.25,8,7,TTTGCGTATCGCGGGCAGAT,1,713744
crpp1,54.375,441,7,TTTCTCATAGATAGCTGCGG,434,715915
crpp1,0.25,8,7,TTCGACGCGTTTACTAAACT,1,717304
crpp1,0.25,8,7,TGCTGGGTCAACCCACGCTC,1,717870
crpp1,0.25,8,7,TGCCTCGCCGTCCACCTCCG,1,715720
crpp1,33.25,272,7,TCAGTCACGCGTGGGTCTGC,265,712784
crpp1,0.375,9,7,TACTGGTACATTGATACAAT,2,720756
crpp1,30.25,248,7,GTGCTTGCGGCCACCATAGT,241,717841
crpp1,0.25,8,7,GGGAGGGTAACACACACCTT,1,718341
crpp1,0.25,8,7,GCCTTAACGGAAAAAAACTA,1,717817
crpp1,0.25,8,7,GATGCTTGAGGAGTTACTTT,1,715250
crpp1,38.375,313,7,CTGTGTTAGTTATCAGCAAT,306,721626
crpp1,0.25,8,7,CTCCCTGAGGGGCGGCTTCT,1,717553
crpp1,31.5,258,7,CGGAGCAAGTACGGTGAAGT,251,719192
crpp1,16.375,137,7,AACGGGTGTGTGTGTGAGGC,130,714206
crpp1,0.7142857142857143,10,6,TTTTGTTCCTTCGTTATACA,4,716907
crpp1,0.2857142857142857,7,6,TTGTCATCCGCGGCGAGGGG,1,720723
crpp1,0.2857142857142857,7,6,TGCTAAGCGTAGTCGGTGAT,1,715101
crpp1,0.2857142857142857,7,6,CGATCGCAAAGGCTGGCTTA,1,717365
crpp1,47.0,334,6,CCGGTGCCCATCCCTTGGGA,328,715417
crpp1,0.2857142857142857,7,6,CATTAGCCTAATACTAGCAA,1,718292
crpp1,0.2857142857142857,7,6,ATTATCTGGATTATTTAATA,1,718357
crpp1,0.2857142857142857,7,6,AGCGTGGCTAGTTACGAAGC,1,714071
crpp1,37.142857142857146,265,6,ACTACAGTGGTTTTAAGTAC,259,716709
crpp1,32.42857142857143,232,6,AATACATAAGTCAGGTGCGA,226,713112
crpp1,0.3333333333333333,6,5,TTTACCCTCACGGAAGGGCT,1,720976
crpp1,0.3333333333333333,6,5,TTGTAGCGCTCGCGGCGGGG,1,720477
crpp1,44.5,271,5,TGTAGCGTATACCACTTGGG,266,721529
crpp1,0.3333333333333333,6,5,TCTCGGTTTTTCTCTCACCC,1,712872
crpp1,48.666666666666664,296,5,TCGGGCTCGTGCCTCATGAG,291,720384
crpp1,0.3333333333333333,6,5,TCCTAATCATGCCGACGCAA,1,721720
crpp1,46.833333333333336,285,5,TCAAGGAGATGGTAGAGGTG,280,720316
crpp1,36.666666666666664,224,5,GTTGGTCAAGGCACTAACTT,219,715380
crpp1,0.3333333333333333,6,5,GTCCCCGGTCCGTCGTACGT,1,716449
crpp1,15.5,97,5,GTACCATCTAGCAACGCATG,92,712939
crpp1,0.3333333333333333,6,5,GCGTGATCAAGATAGGGGTC,1,716033
crpp1,49.5,301,5,CCGTGGGACGCCTTACAGAA,296,719164
crpp1,0.3333333333333333,6,5,CCACCGCTCTGGCATTCGTG,1,719533
crpp1,0.3333333333333333,6,5,CATAGCACTCCCACTAATTT,1,719945
crpp1,46.666666666666664,284,5,CAAGACTAGAAGTAGTAGGA,279,719729
crpp1,52.666666666666664,320,5,ATGTGACGGTACGGACACAT,315,716938
crpp1,39.666666666666664,242,5,ATAGGTGTATCTGCGCGGAT,237,720216
crpp1,0.3333333333333333,6,5,ATAAGCCGCTGTTTAATTTT,1,713544
crpp1,43.833333333333336,267,5,AGAGGGCGACTATTGTCTAT,262,716241
crpp1,0.3333333333333333,6,5,AATTTATCATTTAACTGGCA,1,716264
crpp1,0.4,5,4,TGACACTGCGTGTTACTGCT,1,717615
crpp1,0.4,5,4,TCGGACGCATATCTCGTAAA,1,719991
crpp1,53.6,271,4,GTATGAGGTATGCCGTATGG,267,719720
crpp1,0.4,5,4,GGTCATCTCAGTGTAAACCC,1,719894
crpp1,0.4,5,4,GGCACAAACCGTCATGACAC,1,716255
crpp1,0.4,5,4,GCTTACGCGTTGCATTATGA,1,713504
crpp1,0.6,6,4,CTGTGCCCCTGCTGAACAGT,2,718234
crpp1,0.4,5,4,CGTCAGCCCGTGGAGCTATC,1,716691
crpp1,0.4,5,4,CGCGTTAGGTTATGGTCGGG,1,719730
crpp1,0.4,5,4,CCCTTGGTAGGGGGCCGTTA,1,720104
crpp1,0.4,5,4,ATGAGAGTTTACAGCATGGT,1,719639
crpp1,48.0,243,4,AGCTCCCTACACCCATTGAG,239,713153
crpp1,0.5,4,3,TTTTTCATGGGCGGGGTCAC,1,721642
crpp1,0.5,4,3,TTTTCGGACAATAGAAGTGC,1,721314
crpp1,0.5,4,3,TTGGTACATCATCATATGGA,1,720881
crpp1,0.5,4,3,TTAAGCGCTCCCAACTACTG,1,717263
crpp1,142.75,573,3,TGATAACCTGATTCCTTCAT,570,720709
crpp1,80.75,325,3,CGGCCTGGCGGAGTGTGGGT,322,719309
crpp1,63.75,257,3,CCCTTTGGGAGCATTAGTTG,254,717016
crpp1,0.5,4,3,CACTTCACAGGCGCGGATTA,1,717070
crpp1,0.75,5,3,ATGGTGAACTGGGGGCATTG,2,712477
crpp1,0.5,4,3,AGGGTCTGGTATGGGCTACC,1,716157
crpp1,66.5,268,3,ACTATCCTCTTTACTCAGTG,265,720636
crpp1,1.0,6,3,AATTCCCGCGGACAGTTGTT,3,715799
crpp1,77.0,232,2,TGTTGGAGCTGGGAATATGG,230,719107
crpp1,0.6666666666666666,3,2,TATGCTTCGTACGCTGATAG,1,712492
crpp1,0.6666666666666666,3,2,GTCCGAATAAGTAGAGACTC,1,712953
crpp1,0.6666666666666666,3,2,GTCAAAGCCTGTGCCTTTGC,1,717283
crpp1,89.0,268,2,GGTCAAGTAGCCCTGACTTA,266,716378
crpp1,73.66666666666667,222,2,GGTATGCGAATGAAGCGGCT,220,717911
crpp1,93.0,280,2,GGCGTCTAGTGGATGGGAGA,278,721709
crpp1,0.6666666666666666,3,2,CGTGCATAATGGCTAATGGT,1,716322
crpp1,83.66666666666667,252,2,CCCGTAATGTGATGAAATAT,250,716601
crpp1,0.6666666666666666,3,2,ATGTGTCACCAGGCCCTAGG,1,718267
crpp1,0.6666666666666666,3,2,ACTCTTAATAAAAAGAAAAT,1,719572
crpp1,31.5,63,1,TTCGATTTCATGCGGTCTAA,62,717037
crpp1,130.0,260,1,TGTTTGTTATTCTAGCGCAG,259,717001
crpp1,1.0,2,1,TACTAGGCACTCTCCTGGTA,1,714608
crpp1,1.5,3,1,GGGATCGCTTATCGACGACA,2,716180
crpp1,1.0,2,1,CCTTTGAGTGCTACTGACCC,1,719299
crpp1,1.0,2,1,CCGAGATGGCCTGGATACCG,1,713105
crpp1,1.0,2,1,CCAAAGGCTTAAGGTAACAG,1,721019
crpp1,1.0,2,1,ATGATAGGTACAATCGCGGT,1,715917
crpp1,1.0,2,1,AGCGCGGCAACGTCTGCGCC,1,712679
crpp1,1.0,2,1,ACCTATTCGGTAAGCCCAGG,1,714937
crpp1,145.0,290,1,AAGTTTCGATTGATGAATTT,289,720890
crpp1,159.0,318,1,AAACGCCACTCTTACAAGTA,317,721125
crpp1,0.008547008547008548,116,116,GCAGCCGCAACGTCGGCAGT,0,712455
crpp1,0.011764705882352941,84,84,GCAACCAGGACCTATGCGTG,0,712769
crpp1,0.012345679012345678,80,80,GAACTAACCTCACGTCCGAT,0,718518
crpp1,0.013157894736842105,75,75,GTTTCGAAGATCAGCGGACT,0,713701
crpp1,0.013333333333333334,74,74,GGATTAGTACATTATGGCTT,0,716952
crpp1,0.014084507042253521,70,70,GCAAGTCACTCGTGGATTGT,0,715751
crpp1,0.014084507042253521,70,70,AGTTGGGCACATTAAGGGTT,0,717121
crpp1,0.014705882352941176,67,67,GGTCGTAGTACGTTCATCAT,0,717995
crpp1,0.015625,63,63,GTTTAACGCGTCGTGGACTA,0,714235
crpp1,0.015625,63,63,CTTAGTTCGTGTCGCTGGAT,0,713410
crpp1,0.01639344262295082,60,60,CGAGTGCTTGTGTGCGTTTA,0,715547
crpp1,0.01639344262295082,60,60,ACGATATGGTGTTCTCCGCA,0,714244
crpp1,0.016666666666666666,59,59,GGCTTTGACGTCCATGGCGA,0,713602
crpp1,0.016666666666666666,59,59,CGTTCGTGGGTACTTCGCGT,0,715340
crpp1,0.016666666666666666,59,59,CACAGATACCTGGACCCGGT,0,714905
crpp1,0.017241379310344827,57,57,CTTTTGTTACCAGGATACGA,0,713585
crpp1,0.017543859649122806,56,56,ATTAAAGCCGGTACGTTCGT,0,714295
crpp1,0.017857142857142856,55,55,AGAGTGTGTTCGTTACTTGC,0,713303
crpp1,0.01818181818181818,54,54,AACCGTGATGCGCACGAATG,0,716778
crpp1,0.018518518518518517,53,53,CTGTCGATACATACACGGTT,0,713392
crpp1,0.019230769230769232,51,51,TCGGTGGAAGTTAAACCTGA,0,716171
crpp1,0.019230769230769232,51,51,GCGGGGAGTGCCCGAGAGAG,0,712666
crpp1,0.0196078431372549,50,50,CCTACACAGCATATTCGGAA,0,713511
crpp1,0.0196078431372549,50,50,CCGCGGGGGCGCCAGGGTCT,0,713236
crpp1,0.02,49,49,CATTTCTATAGTATCATCAC,0,712566
crpp1,0.02040816326530612,48,48,TGCAGAATCTGCCCGGGAGT,0,713398
crpp1,0.02040816326530612,48,48,GTGCAGCTAGATGCATACCA,0,714718
crpp1,0.02040816326530612,48,48,CTAGTTTCGGGCTGTGATTA,0,712689
crpp1,0.02040816326530612,48,48,CGCAGTCCCGATCCTTTCTA,0,717390
crpp1,0.02040816326530612,48,48,CACGTTTAGGGAGAAACCGA,0,712576
crpp1,0.02040816326530612,48,48,AATAAGCAGTAGGGAAGGTA,0,715171
crpp1,0.020833333333333332,47,47,TTTGGCATACGACGGGTCCT,0,714193
crpp1,0.020833333333333332,47,47,TGCCGGGGTTCGCCCAACGT,0,717454
crpp1,0.02127659574468085,46,46,TGTCATGCACGATGCAACGG,0,713243
crpp1,0.02127659574468085,46,46,AGTCCATCCTAGGCCTCGGA,0,715780
crpp1,0.021739130434782608,45,45,CCGCTGTAGATTACCAGCCA,0,713976
crpp1,0.021739130434782608,45,45,ATTTGAGGTAATACACAGCT,0,719436
crpp1,0.022222222222222223,44,44,GACAGGAGTACAGCTGGGGT,0,717680
crpp1,0.022727272727272728,43,43,CTCCTGCATTTGGAGCACAT,0,715937
crpp1,0.022727272727272728,43,43,AGACGACGGTGTCTTTCAAG,0,714847
crpp1,0.023255813953488372,42,42,ACGTGTCAAAAATGATAGGG,0,717494
crpp1,0.023255813953488372,42,42,ACGCCCCTCGTATCACGTCT,0,713187
crpp1,0.023809523809523808,41,41,TCCTGGTGAGGTGTTCATTA,0,713777
crpp1,0.023809523809523808,41,41,CGGGAATTGTAATCATAGAT,0,717424
crpp1,0.023809523809523808,41,41,ATTGCGAGCTGCACACTGGC,0,713991
crpp1,0.023809523809523808,41,41,AGGGGAGTATGTGCAATTTT,0,713827
crpp1,0.024390243902439025,40,40,TCTTCGAATCCTTCGATCTT,0,721554
crpp1,0.024390243902439025,40,40,GTCCCTTTCGCATGGGCGCA,0,712973
crpp1,0.025,39,39,TGCCAGTGGCTTCGCCCAAT,0,721667
crpp1,0.025,39,39,GTTGTGTTTACCAGTTAATG,0,713401
crpp1,0.025,39,39,CTTAGTAAAGAACATGACGT,0,715830
crpp1,0.025,39,39,CGCGTAATCGTCAGAGTGCT,0,715673
crpp1,0.02564102564102564,38,38,GATAGTAAGTCTAGGCAGCT,0,718124
crpp1,0.02564102564102564,38,38,CGATTCATTTATGCAGCTTG,0,718307
crpp1,0.02564102564102564,38,38,CACCATATTGGAGTATCGTC,0,712952
crpp1,0.02631578947368421,37,37,TCGCGAAAGAACACGGTTGT,0,715398
crpp1,0.02631578947368421,37,37,TCCGAGTGGTTAACATAGGC,0,713026
crpp1,0.02631578947368421,37,37,GGCCCTCTTCAGATCGAGCA,0,715234
crpp1,0.02631578947368421,37,37,GCAGTGGAGATGGCATTCCT,0,720263
crpp1,0.02631578947368421,37,37,ATCGGGAGCTATCCACGCGA,0,715531
crpp1,0.02631578947368421,37,37,AGCGGTATAAATGGTCTGGA,0,713046
crpp1,0.02702702702702703,36,36,GCCGGCCGGTGGAAAGCCAT,0,720091
crpp1,0.02702702702702703,36,36,CCTGAGGACGGCTCGACGCC,0,715219
crpp1,0.02702702702702703,36,36,CCGGCGACGTATATATTTTA,0,714989
crpp1,0.02702702702702703,36,36,CCATATCATGAACTAGCTTA,0,720081
crpp1,0.02702702702702703,36,36,ATACGCGTTTCACTTCTCGG,0,713908
crpp1,0.02702702702702703,36,36,ACAGTTATGCGAACTCAGCT,0,715324
crpp1,0.02702702702702703,36,36,AAGGAGTTAGTAGCCGTCTC,0,717310
crpp1,0.02702702702702703,36,36,AAGCGACCACTCCCGCCAAA,0,715854
crpp1,0.027777777777777776,35,35,GGCTTCCGATCTGTGGGCCA,0,717941
crpp1,0.027777777777777776,35,35,CCCCGCTAACATGCCACCCA,0,714794
crpp1,0.027777777777777776,35,35,AGCTAGCCGCAATCTCGCCA,0,718709
crpp1,0.027777777777777776,35,35,AACTTCCCTCGAGTCCGGTA,0,718190
crpp1,0.02857142857142857,34,34,TCTTATACATAAAAAGTTAA,0,712787
crpp1,0.02857142857142857,34,34,TAGGCTACTGCTGTATGGCT,0,713802
crpp1,0.02857142857142857,34,34,CCGCGGTATAGCAGCAGGGA,0,713983
crpp1,0.02857142857142857,34,34,AAGCATGAAACCTACCACGA,0,714366
crpp1,0.029411764705882353,33,33,TGCGAAGAGCGTTGCGTAGG,0,719491
crpp1,0.029411764705882353,33,33,TATGGACAGCTCTAGAGTAG,0,712810
crpp1,0.029411764705882353,33,33,GCGTTGCAGTGTGGTTTCCT,0,717827
crpp1,0.029411764705882353,33,33,GCCCCATATGACGCAACATG,0,720987
crpp1,0.029411764705882353,33,33,CCCTAATGGGGGGACGAGGT,0,716368
crpp1,0.029411764705882353,33,33,CCCTAAGCCTGGCAGAAAGA,0,716085
crpp1,0.029411764705882353,33,33,ACCTTACTCAGACGTGCTAT,0,715905
crpp1,0.029411764705882353,33,33,ACCGCCACAGCTATAGGCCA,0,716000
crpp1,0.030303030303030304,32,32,TGCAACCCGCCGGCTTTTTG,0,719888
crpp1,0.030303030303030304,32,32,GTCGCAGTGCGATTGGGTTT,0,715129
crpp1,0.030303030303030304,32,32,GGATTGTGTGAACGGAGGAC,0,713610
crpp1,0.030303030303030304,32,32,AGGCTAGAGCGCATCGAAAC,0,713678
crpp1,0.030303030303030304,32,32,AGATGCGCCACAGAATGGCA,0,717656
crpp1,0.03125,31,31,TGCGGACCTATCGGGTTGGT,0,712820
crpp1,0.03125,31,31,GAGACACTGCTTGGTCCTGT,0,713717
crpp1,0.03125,31,31,CAGGTGAGCGCCGGGCCATA,0,712745
crpp1,0.03125,31,31,ATAACTTCATGTTCCTTATT,0,716828
crpp1,0.03125,31,31,AGACGACTGGGATCACTCCT,0,715936
crpp1,0.03225806451612903,30,30,TTGCCTTCTCCAGTCTTTGC,0,712645
crpp1,0.03225806451612903,30,30,TGGCATAACAGTTTGCACAT,0,720847
crpp1,0.03225806451612903,30,30,GTTGCAGTTTCTCGCCGAAA,0,714178
crpp1,0.03225806451612903,30,30,GCGCTTTGCGTGAACGGTAA,0,718213
crpp1,0.03225806451612903,30,30,CGTTAACAGTATAGCCGAGT,0,719923
crpp1,0.03225806451612903,30,30,CGTAAAATCGGTCCGTTTAT,0,715755
crpp1,0.03225806451612903,30,30,CGCCCCGTGCCGGAGATAAG,0,712475
crpp1,0.03225806451612903,30,30,CATGATTGGACCCGAATCGT,0,721806
crpp1,0.03225806451612903,30,30,CAGCCTTGATTTCGTATAAG,0,714159
crpp1,0.03225806451612903,30,30,CAAAAGTCTTGCCTAGCACT,0,712616
crpp1,0.03225806451612903,30,30,AGCTAATCGAGGTCACAGCT,0,716516
crpp1,0.03225806451612903,30,30,AACCCCGGGTTAGGCAATGT,0,714238
crpp1,0.03333333333333333,29,29,TTTCCCAGGACCTGCCGCGG,0,717249
crpp1,0.03333333333333333,29,29,TCTTCCCCTATCAAGACCGT,0,721110
crpp1,0.03333333333333333,29,29,CTCTAGAGGCAGGGCGTAGA,0,714506
crpp1,0.03333333333333333,29,29,AGTCGGCCGTCATATAAGTC,0,716615
crpp1,0.03333333333333333,29,29,ACCGTGTGACCTCATGATGG,0,719910
crpp1,0.03333333333333333,29,29,AAGAACCGCGGCATTCGAAC,0,717632
crpp1,0.034482758620689655,28,28,TTCGGGAGGGAGCTGGATGG,0,713302
crpp1,0.034482758620689655,28,28,GTAGCCCGTAAGATTCACGA,0,713968
crpp1,0.034482758620689655,28,28,CGGCTGGGTTTGCCCGAGAG,0,712464
crpp1,0.034482758620689655,28,28,CAATAAGTAAGGTTGCCAGA,0,715896
crpp1,0.034482758620689655,28,28,CAAGTCGGTCAATTTGCGTA,0,712635
crpp1,0.034482758620689655,28,28,CAACAATGTATTGGGGGGCA,0,716328
crpp1,0.034482758620689655,28,28,ACGTCAAGTCTGCATGCGTT,0,721603
crpp1,0.03571428571428571,27,27,TCCTCTAAAAAGAAGCAAAT,0,715977
crpp1,0.03571428571428571,27,27,TACCAATTTGAACTGTGCAT,0,714060
crpp1,0.03571428571428571,27,27,TAATACGGCTGCCACCGTCG,0,717297
crpp1,0.03571428571428571,27,27,GTGAAGGACAAATTCATTAC,0,717385
crpp1,0.03571428571428571,27,27,GGGATTGCGTATTTCGGGAG,0,713038
crpp1,0.03571428571428571,27,27,GGATGCAATCTAACTAATCT,0,713456
crpp1,0.03571428571428571,27,27,GGATGAGCCAGCAACTTAAG,0,715662
crpp1,0.03571428571428571,27,27,GAGGCCTAATTCCTTAAGTT,0,719219
crpp1,0.03571428571428571,27,27,CTCGAGATGTAAACACGTCT,0,714722
crpp1,0.03571428571428571,27,27,CGGCTCTTGGCAACGCATTG,0,713918
crpp1,0.03571428571428571,27,27,CGGAGCTGACGCGATGTTTT,0,714274
crpp1,0.03571428571428571,27,27,ATTTGTCCCTCGGCCAAGGT,0,715382
crpp1,0.03571428571428571,27,27,AGAGTGACATTCAACGGTGT,0,713049
crpp1,0.037037037037037035,26,26,TTTTGGAGTAGAGGTCATAT,0,720172
crpp1,0.037037037037037035,26,26,TGCATGCAATGATGGATCGT,0,718340
crpp1,0.037037037037037035,26,26,CGGGTAGACGAGCTGCGCGG,0,713196
crpp1,0.037037037037037035,26,26,CCTTAATCACTACGATCTTC,0,714697
crpp1,0.037037037037037035,26,26,CCTGGCTCGACAAGGGAAAT,0,720993
crpp1,0.037037037037037035,26,26,CCACACGGGGTTAACACTTC,0,716014
crpp1,0.037037037037037035,26,26,ATCGAGATATCGCAGATTCC,0,712457
crpp1,0.037037037037037035,26,26,ATCCCTAGAGTTGTCTATCC,0,715064
crpp1,0.037037037037037035,26,26,AGCTAGCAGGCCCACGGGAG,0,714447
crpp1,0.037037037037037035,26,26,ACAAGAGAGTTTAACTTCTC,0,713146
crpp1,0.037037037037037035,26,26,AAAACAATGACATTGTAGTG,0,714467
crpp1,0.038461538461538464,25,25,TTTCGTCTGCTAACTATACG,0,714450
crpp1,0.038461538461538464,25,25,TTCTCGACCCCAATAGACAC,0,718067
crpp1,0.038461538461538464,25,25,TTAGATACGCGCGCATGGGG,0,719690
crpp1,0.038461538461538464,25,25,TGTTTTCCTTCAACGAACTG,0,712858
crpp1,0.038461538461538464,25,25,TGGAAGACGATAGCCAGTGT,0,719580
crpp1,0.038461538461538464,25,25,TAGCGATCTTCTTTCCGATG,0,718893
crpp1,0.038461538461538464,25,25,GTTCCGCACGAGCTGTCAGG,0,715635
crpp1,0.038461538461538464,25,25,GGTCTGTCACAAGACTGGCT,0,713662
crpp1,0.038461538461538464,25,25,GCATGTGTTATATAGCGAAG,0,712704
crpp1,0.038461538461538464,25,25,GATATATGGGCTTATCGAAC,0,713600
crpp1,0.038461538461538464,25,25,CTACACCGTGTCATGTGCGG,0,713224
crpp1,0.038461538461538464,25,25,CGTCGACGGACAAAATGGAA,0,714554
crpp1,0.038461538461538464,25,25,CGGGGGACTTAGGTCAGCAG,0,713183
crpp1,0.038461538461538464,25,25,CCCTGTATCTGGGGGAATCT,0,713664
crpp1,0.038461538461538464,25,25,CAGATGGGTGGTAATGTCGT,0,719974
crpp1,0.038461538461538464,25,25,ATCAATCCTGTCAGGAACAG,0,719354
crpp1,0.038461538461538464,25,25,AGTGACCAGACGGACGTATT,0,718376
crpp1,0.038461538461538464,25,25,AGTCCCCACTGATCACAGAC,0,715514
crpp1,0.038461538461538464,25,25,ACTCGAGATGGTTCGCACTA,0,718372
crpp1,0.038461538461538464,25,25,ACCACTTGGTTTATAAGACA,0,714869
crpp1,0.038461538461538464,25,25,ACATTTCTATGCGCATGTTG,0,714066
crpp1,0.04,24,24,TTTTCTTACACTGTATTCAC,0,715890
crpp1,0.04,24,24,TGTTGCGTGCGGACTCATAT,0,715747
crpp1,0.04,24,24,TGGAATTTCAGCGGCTTCAT,0,712975
crpp1,0.04,24,24,TGGAACGGTAAAATCCGCGT,0,717041
crpp1,0.04,24,24,TATCCTGAGTTGTAGCCGAA,0,714024
crpp1,0.04,24,24,TAGGGCACCTAGTTCACCAC,0,713759
crpp1,0.04,24,24,GTGACTGCTCCCGTGAGTAC,0,718154
crpp1,0.04,24,24,GTCGTCCACGTTATTGTAAT,0,720186
crpp1,0.04,24,24,GCTAGAATAGCCCGGCTGAG,0,718411
crpp1,0.04,24,24,GCGTACTCAGTAAATTCGAG,0,719410
crpp1,0.04,24,24,GCGCTGCACCGCCGGACTAT,0,712657
crpp1,0.04,24,24,GCCGGAAGACCCTTGGGCTG,0,717588
crpp1,0.04,24,24,GAATAAATTCAACGTTATCA,0,716494
crpp1,0.04,24,24,CCTGCTTAAGCGTAGATTGC,0,719950
crpp1,0.04,24,24,CCTGAACTGGCTTCTGGTCA,0,714729
crpp1,0.04,24,24,CCGGGGATCAAGTATCTGTG,0,714348
crpp1,0.04,24,24,CCCATCGTGGGATTAAATTG,0,716009
crpp1,0.04,24,24,CATCCCACGGGGACCAGAGT,0,719149
crpp1,0.04,24,24,CAGCATACCGGTCACACGAC,0,716761
crpp1,0.04,24,24,CACACGAATATGGGGATGAC,0,720061
crpp1,0.04,24,24,CACAAGCCTCCGCATGAGGT,0,713930
crpp1,0.04,24,24,ACGGATAGGATGTAGTTGCT,0,712733
crpp1,0.04,24,24,ACGCGCAAATTACGACATTA,0,719751
crpp1,0.041666666666666664,23,23,TTGAGGCAGCCACTCCCTAC,0,715371
crpp1,0.041666666666666664,23,23,TGTTAATGGCATCCAACCGT,0,717138
crpp1,0.041666666666666664,23,23,TGGTAGCGAAGACCTTTATC,0,713840
crpp1,0.041666666666666664,23,23,TGCGAAACAGAGTGTTAGGT,0,720108
crpp1,0.041666666666666664,23,23,TGAAGATTTGTCGTTATGTG,0,721470
crpp1,0.041666666666666664,23,23,TCGATAGTATTCAGCCGGAG,0,716958
crpp1,0.041666666666666664,23,23,TCCGTATTTGGATGTATCAG,0,716590
crpp1,0.041666666666666664,23,23,TCCGAGTATGGAGTGTTCTA,0,715870
crpp1,0.041666666666666664,23,23,TAGAGGGTCGCAAATGGATC,0,717882
crpp1,0.041666666666666664,23,23,GTCGTGATCAAATTTCCAGG,0,714544
crpp1,0.041666666666666664,23,23,GGGTACTTTTCTGGAGCCGA,0,715502
crpp1,0.041666666666666664,23,23,GGGATGGAACTAACAACCCA,0,713592
crpp1,0.041666666666666664,23,23,GCTCATCTGCAAATCTGTAA,0,713679
crpp1,0.041666666666666664,23,23,GCCTATTGGGGGAAAGGGTG,0,712840
crpp1,0.041666666666666664,23,23,GCATTTCGGTCTAGAAATGG,0,713473
crpp1,0.041666666666666664,23,23,GCAGTTCATGTGACTGAACA,0,712852
crpp1,0.041666666666666664,23,23,GAGCGTGTCCTAACTCCAGA,0,720049
crpp1,0.041666666666666664,23,23,GAAACAAACGCGCGCAGACA,0,720954
crpp1,0.041666666666666664,23,23,CGACTGTCTCCATGTGAAAA,0,712917
crpp1,0.041666666666666664,23,23,CATCTTATTGTAGACTGTTA,0,714746
crpp1,0.041666666666666664,23,23,AGCGCCCTTAAAATGGTTGA,0,713826
crpp1,0.041666666666666664,23,23,ACGTCAACATTGAAATAGGT,0,718727
crpp1,0.041666666666666664,23,23,AATCTTCGCGAGGCGAGGAA,0,716880
crpp1,0.041666666666666664,23,23,AAGGAACACCGCACGACGAC,0,718212
crpp1,0.041666666666666664,23,23,AAGCCGTTGTAATCTGATAA,0,715296
crpp1,0.041666666666666664,23,23,AAACTCAAATATTAAAGCGA,0,715546
crpp1,0.043478260869565216,22,22,TTTTAAATTTGGACTGGGAC,0,718755
crpp1,0.043478260869565216,22,22,TTCGCTCGTTGGTTTCGAGT,0,719646
crpp1,0.043478260869565216,22,22,TTCCTGAGCCCGGGGGTGAT,0,714908
crpp1,0.043478260869565216,22,22,TGTACTAACATTAGCCTCAT,0,714778
crpp1,0.043478260869565216,22,22,TCTGCGCGTGAGAGTGTACT,0,712515
crpp1,0.043478260869565216,22,22,TCTACGGTCGGCGATAGTAA,0,712484
crpp1,0.043478260869565216,22,22,TCCGGGGTGTTTGTCAATCG,0,718558
crpp1,0.043478260869565216,22,22,GTCCTGATCTTTTTCGAAAT,0,718130
crpp1,0.043478260869565216,22,22,GGTAACAAGGTGCGCCTAGC,0,714520
crpp1,0.043478260869565216,22,22,GGGTGAGCCTGGGGCTTCTA,0,720326
crpp1,0.043478260869565216,22,22,GCTATAGCAATCGTCCCGTA,0,720079
crpp1,0.043478260869565216,22,22,GCGTTCTATTGATAGCTGTA,0,720265
crpp1,0.043478260869565216,22,22,GCAGGTAAAGAGGATAGTAA,0,713660
crpp1,0.043478260869565216,22,22,GACCTTCACTAAACGTCCCC,0,716708
crpp1,0.043478260869565216,22,22,GAACACAGGAAAAGCAGCAA,0,715238
crpp1,0.043478260869565216,22,22,CTTCTATGTCCTTGCTAATA,0,717718
crpp1,0.043478260869565216,22,22,CTATCACTTGCGCCAAGCCA,0,713786
crpp1,0.043478260869565216,22,22,CGTAATAGTTCAACCGCAAC,0,713574
crpp1,0.043478260869565216,22,22,CGGATGACCAGTATGCAGAT,0,719736
crpp1,0.043478260869565216,22,22,CCTTTGAGAGCAACCAGCCG,0,714368
crpp1,0.043478260869565216,22,22,CCTGCTAGCCGGGCCTCGAA,0,714896
crpp1,0.043478260869565216,22,22,CCGGGACTACGCTTGTTGCG,0,720691
crpp1,0.043478260869565216,22,22,CAGGTGGCGATCTTCGACAA,0,719088
crpp1,0.043478260869565216,22,22,CACGACGACCTCCGGAAGGA,0,714582
crpp1,0.043478260869565216,22,22,ATTCATCCATCGGACTTCAT,0,714735
crpp1,0.043478260869565216,22,22,AGCGTGCTCCCGGCAGTCCT,0,714548
crpp1,0.043478260869565216,22,22,AGAGAAGTGGCCGCGGAGCA,0,716572
crpp1,0.043478260869565216,22,22,ACTTTTGTTACGGGTTAAGA,0,715698
crpp1,0.043478260869565216,22,22,ACTCTCGGCGGCGGCCAGCG,0,717949
crpp1,0.043478260869565216,22,22,ACAGCTGATGGTCGTGGATA,0,713783
crpp1,0.043478260869565216,22,22,AACAGCAGCTATTGCTCATA,0,720513
crpp1,0.043478260869565216,22,22,AAAGCCCGCATCGGGCCGGA,0,712750
crpp1,0.045454545454545456,21,21,TTCTTTTGGTAAGAGTAAAG,0,714245
crpp1,0.045454545454545456,21,21,TGGGAAGTAAATTTACAGTT,0,715082
crpp1,0.045454545454545456,21,21,TAAGTCATAGAGCCGTTGCC,0,717033
crpp1,0.045454545454545456,21,21,TAACCCATTAATCGGGAGGT,0,713825
crpp1,0.045454545454545456,21,21,GGTAGTGTTTGATAGGTTGT,0,712748
crpp1,0.045454545454545456,21,21,GCCGGGGGCTCAGCACGGCC,0,712940
crpp1,0.045454545454545456,21,21,GCAAGTGCCCATACCGACAT,0,716168
crpp1,0.045454545454545456,21,21,GCAAGAGTTACGCGGGGACG,0,719458
crpp1,0.045454545454545456,21,21,GAACGACTAATGGCAGCGAT,0,713653
crpp1,0.045454545454545456,21,21,CTTACGCACGCTCTCAACCA,0,713442
crpp1,0.045454545454545456,21,21,CGGTGAAGTAGACTCTGCCA,0,716762
crpp1,0.045454545454545456,21,21,CGCCGGTGACTCCTAAAATA,0,716795
crpp1,0.045454545454545456,21,21,CGCACTAGCCCGTGGAGCTC,0,719144
crpp1,0.045454545454545456,21,21,CCCTAATGGGTCGGATCACT,0,713040
crpp1,0.045454545454545456,21,21,CATTCAAAATTGAGGTATGA,0,715065
crpp1,0.045454545454545456,21,21,CAACTGCCGCCACGGCCTCA,0,717127
crpp1,0.045454545454545456,21,21,AGATCGATAAATCAAATGCT,0,713512
crpp1,0.045454545454545456,21,21,ACGCACTGCTAGATTAAAAC,0,715519
crpp1,0.045454545454545456,21,21,ACCGCTTGAGTGTACATTTT,0,714123
crpp1,0.045454545454545456,21,21,AAACTATCCAGTGGCCTTCA,0,715686
crpp1,0.047619047619047616,20,20,TTTTACTGGAATTCAGCACT,0,720288
crpp1,0.047619047619047616,20,20,TTGCCGTTCATTCTGAGGAG,0,719370
crpp1,0.047619047619047616,20,20,TTGATGCCTGCCTATACCCT,0,713962
crpp1,0.047619047619047616,20,20,TGCGTGTAGCCATGGACAAG,0,714396
crpp1,0.047619047619047616,20,20,TGATTTCTGTTTAATGACAC,0,714855
crpp1,0.047619047619047616,20,20,TGATCTGTTCAACTTGATGA,0,713743
crpp1,0.047619047619047616,20,20,TCCAGGGTGCGCGGGGCATA,0,720737
crpp1,0.047619047619047616,20,20,TATTCGGGTCTCTACCTATT,0,715246
crpp1,0.047619047619047616,20,20,TACGCAGATCGACATTATAG,0,712549
crpp1,0.047619047619047616,20,20,GATTGTCCAATTATCGCGTC,0,718765
crpp1,0.047619047619047616,20,20,GAGACGTCACTGCGAATCTC,0,719508
crpp1,0.047619047619047616,20,20,CTGTTACCATTTATCGCTTT,0,715041
crpp1,0.047619047619047616,20,20,CTACCGTTGGCCAAGTTCTT,0,717717
crpp1,0.047619047619047616,20,20,CTAAGGGGTGCCAAACAGGG,0,715478
crpp1,0.047619047619047616,20,20,CGGTTATCGTGTTAGGTCTT,0,713671
crpp1,0.047619047619047616,20,20,CGGAGTAACAGGTTCCGAGA,0,712781
crpp1,0.047619047619047616,20,20,CCGCGTACCAGGTAGCTGTA,0,716537
crpp1,0.047619047619047616,20,20,CATCGCCCGCGCACGCTCAC,0,713898
crpp1,0.047619047619047616,20,20,CATCACCGAAAAGCTAATAT,0,718035
crpp1,0.047619047619047616,20,20,CAAGCACAACCTGCATCGAA,0,719802
crpp1,0.047619047619047616,20,20,ATCGTGATCTTCCTTCTAGC,0,712830
crpp1,0.047619047619047616,20,20,ATAATAGTATGTTTGCTTTT,0,712918
crpp1,0.047619047619047616,20,20,AGGTTGGAAGCAACTAGGCA,0,713525
crpp1,0.047619047619047616,20,20,ACTAAGGGTTTAGGGTTCAC,0,720027
crpp1,0.047619047619047616,20,20,ACTAAATTGCGTAAAGCACA,0,720025
crpp1,0.047619047619047616,20,20,AAAGGCGGGTTGATCTCTGA,0,714624
crpp1,0.05,19,19,TTGTCTATTGTAGTATGGTG,0,719975
crpp1,0.05,19,19,TGTCATATACTTTTATAACT,0,713515
crpp1,0.05,19,19,TGGGGACTGTTGCTGGGTGT,0,712608
crpp1,0.05,19,19,TGCCCGGTTGGTGTCAATCT,0,714503
crpp1,0.05,19,19,TCAATGTACCTCAGAGGGAT,0,717608
crpp1,0.05,19,19,TAGCTCGTGTATGTGTGGTG,0,714754
crpp1,0.05,19,19,TACATTGACACATGTCTTTC,0,718459
crpp1,0.05,19,19,GTGGCGGATGGCCATCCCTA,0,716447
crpp1,0.05,19,19,GTCCAAAAGGAGGCCAGAAA,0,714391
crpp1,0.05,19,19,GGCCGTGGTGCACCACGTCC,0,714383
crpp1,0.05,19,19,GCGCGCGATTAAAAGCAATA,0,716481
crpp1,0.05,19,19,GCCGAGCCTAAAATTAGTAC,0,719208
crpp1,0.05,19,19,GACCAAGGCTTAGGGGGATG,0,721075
crpp1,0.05,19,19,GAACACGTGTCTGAGAGTGG,0,714263
crpp1,0.05,19,19,GAAAGATTACGCTTCTGGAT,0,712912
crpp1,0.05,19,19,CGTGACTCTGTGGCTGACGA,0,719337
crpp1,0.05,19,19,CGTATCGAAAGTTGGTTCTT,0,717815
crpp1,0.05,19,19,CGATCTGGTTCAAGAGCAGT,0,717469
crpp1,0.05,19,19,CGATCCTTTAACAATTGAGC,0,717094
crpp1,0.05,19,19,CGATCCGGAGGAGCGGCTTG,0,720062
crpp1,0.05,19,19,CGAATGACGTCTGCGTCGTT,0,719523
crpp1,0.05,19,19,CGAATACCTTACGGTTCTCG,0,718217
crpp1,0.05,19,19,CGAAGCTGTTGAGACTGCCT,0,713677
crpp1,0.05,19,19,CGAACAGGTTGGGCAATACA,0,714469
crpp1,0.05,19,19,ATCCCCACATAATGAGCAGG,0,715448
crpp1,0.05,19,19,AGGCTACGCTGCGAGGCGTA,0,712562
crpp1,0.05,19,19,AAGTATCGCAAGGACCGCGT,0,714376
crpp1,0.05263157894736842,18,18,TTGGAAGATCAGACCGGAAG,0,719842
crpp1,0.05263157894736842,18,18,TTGATCGTTGAGGTGATTCT,0,715150
crpp1,0.05263157894736842,18,18,TTCTCCGCTCTCCCCGTGAT,0,714994
crpp1,0.05263157894736842,18,18,TCCTAGCCGGTGCCGAGTCC,0,719346
crpp1,0.05263157894736842,18,18,TCCGGAAAGCCGAACGTTAA,0,715401
crpp1,0.05263157894736842,18,18,TCAACTGGACAGCCCTCGTC,0,719521
crpp1,0.05263157894736842,18,18,TATCCAACCTTAATCCGGAT,0,713909
crpp1,0.05263157894736842,18,18,TATAGAACGAAATAAGCATG,0,713225
crpp1,0.05263157894736842,18,18,TACAGGTGGGGAAGAACCGT,0,717856
crpp1,0.05263157894736842,18,18,GTTTTCCTTAATGCTATGCC,0,715809
crpp1,0.05263157894736842,18,18,GTTGCGGCCTATGGGACTCT,0,715628
crpp1,0.05263157894736842,18,18,GTTGCCGACCCTGTCATGGT,0,717311
crpp1,0.05263157894736842,18,18,GTTCGACTCGCCGTGCCTTT,0,713708
crpp1,0.05263157894736842,18,18,GGCGTGCAATGTCAAGAATA,0,714975
crpp1,0.05263157894736842,18,18,GGCAAGATCCAAATGAGGGT,0,714724
crpp1,0.05263157894736842,18,18,GATCTGCCTTATCTATAGGC,0,714017
crpp1,0.05263157894736842,18,18,GAGCTTTCACCTATGCCGCA,0,717318
crpp1,0.05263157894736842,18,18,GAATCCTCACTAAGTTTCGA,0,714758
crpp1,0.05263157894736842,18,18,CTTTCCCATCGTCGTGCCGC,0,715332
crpp1,0.05263157894736842,18,18,CTTGCCGCAGAACATATGAT,0,714177
crpp1,0.05263157894736842,18,18,CGGCTGGGAAAGCTTGAGAC,0,715713
crpp1,0.05263157894736842,18,18,CGGATGGGGCTCCCTAAGGT,0,713938
crpp1,0.05263157894736842,18,18,CGGAAGCCTGAGTTTGATAA,0,716134
crpp1,0.05263157894736842,18,18,CCTTATCACCGCATCCGCAA,0,715718
crpp1,0.05263157894736842,18,18,CATAAAATTCGGGGAAGCCC,0,718259
crpp1,0.05263157894736842,18,18,ATGTTTGGGTCCCTTGCCCC,0,716623
crpp1,0.05263157894736842,18,18,AACTCCGTTCCCGGGACATC,0,715837
crpp1,0.05555555555555555,17,17,TTTTTAATTACTTGTGTCCA,0,714196
crpp1,0.05555555555555555,17,17,TTTCAAAGTGCGGCCCACAG,0,717562
crpp1,0.05555555555555555,17,17,TTCTCGCATCCAAGTATTCT,0,718927
crpp1,0.05555555555555555,17,17,TGCGAACATAGTATTCCGGC,0,714333
crpp1,0.05555555555555555,17,17,TGCACTCGTTACTAACCTCT,0,720008
crpp1,0.05555555555555555,17,17,TCGTATGGATTCGGGGCAAT,0,715350
crpp1,0.05555555555555555,17,17,TATCCATAGATGCCACGCTT,0,715781
crpp1,0.05555555555555555,17,17,TATACAATAGAGTAGGAAGT,0,717640
crpp1,0.05555555555555555,17,17,TAGACACATCCTGAAAGCTC,0,718959
crpp1,0.05555555555555555,17,17,TACTTCTGTTGGCTTTAGCT,0,718674
crpp1,0.05555555555555555,17,17,TACGGTATGACAGCATGGAA,0,716329
crpp1,0.05555555555555555,17,17,TACCGGTTTCACGCGACCTT,0,713946
crpp1,0.05555555555555555,17,17,TAATTAGTTCTCGAGGTATA,0,712560
crpp1,0.05555555555555555,17,17,GTTGCACCATTTTTAAAGTT,0,715557
crpp1,0.05555555555555555,17,17,GTGGTTTCGATATAGCGTGT,0,716391
crpp1,0.05555555555555555,17,17,GTCGTCAGTTCATGTGCTAC,0,712609
crpp1,0.05555555555555555,17,17,GTAAACGACCTTGGTGGTGA,0,712754
crpp1,0.05555555555555555,17,17,GGCAACGGACCTCTGCATAA,0,718656
crpp1,0.05555555555555555,17,17,GGAGTTCAAAACTGAAAGAT,0,716529
crpp1,0.05555555555555555,17,17,GGAGCGCACGCGAGCCATGC,0,721105
crpp1,0.05555555555555555,17,17,GCTCGCGTACCGCAATTAAA,0,716064
crpp1,0.05555555555555555,17,17,GCGACTAGCCACAGTCAGGT,0,716899
crpp1,0.05555555555555555,17,17,GCCGCAGAACACCATTTAGT,0,720080
crpp1,0.05555555555555555,17,17,GCATTGTAGATTACGCCGTT,0,714142
crpp1,0.05555555555555555,17,17,GAGCTCTCCCGGTCTGGAAA,0,716776
crpp1,0.05555555555555555,17,17,GAAGACCTAAACGCCATATG,0,714919
crpp1,0.05555555555555555,17,17,CTTACGTCCGAGCCATAGGC,0,719697
crpp1,0.05555555555555555,17,17,CTTACATACGCGGTTAATGT,0,714339
crpp1,0.05555555555555555,17,17,CTCCAGCCGCTCGAATGGCT,0,717976
crpp1,0.05555555555555555,17,17,CTCAGTCTACAGGATAACTC,0,713888
crpp1,0.05555555555555555,17,17,CGTTTCCACGGGAACCAGGA,0,713837
crpp1,0.05555555555555555,17,17,CGCCGGGTGGGAATACTGGT,0,715604
crpp1,0.05555555555555555,17,17,CGATCCCACTCCAAATTTGT,0,715938
crpp1,0.05555555555555555,17,17,CCTGGCTTCCAGTTCTGTCA,0,720323
crpp1,0.05555555555555555,17,17,CCTACACCGTGGAGTAATCT,0,714237
crpp1,0.05555555555555555,17,17,CATTGAGCCTGCACCTCGTT,0,720896
crpp1,0.05555555555555555,17,17,CATTAGGGTGGGGATACATA,0,712521
crpp1,0.05555555555555555,17,17,CATCAATATGTCAGCACCAC,0,712479
crpp1,0.05555555555555555,17,17,CAGCCACTTCCTGAAAGTTT,0,720460
crpp1,0.05555555555555555,17,17,AGTGTTGTTTTTGCGGGCCT,0,718317
crpp1,0.05555555555555555,17,17,AGTAGGGAATGTATCTATGC,0,714717
crpp1,0.05555555555555555,17,17,AGCGCCAAAGTGGTCTAGGG,0,718170
crpp1,0.05555555555555555,17,17,ACAGGGGGTGAACCGCGGTG,0,716042
crpp1,0.05555555555555555,17,17,AATACGTTACGGTGTATTCT,0,720610
crpp1,0.058823529411764705,16,16,TTTGTACCTCGCCAATCAAA,0,712770
crpp1,0.058823529411764705,16,16,TTGGCGCGATAGGGCGTGAT,0,714699
crpp1,0.058823529411764705,16,16,TTCCCGCTGGTAGAGGACCG,0,717652
crpp1,0.058823529411764705,16,16,TGTAGGGGGCAGTGTGGTTG,0,721012
crpp1,0.058823529411764705,16,16,TGACTGCGGTCCGGAAGTTC,0,713173
crpp1,0.058823529411764705,16,16,TCGCATAGATACACAAAAAA,0,716104
crpp1,0.058823529411764705,16,16,TCGATTTTGAGACTGGGGTT,0,718766
crpp1,0.058823529411764705,16,16,TCCTCTTGCCACGTTGCACA,0,717693
crpp1,0.058823529411764705,16,16,TCAATAATTAGGTACGCCTG,0,715140
crpp1,0.058823529411764705,16,16,TATTGTATCATGTGTGCTTT,0,716317
crpp1,0.058823529411764705,16,16,TACGGACAGGTACGGCTTGT,0,715110
crpp1,0.058823529411764705,16,16,TAAGAGTCCATCCGGAGCTC,0,716782
crpp1,0.058823529411764705,16,16,TAACCTCTAGGAAGCATAGC,0,716839
crpp1,0.058823529411764705,16,16,GTTAGAAGGGAACGTTCAGT,0,713680
crpp1,0.058823529411764705,16,16,GTATGGCAAGGGTTTGTGTA,0,713380
crpp1,0.058823529411764705,16,16,GCTGAAGACCGTTGCGATCA,0,717713
crpp1,0.058823529411764705,16,16,GCCCCAGAAGTGACGAATTC,0,713526
crpp1,0.058823529411764705,16,16,GACCGAGGAGCCGTGCAACA,0,716668
crpp1,0.058823529411764705,16,16,CTTTTCAAGGAAATTGGTCT,0,715218
crpp1,0.058823529411764705,16,16,CTGTTCGCTCCTTCGTGGTA,0,718807
crpp1,0.058823529411764705,16,16,CTGGAAAGGAACGATATTTT,0,712967
crpp1,0.058823529411764705,16,16,CTCGTTCGCTTCGGGCGGGA,0,716366
crpp1,0.058823529411764705,16,16,CTCACGTGTCGTTTTCGGTT,0,721281
crpp1,0.058823529411764705,16,16,CGCTGGGACTTTGGTGGAAT,0,716257
crpp1,0.058823529411764705,16,16,CGATCTGGCGCTGGACGAGA,0,712806
crpp1,0.058823529411764705,16,16,CCGGGCAGGACCAATTAGAT,0,717528
crpp1,0.058823529411764705,16,16,CCCATAAGGCCGGCTTAAAC,0,712580
crpp1,0.058823529411764705,16,16,CCCAGTCGAGGGCATATCCC,0,716026
crpp1,0.058823529411764705,16,16,CATATCAGAGCGGCGAAGGA,0,717291
crpp1,0.058823529411764705,16,16,CAAGTTTTTGGTAAATTCCA,0,716508
crpp1,0.058823529411764705,16,16,ATTCTGATCGTAACACTAAA,0,718987
crpp1,0.058823529411764705,16,16,AGGCCTACGGGTTTTTCTCC,0,714026
crpp1,0.058823529411764705,16,16,AGGAATTGCTCGCCTTCGCG,0,719741
crpp1,0.058823529411764705,16,16,AGAGCACTACAACACGGATA,0,719294
crpp1,0.058823529411764705,16,16,AGACAGTCGAGAGCGATGCG,0,717333
crpp1,0.058823529411764705,16,16,ACTTAGAACGTTCACTGTAC,0,720866
crpp1,0.058823529411764705,16,16,ACTGCTCTGAGTGTTGCTAG,0,713663
crpp1,0.058823529411764705,16,16,ACAGGGACGCGCTCGTAAAG,0,718071
crpp1,0.058823529411764705,16,16,AACACTGAACTTCTTCCGGC,0,718304
crpp1,0.058823529411764705,16,16,AAATACAGTGTGCATATTCG,0,720007
crpp1,0.0625,15,15,TTGGTCGCCAGTGACAACAC,0,715697
crpp1,0.0625,15,15,TTGGCTCGCGTTATTTGCAT,0,714058
crpp1,0.0625,15,15,TTGCGGATCTTAAAGTGGAA,0,719881
crpp1,0.0625,15,15,TGTGTGTCTGGTCAATTCCC,0,712891
crpp1,0.0625,15,15,TGGTGTTTGTGAACGGTAAA,0,713952
crpp1,0.0625,15,15,TGGAACAGAAACGAGTTTAT,0,714228
crpp1,0.0625,15,15,TGCCGACGGCGACGTGATCT,0,715467
crpp1,0.0625,15,15,TGATCCATGCCATTTCCGGA,0,717932
crpp1,0.0625,15,15,TCGTTGAACATATAGGGCCT,0,712637
crpp1,0.0625,15,15,TCGTGGTGTTCCACAGCGCT,0,714252
crpp1,0.0625,15,15,TCGGGTCTTACGAATGGTAT,0,719578
crpp1,0.0625,15,15,TATCAGACCAGTATGCTCAT,0,718700
crpp1,0.0625,15,15,GTTGCCGACCGTGGAGTGCT,0,719059
crpp1,0.0625,15,15,GTTCCGCTTACCACTTTATT,0,713453
crpp1,0.0625,15,15,GTGGATCACGGGCGGAAGAA,0,720983
crpp1,0.0625,15,15,GTCTGAGAGAGTCTTTGGCC,0,721540
crpp1,0.0625,15,15,GTCGCGCTTGCGGCAAAGCT,0,714061
crpp1,0.0625,15,15,GTACCACATCCCCTATGTAT,0,718032
crpp1,0.0625,15,15,GGTCTGGCTCACGCTGAGCC,0,713424
crpp1,0.0625,15,15,GGGACACACGAACTGTAATC,0,714378
crpp1,0.0625,15,15,GCTGAGTAAAGGCTTGTGCG,0,717862
crpp1,0.0625,15,15,GCGCCTTCATACGTCCTATT,0,719212
crpp1,0.0625,15,15,GCGCCAAGGCGATTATGTGA,0,717453
crpp1,0.0625,15,15,GCCTTCGGCCATTACATATA,0,717449
crpp1,0.0625,15,15,GCCAAGTAAGTCTAGTTGGT,0,715459
crpp1,0.0625,15,15,CTTTTATAACACAATTCAAT,0,719077
crpp1,0.0625,15,15,CTGCTCCCGCTGAAGTTTGA,0,714752
crpp1,0.0625,15,15,CTGCGATTCAAGACAGACTA,0,717523
crpp1,0.0625,15,15,CTGCATCGGTCAGCCTGTAT,0,717357
crpp1,0.0625,15,15,CTAGAGCATGTGGATGCTTC,0,717950
crpp1,0.0625,15,15,CTAAACCTCCGGCACGTCAC,0,719740
crpp1,0.0625,15,15,CGGTGAGTACTGGCTGCAGA,0,714126
crpp1,0.0625,15,15,CGGCCTTTGTATCCTATTTC,0,716155
crpp1,0.0625,15,15,CCTTTGACGGACTCGCGCTA,0,718312
crpp1,0.0625,15,15,CCCCGTTTAGACCTTGATCT,0,717252
crpp1,0.0625,15,15,CCATAGTTTCCCTCGTCTCT,0,713458
crpp1,0.0625,15,15,CATCTTTGAAAGTACATTCA,0,719248
crpp1,0.0625,15,15,CAGCCACCTTCGGTGGCTAA,0,713695
crpp1,0.0625,15,15,CAGACACGCGAGAGTTCGGG,0,714527
crpp1,0.0625,15,15,CACGACTCGGACATATACGT,0,715508
crpp1,0.0625,15,15,CAATTCTTTCGTCCATGGCA,0,713266
crpp1,0.0625,15,15,CAACTGACCTATGGCTCACA,0,716645
crpp1,0.0625,15,15,ATTACTAATGTTTCATAGGT,0,717495
crpp1,0.0625,15,15,ATATTTTTTGTTAACCTGAC,0,715477
crpp1,0.0625,15,15,ATAACATCTCTCTTGAGCTA,0,720238
crpp1,0.0625,15,15,AGGCGCACGTGTGGGTAGAA,0,716059
crpp1,0.0625,15,15,AGGCACATTTGCCCAGCTAC,0,714470
crpp1,0.0625,15,15,AGACCATTGGATACGGAGAG,0,714652
crpp1,0.0625,15,15,ACTCAATGGCATAGATTTAC,0,713343
crpp1,0.0625,15,15,AAGAACGTGTGCCGCTCTGA,0,718129
crpp1,0.06666666666666667,14,14,TTGCGAATGTGTGCGATAAT,0,718614
crpp1,0.06666666666666667,14,14,TTCAATTCCGGCGCAATCAA,0,714448
crpp1,0.06666666666666667,14,14,TGCACGTTGACAGAGGCTGT,0,721569
crpp1,0.06666666666666667,14,14,TCAACGGGAATAGTTCGATA,0,719134
crpp1,0.06666666666666667,14,14,TATCGGAGGAAGGACCCATT,0,720266
crpp1,0.06666666666666667,14,14,TAGTCCAAGACTTCGCAGGT,0,716444
crpp1,0.06666666666666667,14,14,TACGATTGCTCGCGACCTCC,0,714372
crpp1,0.06666666666666667,14,14,GTGGGTGTCTTTGCAACCGC,0,712732
crpp1,0.06666666666666667,14,14,GTGGGAGGTGCGCAGTCCCA,0,717898
crpp1,0.06666666666666667,14,14,GTGGATGTGAGTGGTGAGAG,0,717233
crpp1,0.06666666666666667,14,14,GTCTGAAGCGTCCCAATATT,0,720267
crpp1,0.06666666666666667,14,14,GTCGTGACTTGACACTAGGG,0,712728
crpp1,0.06666666666666667,14,14,GTCGCAGGGGACCCTTCGAT,0,715577
crpp1,0.06666666666666667,14,14,GTCCAAGAGGTATTTTCGCG,0,718488
crpp1,0.06666666666666667,14,14,GGTGAGCTTAGTCGCGGTAA,0,713283
crpp1,0.06666666666666667,14,14,GGCGTTCGACCCTATATACC,0,716796
crpp1,0.06666666666666667,14,14,GGCGCCCCACTTACCGATCA,0,713818
crpp1,0.06666666666666667,14,14,GGCCCAAAGGTAAGTAATGT,0,713848
crpp1,0.06666666666666667,14,14,GGAAGCGCTAAGTTACACGC,0,714053
crpp1,0.06666666666666667,14,14,GCGCTTCATTGTGGCGGTAA,0,718624
crpp1,0.06666666666666667,14,14,GCCTACGGTTTATTCAGGTT,0,714311
crpp1,0.06666666666666667,14,14,GATGCCTCCAGAGGGCCTTT,0,714138
crpp1,0.06666666666666667,14,14,GATGATTAGCCACATTGGAA,0,717117
crpp1,0.06666666666666667,14,14,GAGTTGAGATGGTTGCCTCT,0,716049
crpp1,0.06666666666666667,14,14,CTAGTCCGAGAGGGTTCACA,0,714990
crpp1,0.06666666666666667,14,14,CGTAAGAGATTCAATGTCCA,0,720438
crpp1,0.06666666666666667,14,14,CGGTGCAAGTACTGCTTTAC,0,715616
crpp1,0.06666666666666667,14,14,CGCAAGCAACTTCATTTAAA,0,718394
crpp1,0.06666666666666667,14,14,CGAAGGACAACTCCAATAGT,0,717832
crpp1,0.06666666666666667,14,14,CCTTACATACTATCAGCGTT,0,715550
crpp1,0.06666666666666667,14,14,CCTCTAATGTTTTTAATATG,0,712559
crpp1,0.06666666666666667,14,14,CCTATAGACTATCCTAGGGA,0,715817
crpp1,0.06666666666666667,14,14,CCCAGTCCCGCAGGTAGTAG,0,720626
crpp1,0.06666666666666667,14,14,CCCAAGATCTATTACCGACG,0,715891
crpp1,0.06666666666666667,14,14,CAGCGCGGTCGTGCTTACAC,0,717944
crpp1,0.06666666666666667,14,14,CACCGATCCTCTATCATAGA,0,718572
crpp1,0.06666666666666667,14,14,CACAATTCAGCCGCTCACCA,0,713091
crpp1,0.06666666666666667,14,14,ATCCGGGTCTACCTTCCCCG,0,719105
crpp1,0.06666666666666667,14,14,ATCCAGGGTGCATAGATTGC,0,717144
crpp1,0.06666666666666667,14,14,ATATTGACATCGGACGCAGA,0,716050
crpp1,0.06666666666666667,14,14,ATAAAATCGAAGCGGATCCC,0,719455
crpp1,0.06666666666666667,14,14,AGGTAGGCCGAGTCGTTTCT,0,714176
crpp1,0.06666666666666667,14,14,AGGGCCATTAGTCACATTCT,0,715176
crpp1,0.06666666666666667,14,14,AGCGTAGGTTAGAGGGTAAG,0,715372
crpp1,0.06666666666666667,14,14,AGCCTCGGTATTGGCGTTGC,0,717200
crpp1,0.06666666666666667,14,14,ACTTTGCGTGGCCCGAGAAT,0,719048
crpp1,0.06666666666666667,14,14,ACTCGGGAAACACCGTACGG,0,720383
crpp1,0.06666666666666667,14,14,ACAGCGCTTGTACATTGAAG,0,719973
crpp1,0.06666666666666667,14,14,AATGAGTTCGTAATAAACGA,0,720219
crpp1,0.06666666666666667,14,14,AAGTCGATGTGCGGTGCACT,0,720256
crpp1,0.06666666666666667,14,14,AACGGCGGCATGCTAGGCCA,0,719471
crpp1,0.07142857142857142,13,13,TTTTGTAGGTTTGTGTCCGG,0,712539
crpp1,0.07142857142857142,13,13,TTTTAGGGCCATGAAAAGCT,0,720576
crpp1,0.07142857142857142,13,13,TTTCGCCTATTGAACCTGGA,0,719207
crpp1,0.07142857142857142,13,13,TTTCCGAGTATGCTTGTAGA,0,715217
crpp1,0.07142857142857142,13,13,TTGCTTCTTTCGTAGCCCTT,0,718247
crpp1,0.07142857142857142,13,13,TTATCCCGTTATCTGATAGG,0,713959
crpp1,0.07142857142857142,13,13,TGTTGTCTATATGATCCCAT,0,719946
crpp1,0.07142857142857142,13,13,TGTGAGCGGGTGGCTAAATT,0,715532
crpp1,0.07142857142857142,13,13,TGTACGCCTGTTAACAAAGC,0,716288
crpp1,0.07142857142857142,13,13,TGATGCTAAAGACGTTTGAG,0,720327
crpp1,0.07142857142857142,13,13,TCTTCTGGTTGGCCTGAGCT,0,717383
crpp1,0.07142857142857142,13,13,TCCGGTGAATAACGACTCAA,0,718736
crpp1,0.07142857142857142,13,13,TCAGCCGAGAATGGATTTAT,0,719999
crpp1,0.07142857142857142,13,13,TATGGGGCAGTTCGGAGCGT,0,721588
crpp1,0.07142857142857142,13,13,TATATCTTTCACCGAGATGT,0,720725
crpp1,0.07142857142857142,13,13,TAGCTTTTAGGTGCTACTCT,0,716883
crpp1,0.07142857142857142,13,13,TAGCCAGCAACGTTGGATGG,0,716443
crpp1,0.07142857142857142,13,13,GTTGATCCTCTAGAGGCTCG,0,717744
crpp1,0.07142857142857142,13,13,GTTCGCGACCTTGCTGTGGT,0,719586
crpp1,0.07142857142857142,13,13,GTGGGGACTAAGGCTCCTCC,0,714791
crpp1,0.07142857142857142,13,13,GTATACTCCTGAAGAAAACC,0,719721
crpp1,0.07142857142857142,13,13,GTAGAGTACTTAGGCCACGC,0,719692
crpp1,0.07142857142857142,13,13,GGTTGCCCTTAGCTATCTCA,0,717470
crpp1,0.07142857142857142,13,13,GGTGATCAGGCTCGCAAGTA,0,714040
crpp1,0.07142857142857142,13,13,GGGTCTCACCTATGATACTT,0,719439
crpp1,0.07142857142857142,13,13,GGGATGATCAAAGCTGACAA,0,717535
crpp1,0.07142857142857142,13,13,GGCGTTCATAGTTCATCACT,0,712652
crpp1,0.07142857142857142,13,13,GGAAAGTGGCTACTATTGAT,0,713749
crpp1,0.07142857142857142,13,13,GCTACTCTTGAATTTTGACA,0,714505
crpp1,0.07142857142857142,13,13,GATGGTCTCTCCCCTAGTGT,0,716462
crpp1,0.07142857142857142,13,13,GAGAGTGAGGGTATCGTCTA,0,712501
crpp1,0.07142857142857142,13,13,CTTACGAGCTTGACCAGTAA,0,718038
crpp1,0.07142857142857142,13,13,CTCTGACTTCGGATAGATAG,0,712571
crpp1,0.07142857142857142,13,13,CTAGATAGCATGATGCGCTT,0,720368
crpp1,0.07142857142857142,13,13,CTAACAATGCAGCAGGACGT,0,719986
crpp1,0.07142857142857142,13,13,CGTGACGGTAAAACCAAGTC,0,714404
crpp1,0.07142857142857142,13,13,CGCGACAGCCACAGTACATA,0,716527
crpp1,0.07142857142857142,13,13,CCTACCCGGTGGGACTCTTA,0,715658
crpp1,0.07142857142857142,13,13,CCCCTCGCCCTCCCCGAGAC,0,714479
crpp1,0.07142857142857142,13,13,CCATGTCACACACACGCTAT,0,714797
crpp1,0.07142857142857142,13,13,CCATCTTTGAATCACCGCCA,0,712707
crpp1,0.07142857142857142,13,13,CCAGGTGGGTTCAGATACGC,0,713134
crpp1,0.07142857142857142,13,13,CATCGCGTGGAGTCACCGGC,0,721581
crpp1,0.07142857142857142,13,13,CAACGTTACCAGAGGCCTAC,0,715764
crpp1,0.07142857142857142,13,13,ATTGCAGGAAACAGACTTTG,0,718461
crpp1,0.07142857142857142,13,13,ATTCGATTCTTTCGGTGTCA,0,719353
crpp1,0.07142857142857142,13,13,ATGTTGGGGCCTAACTACGA,0,721480
crpp1,0.07142857142857142,13,13,ATGTCTAATCGACTAAAAGT,0,717360
crpp1,0.07142857142857142,13,13,AGCCCACAAAAATGAGCGGT,0,715806
crpp1,0.07142857142857142,13,13,AGCAGACATTAGTGGAAAGA,0,716942
crpp1,0.07142857142857142,13,13,ACTGTGCGTTTTAGCATAGG,0,712744
crpp1,0.07142857142857142,13,13,ACGTATCCGCGGCGTCCACG,0,716700
crpp1,0.07142857142857142,13,13,ACGAGCGCCTACGGGTCATC,0,714359
crpp1,0.07142857142857142,13,13,ACGAGCACAGTCAACAAATA,0,719040
crpp1,0.07142857142857142,13,13,ACCTGAGCGAACACTTAGAT,0,716715
crpp1,0.07142857142857142,13,13,ACCATAGAAGCTAAGTACCT,0,720682
crpp1,0.07142857142857142,13,13,AAGTGTCAACGTGGAGAGAC,0,719115
crpp1,0.07692307692307693,12,12,TTTCGAAGTTTTCGGGTTAT,0,720404
crpp1,0.07692307692307693,12,12,TTGGAGAGCAGTATCCGCAG,0,716658
crpp1,0.07692307692307693,12,12,TTAGTAACTTGGTTTTACAT,0,715897
crpp1,0.07692307692307693,12,12,TGGTCTATCAGAGAGACCCG,0,716541
crpp1,0.07692307692307693,12,12,TGCGAATAACTGGCGCCCAT,0,718308
crpp1,0.07692307692307693,12,12,TGCCGGACCAATGGGGGCGT,0,713944
crpp1,0.07692307692307693,12,12,TGATGGCGCACAGTGAGATT,0,719453
crpp1,0.07692307692307693,12,12,TGACGGTATAACTTACCTAA,0,715898
crpp1,0.07692307692307693,12,12,TGAACCTCTCAACCAGAGCA,0,713131
crpp1,0.07692307692307693,12,12,TCCTTGATGGGTGCCAAAAA,0,716570
crpp1,0.07692307692307693,12,12,TCAGACGCGGACAATCTGTC,0,713778
crpp1,0.07692307692307693,12,12,TAGCCGAGTCGCCAGGTGAA,0,713007
crpp1,0.07692307692307693,12,12,TAGACGGATGTTCTCGTAAT,0,719743
crpp1,0.07692307692307693,12,12,TACCCGGTATTCTTTCGTCA,0,713364
crpp1,0.07692307692307693,12,12,TACAGTCTCTAGGACTGCAG,0,715601
crpp1,0.07692307692307693,12,12,TAATGCTAGCCGAAATAGGG,0,712941
crpp1,0.07692307692307693,12,12,TAAGAGCTGCCAGTATTTGG,0,720841
crpp1,0.07692307692307693,12,12,GTCACATCCGATCTGCTGTT,0,721347
crpp1,0.07692307692307693,12,12,GGGGCTTGTACCTCCGGCGA,0,716688
crpp1,0.07692307692307693,12,12,GGCAGGTCCCATGTGTCCAA,0,717371
crpp1,0.07692307692307693,12,12,GCCAAGGGGTGATCGGAGAC,0,715859
crpp1,0.07692307692307693,12,12,GCAGGTGCTCCCGCAGTCTT,0,721108
crpp1,0.07692307692307693,12,12,GACGGTCGGGTCAAGCGCAT,0,719025
crpp1,0.07692307692307693,12,12,GACAGGGGCAAGGCTTGCTG,0,720392
crpp1,0.07692307692307693,12,12,GAAGCGATGCATCCTACTCG,0,719542
crpp1,0.07692307692307693,12,12,CTGTGGGCAAATGTAGAGAA,0,719119
crpp1,0.07692307692307693,12,12,CTCGAATTTAAGAGGGATGG,0,715018
crpp1,0.07692307692307693,12,12,CTATCAAATTTATTCGGTTT,0,719979
crpp1,0.07692307692307693,12,12,CTAACTCTTTCCACTCAACA,0,713599
crpp1,0.07692307692307693,12,12,CGTGCTTAGATTAACACAAG,0,712548
crpp1,0.07692307692307693,12,12,CGTAATGTCCCAGGAATTTG,0,720249
crpp1,0.07692307692307693,12,12,CGGGGGTGTATCGCACGAGG,0,712599
crpp1,0.07692307692307693,12,12,CGGCACGCCAGGGGACAATA,0,714831
crpp1,0.07692307692307693,12,12,CGCGCGCAAGCCTACGTCCC,0,717919
crpp1,0.07692307692307693,12,12,CGATGCTGGATACCGGCAAT,0,712746
crpp1,0.07692307692307693,12,12,CGATCTGAATACATTAATTA,0,719160
crpp1,0.07692307692307693,12,12,CGAATCTACGGGCCTTCGGA,0,712812
crpp1,0.07692307692307693,12,12,CGAACCGGTAACCGGTTCCA,0,716540
crpp1,0.07692307692307693,12,12,CCTCTGGCACTCCGACCGGA,0,719106
crpp1,0.07692307692307693,12,12,CCGGGTCGAATTAGGAACAA,0,721190
crpp1,0.07692307692307693,12,12,CCGCACGTGGGTGACGGGAA,0,716621
crpp1,0.07692307692307693,12,12,CCATGGCATCGTCCGGTCGG,0,713017
crpp1,0.07692307692307693,12,12,CAGTGTGCAGTCTTGCAGCC,0,718708
crpp1,0.07692307692307693,12,12,CAGGTCATAGGAAGACCAAC,0,716330
crpp1,0.07692307692307693,12,12,CACGGTTACATATTCTCCTT,0,719528
crpp1,0.07692307692307693,12,12,CACCGTTGTGGATCTCATCG,0,719231
crpp1,0.07692307692307693,12,12,CACCACGAGCCCAAGACAGA,0,716821
crpp1,0.07692307692307693,12,12,CAACAGCCGTGGACCGGGTT,0,715988
crpp1,0.07692307692307693,12,12,ATCCCGCTAACACGGCCCGG,0,719500
crpp1,0.07692307692307693,12,12,ATAGGTTTGACTTCAACATT,0,716710
crpp1,0.07692307692307693,12,12,ATAACAAAGCGTGATAGATG,0,712617
crpp1,0.07692307692307693,12,12,AGTAGTTTGCGCTGGCTTGA,0,715315
crpp1,0.07692307692307693,12,12,AGGGTCTATTAGAAACGGGG,0,716720
crpp1,0.07692307692307693,12,12,AGACTAACTGCAGTCCACAT,0,718582
crpp1,0.07692307692307693,12,12,ACGCAGATGTCCTCACTTGT,0,717963
crpp1,0.07692307692307693,12,12,ACCGTCGCGCGCACAAGTAT,0,718956
crpp1,0.07692307692307693,12,12,ACCAGGCCTTATGAAGCCAC,0,718969
crpp1,0.07692307692307693,12,12,ACAAAAAACTGCGGGCTGTC,0,717745
crpp1,0.07692307692307693,12,12,AATTGTAAGGTATATAGATA,0,713619
crpp1,0.07692307692307693,12,12,AACAGAAAGCGGGCGTTGCA,0,714499
crpp1,0.07692307692307693,12,12,AAATTCGACAAGGGGTACCC,0,720031
crpp1,0.08333333333333333,11,11,TTTGATGTTGGTGTAACGGA,0,717709
crpp1,0.08333333333333333,11,11,TTGATCGATACCGTTAAACA,0,718321
crpp1,0.08333333333333333,11,11,TTCTACTGACAATGATAAGT,0,717054
crpp1,0.08333333333333333,11,11,TGTAGGACCGGACCTCGGAG,0,714606
crpp1,0.08333333333333333,11,11,TGGTAGCCGTGCCAAGATGC,0,720026
crpp1,0.08333333333333333,11,11,TGCGGTCTTAAGAGCCAATG,0,713760
crpp1,0.08333333333333333,11,11,TGCCGGCTTTAGCGTGGAAG,0,716552
crpp1,0.08333333333333333,11,11,TGCATGTAGAATTATCTCCA,0,716514
crpp1,0.08333333333333333,11,11,TGATAGGTGATAGTGAAAAT,0,719033
crpp1,0.08333333333333333,11,11,TGACAACTGTCCGCCATTAT,0,717607
crpp1,0.08333333333333333,11,11,TCTGATTCAGATTCTCAGCG,0,714211
crpp1,0.08333333333333333,11,11,TCTATGCCTGTTTTGGGGTG,0,714550
crpp1,0.08333333333333333,11,11,TCGTTTGGTGGGACGTCAGG,0,713742
crpp1,0.08333333333333333,11,11,TCGGGTCTACCCAAGGAAGA,0,715527
crpp1,0.08333333333333333,11,11,TCAAGGTCGAACAGCCGGCA,0,714935
crpp1,0.08333333333333333,11,11,TATTGCCCCGATAACTAAAG,0,716913
crpp1,0.08333333333333333,11,11,TATTCGAGGGCCAAAATTCC,0,718451
crpp1,0.08333333333333333,11,11,TACTGTTTAGCATAAGTGTT,0,714719
crpp1,0.08333333333333333,11,11,TACGCAGGTTTATCCACAGT,0,713394
crpp1,0.08333333333333333,11,11,TACAATCACAGTGTTGACTA,0,719446
crpp1,0.08333333333333333,11,11,TAACAGGCAATTCTTTCTTC,0,719171
crpp1,0.08333333333333333,11,11,TAAAGGAATCGGTATGATTC,0,715528
crpp1,0.08333333333333333,11,11,GTTATGCTCCACCCGCCTAA,0,714815
crpp1,0.08333333333333333,11,11,GTGCAGGTTGTTGTCTGAAG,0,719989
crpp1,0.08333333333333333,11,11,GTGAGGGCCAGCTTCAATCG,0,721208
crpp1,0.08333333333333333,11,11,GTCTACCGAGAGCAGGCGTA,0,715939
crpp1,0.08333333333333333,11,11,GTCCCGTTTACTATTTTCCC,0,714522
crpp1,0.08333333333333333,11,11,GTATACAACTCTCCCTACAT,0,714728
crpp1,0.08333333333333333,11,11,GTAAGAAGTTCTAGGGACGG,0,718008
crpp1,0.08333333333333333,11,11,GGTTTGCAAGGGATTCAGGA,0,714335
crpp1,0.08333333333333333,11,11,GGTTCTTCGGCCCGCTCTCT,0,716814
crpp1,0.08333333333333333,11,11,GGTCAATTGCACATTAGATA,0,717940
crpp1,0.08333333333333333,11,11,GGTAGAGAGGGACCAAATTC,0,718596
crpp1,0.08333333333333333,11,11,GGGGGAGTTAACGCTTCCGA,0,719841
crpp1,0.08333333333333333,11,11,GGGCAACGCGTCCTACAGGT,0,720260
crpp1,0.08333333333333333,11,11,GGGACTTCGTCTTTTGATAC,0,720382
crpp1,0.08333333333333333,11,11,GGCGGCGAGACGTTAACGAC,0,712749
crpp1,0.08333333333333333,11,11,GGACATCTGCATCACCGTTT,0,713306
crpp1,0.08333333333333333,11,11,GAGCGAGAGACGCCCAGGGT,0,712456
crpp1,0.08333333333333333,11,11,GAGACCCTAGGGCTAACGAA,0,719257
crpp1,0.08333333333333333,11,11,GAGAAGTATAGCCAGAACCC,0,721081
crpp1,0.08333333333333333,11,11,GACTTGTTGAAGGACGGACG,0,714230
crpp1,0.08333333333333333,11,11,GACTGTCTAGTCGTGCTAGA,0,713673
crpp1,0.08333333333333333,11,11,GACTAAGGCTTATTTTCCAT,0,721440
crpp1,0.08333333333333333,11,11,GACGGTTAATTTGTATGAGT,0,719113
crpp1,0.08333333333333333,11,11,CTCCTCTGGGTAACGGTCTG,0,719759
crpp1,0.08333333333333333,11,11,CTACAGATAAAGCGGGGGGA,0,715233
crpp1,0.08333333333333333,11,11,CGGTCAGACGAACAGGCCAT,0,714785
crpp1,0.08333333333333333,11,11,CGCGTAACGGCGATGTGATG,0,721345
crpp1,0.08333333333333333,11,11,CGCCAAAGTCTATGGGTTTA,0,713110
crpp1,0.08333333333333333,11,11,CGCAACATGGTTTGTCTGGC,0,717376
crpp1,0.08333333333333333,11,11,CGATGATGGGCAGGTTCCAC,0,720719
crpp1,0.08333333333333333,11,11,CCTTGGGCGTATGACCAAGG,0,712897
crpp1,0.08333333333333333,11,11,CCCTTTCAGGGCGACTCATG,0,714631
crpp1,0.08333333333333333,11,11,CATGCCAGCGGTGCGAACAG,0,720580
crpp1,0.08333333333333333,11,11,CATCTCGCTTGCCGGAGCGA,0,715221
crpp1,0.08333333333333333,11,11,CAGCAGCGAAGCACTACATG,0,715648
crpp1,0.08333333333333333,11,11,CAGATGTGAGGAGACCGGGT,0,717573
crpp1,0.08333333333333333,11,11,CACGCTCTTGCGAGGAATTT,0,718417
crpp1,0.08333333333333333,11,11,CAAGGCGTATCAATCACGTC,0,718544
crpp1,0.08333333333333333,11,11,ATTACTTAAGGATACCCAGA,0,714654
crpp1,0.08333333333333333,11,11,ATTACTGTAGACAAATACCT,0,713967
crpp1,0.08333333333333333,11,11,ATGTCTAGTTATCGCGCGAC,0,719009
crpp1,0.08333333333333333,11,11,ATGGGGGTTCGAACATTGCA,0,720449
crpp1,0.08333333333333333,11,11,ATCAGAGACTTGGCGACGTG,0,713415
crpp1,0.08333333333333333,11,11,AGTTGACTGCCATGTGGTCA,0,718167
crpp1,0.08333333333333333,11,11,AGGTCCGGATATTCAGTCCA,0,715470
crpp1,0.08333333333333333,11,11,AGGGTCGCATAAAGCTCCGT,0,719922
crpp1,0.08333333333333333,11,11,AGGCTACTCACTGGTAGATA,0,720168
crpp1,0.08333333333333333,11,11,AGGCCAGTGAGCGCAGGTGC,0,714007
crpp1,0.08333333333333333,11,11,AGCCATTTAGCTCGCGATTT,0,715294
crpp1,0.08333333333333333,11,11,AGAAGTACGAGAGACGCGTC,0,718878
crpp1,0.08333333333333333,11,11,ACTCTGGTCGATGATATGCT,0,715520
crpp1,0.08333333333333333,11,11,ACGCTAGAGGCGGGGGGTTC,0,720777
crpp1,0.08333333333333333,11,11,ACCGTATTTTATCTAGCTTG,0,718512
crpp1,0.08333333333333333,11,11,ACCCGCGAAAGGTCAAACCT,0,721248
crpp1,0.08333333333333333,11,11,ACATCTGCTGTCTAAATCGA,0,721306
crpp1,0.08333333333333333,11,11,ACAGCGCGCAAGCACGCCGG,0,716777
crpp1,0.08333333333333333,11,11,ACAAATGAGGGAACACTCCA,0,713452
crpp1,0.08333333333333333,11,11,AATATGCTTTCAGATCGAGA,0,716199
crpp1,0.08333333333333333,11,11,AAGGAGTCTTCCCGTACTCA,0,716361
crpp1,0.08333333333333333,11,11,AACTCTAATGCACGAAATGT,0,716055
crpp1,0.08333333333333333,11,11,AAAGACGTTCTGTCTCCGAT,0,712833
crpp1,0.08333333333333333,11,11,AAAATTCCGGAGTCTAGGCT,0,720290
crpp1,0.09090909090909091,10,10,TTTGGCGGGGCGCACGACGG,0,713277
crpp1,0.09090909090909091,10,10,TTCCATAGCACCGGAATCGG,0,713304
crpp1,0.09090909090909091,10,10,TTAGTCTAGTGCCCTGAACT,0,714840
crpp1,0.09090909090909091,10,10,TGGCTACCGAAACCGAGTTT,0,717242
crpp1,0.09090909090909091,10,10,TGGATTATGGCCCTACAAAT,0,720324
crpp1,0.09090909090909091,10,10,TGCTACCCACCATTGACCGG,0,716448
crpp1,0.09090909090909091,10,10,TGCTAAATCTGGAAGCTAAT,0,717834
crpp1,0.09090909090909091,10,10,TGCCTCGTGGGGCTAACTGT,0,713361
crpp1,0.09090909090909091,10,10,TGAGTTTCAGTGGCGTTTGG,0,715804
crpp1,0.09090909090909091,10,10,TGAGGTGTGTGTTTATGCAT,0,718580
crpp1,0.09090909090909091,10,10,TGACCCACTGTACTTGTCTA,0,720903
crpp1,0.09090909090909091,10,10,TCGTTGGATGAAGAGTCATC,0,720496
crpp1,0.09090909090909091,10,10,TCGGTCCGGGTCTCATCTAG,0,714642
crpp1,0.09090909090909091,10,10,TCATTGTCATTGCGGTAATT,0,717389
crpp1,0.09090909090909091,10,10,TCAAAGGTCGGCCCATCTAC,0,712797
crpp1,0.09090909090909091,10,10,TATCTACTTGCAGATTGGGA,0,716813
crpp1,0.09090909090909091,10,10,TAGCAAGGGCGACTCATATT,0,720843
crpp1,0.09090909090909091,10,10,TAATTCTTAAAGCATCTATC,0,712467
crpp1,0.09090909090909091,10,10,TAACCCTCTGTTTTGGATTC,0,716179
crpp1,0.09090909090909091,10,10,GTTTTTCAACTGTGGTTGGA,0,716275
crpp1,0.09090909090909091,10,10,GTTGGGTATGCGTATCGGAC,0,718805
crpp1,0.09090909090909091,10,10,GTCTAAAGAAGCCTTAGTTG,0,714146
crpp1,0.09090909090909091,10,10,GGTTTAGCCTTCAGAGCTTT,0,717962
crpp1,0.09090909090909091,10,10,GGTTATGAAAATACGACTGC,0,718919
crpp1,0.09090909090909091,10,10,GGTTAAGAGCCGGGGATTTT,0,714157
crpp1,0.09090909090909091,10,10,GGTCCATCTTGTGTGACGGA,0,713348
crpp1,0.09090909090909091,10,10,GGTAGCTGAGTAACGCTGAT,0,718540
crpp1,0.09090909090909091,10,10,GGTAATTTCTTCCTGTCTAG,0,716647
crpp1,0.09090909090909091,10,10,GCGCTCACAGAGTGACCAGT,0,719067
crpp1,0.09090909090909091,10,10,GCGCGGGCGAAGCTGGGTGT,0,717384
crpp1,0.09090909090909091,10,10,GCCTTGATTCGACAGTATGT,0,716446
crpp1,0.09090909090909091,10,10,GCCTCAGTAAGGAATGGTCC,0,715156
crpp1,0.09090909090909091,10,10,GCCCGTTACCGCGGTTGACT,0,717218
crpp1,0.09090909090909091,10,10,GATGGGCCAACTTACGACAA,0,717912
crpp1,0.09090909090909091,10,10,GATGACCGCAGTCTTGCGAT,0,714164
crpp1,0.09090909090909091,10,10,GATCGATGCAAGGACAGCGG,0,713846
crpp1,0.09090909090909091,10,10,GATATTACATCATACGCTTG,0,713284
crpp1,0.09090909090909091,10,10,GATAGGATACGAGTCCCACG,0,716953
crpp1,0.09090909090909091,10,10,GAGTGGGGGCGGTGGGGTTG,0,718025
crpp1,0.09090909090909091,10,10,GACAGGCTATGATTACCCTG,0,718264
crpp1,0.09090909090909091,10,10,GACACTCGCGGGCTTCAATA,0,718291
crpp1,0.09090909090909091,10,10,GAATCTGCCCGGGACATAAG,0,716187
crpp1,0.09090909090909091,10,10,GAAGAGAATGGGGCGATTAC,0,716351
crpp1,0.09090909090909091,10,10,CTTTGATCGTTATCCATGGA,0,714117
crpp1,0.09090909090909091,10,10,CTTGGTTGTTGAATATTCGT,0,715708
crpp1,0.09090909090909091,10,10,CTTCCGTGCAGGACCTAGGG,0,713573
crpp1,0.09090909090909091,10,10,CTGGAACACAGGATTAAGAA,0,719571
crpp1,0.09090909090909091,10,10,CGGTATTTTTACCCAGCGAG,0,713853
crpp1,0.09090909090909091,10,10,CGCTGTACTAGAAACGGTTT,0,716625
crpp1,0.09090909090909091,10,10,CGCGAATACAGATACGCGCG,0,712650
crpp1,0.09090909090909091,10,10,CGATGGAATTGTTAAATCGG,0,714227
crpp1,0.09090909090909091,10,10,CGAGTCGTCGCTGGTTCCAG,0,712790
crpp1,0.09090909090909091,10,10,CGAACGCCAGTGATAACTAA,0,719535
crpp1,0.09090909090909091,10,10,CCTATTAACCTACCTGTTGT,0,718360
crpp1,0.09090909090909091,10,10,CCCTCCCTGCCCTGGCTGCG,0,718273
crpp1,0.09090909090909091,10,10,CATTTGGAGATCACTAGCGG,0,720815
crpp1,0.09090909090909091,10,10,CATCAACTACATACGCTTGA,0,713008
crpp1,0.09090909090909091,10,10,CAGGTGACTCAATCACAGTT,0,714603
crpp1,0.09090909090909091,10,10,CAGGGCGTGAAGACCATACT,0,716669
crpp1,0.09090909090909091,10,10,CAGGCGTTGGGGAGAGCTCA,0,713480
crpp1,0.09090909090909091,10,10,CAGGCGAACACAGCAGATTG,0,720812
crpp1,0.09090909090909091,10,10,CAGCCCCGGTCTATGCCGAG,0,715471
crpp1,0.09090909090909091,10,10,CAGATGTAGACTGTGAGGTC,0,716622
crpp1,0.09090909090909091,10,10,CACCGGGCGAGTAACCCTGC,0,714390
crpp1,0.09090909090909091,10,10,CAATTTACTGAGGCGTTTAG,0,716393
crpp1,0.09090909090909091,10,10,ATTGTTAACGGTACAGGTGC,0,715059
crpp1,0.09090909090909091,10,10,ATTACCCGGTGGGCTCTAGG,0,714474
crpp1,0.09090909090909091,10,10,ATCTTTGCCTTTAGGGAGGG,0,713633
crpp1,0.09090909090909091,10,10,ATCAAATTAATACGATAAGA,0,713681
crpp1,0.09090909090909091,10,10,AGTCTACAATGTCCTTGCCC,0,721587
crpp1,0.09090909090909091,10,10,AGTAACTCATATGTTTATTG,0,715339
crpp1,0.09090909090909091,10,10,AGGTAGTCGCACGCTGATCA,0,718815
crpp1,0.09090909090909091,10,10,AGGGAGTTTGACGACCTCAC,0,718497
crpp1,0.09090909090909091,10,10,AGGAATTACCAACACTCAAG,0,720782
crpp1,0.09090909090909091,10,10,AGACCAAACTCCGACGCACT,0,720128
crpp1,0.09090909090909091,10,10,ACGGCGGTTTACAAGGAGCA,0,715072
crpp1,0.09090909090909091,10,10,ACGCTATATAAGAAAAAGCT,0,716422
crpp1,0.09090909090909091,10,10,ACCCACCGTTACATTCGCAG,0,721008
crpp1,0.09090909090909091,10,10,ACAAGCCCTGAACAGCCCAC,0,719812
crpp1,0.09090909090909091,10,10,AATATTGCAGTCATAGACGT,0,718475
crpp1,0.09090909090909091,10,10,AAAGGTTGCCGCGCCACAGC,0,713995
crpp1,0.09090909090909091,10,10,AAAAATGAGCCATTAATAAG,0,712819
crpp1,0.1,9,9,TTTTTTCGCGGGTTCTTGTT,0,713450
crpp1,0.1,9,9,TTTCGCCCTGTGTATGGAGT,0,721001
crpp1,0.1,9,9,TTGTGGAGGAGCTATGAGTG,0,721303
crpp1,0.1,9,9,TTGTCCTTCTGCCCTCGTGG,0,720599
crpp1,0.1,9,9,TTGTCACGCGATTAAGCAGG,0,714793
crpp1,0.1,9,9,TTGGAAGTTATACATCCTTA,0,719569
crpp1,0.1,9,9,TTCGGCATGGGAAACAATTT,0,713910
crpp1,0.1,9,9,TGTACTGGTGCCGCCTGCAG,0,713723
crpp1,0.1,9,9,TGGTAACGTCCAAAGTCTTA,0,713694
crpp1,0.1,9,9,TGGGATATGAGGCGGGGCAG,0,713363
crpp1,0.1,9,9,TGCCCAGACCTGGTGCCAAC,0,715083
crpp1,0.1,9,9,TGATCCAGCGGGGCGGCACT,0,716919
crpp1,0.1,9,9,TGAGAATCTGAAGAGGGTTA,0,714691
crpp1,0.1,9,9,TCTACACTCCGGCGACGAGG,0,712696
crpp1,0.1,9,9,TCGCCTGCTGTGTCTGGGAT,0,714444
crpp1,0.1,9,9,TCCGAGCTATGCGCCTCTCA,0,715269
crpp1,0.1,9,9,TCACGTGGACTGAATATAAC,0,715131
crpp1,0.1,9,9,TCAATCCGTCAATCCGAGAC,0,716112
crpp1,0.1,9,9,TATTGGAGTTCCTACATTGA,0,714262
crpp1,0.1,9,9,TAGCGTTATAAAGGAAGTGT,0,716219
crpp1,0.1,9,9,TACGTGCACGGGTTAATCCC,0,718074
crpp1,0.1,9,9,TACCGTGGGAAACGAACTTT,0,713267
crpp1,0.1,9,9,TACAGACATAGTGCCGGCAG,0,719629
crpp1,0.1,9,9,TACACGGTGATCTCTAGTGT,0,715745
crpp1,0.1,9,9,TAAACTCGCCATGCCGGCAG,0,714149
crpp1,0.1,9,9,GTTTCCTGGGAAGAGGTTTG,0,712502
crpp1,0.1,9,9,GTTAAATAGAACAATCGAAA,0,718571
crpp1,0.1,9,9,GTGTTAAGGGAAAAAGTTTA,0,717867
crpp1,0.1,9,9,GTGGTTTGGTCTCACGACAT,0,715828
crpp1,0.1,9,9,GTGGCCCGCTTAAGCGGAGT,0,715691
crpp1,0.1,9,9,GTGCGCGCGACGTAAAGTGG,0,714829
crpp1,0.1,9,9,GTGATCGGGCAAAGCATTTT,0,721215
crpp1,0.1,9,9,GTGAACCATTTAGGGGAGAC,0,717045
crpp1,0.1,9,9,GTCATATGAGGTGTGGTACA,0,715985
crpp1,0.1,9,9,GTAGACAAGCCTGGAAGGCC,0,718436
crpp1,0.1,9,9,GGTTCATCTGTTAGGAAATG,0,717196
crpp1,0.1,9,9,GGTTAGGCCCCTAGCACAAC,0,718194
crpp1,0.1,9,9,GGTCCCGTAGCAATACTCCA,0,716405
crpp1,0.1,9,9,GGTCATGGACGTACATCACT,0,718599
crpp1,0.1,9,9,GGATATGCCGATAGCCGGGG,0,716025
crpp1,0.1,9,9,GGACCTACGGCGCTACAAGA,0,717067
crpp1,0.1,9,9,GGACCGATTAAAGGGAGTAT,0,719082
crpp1,0.1,9,9,GCGGTATTTATTGGTGAGCG,0,712977
crpp1,0.1,9,9,GCGCGTGGCTAGCGGCTAGT,0,716065
crpp1,0.1,9,9,GCCAAACTTCTCTCTGTTAA,0,719937
crpp1,0.1,9,9,GCCAAAAACTTCAATGATGC,0,718077
crpp1,0.1,9,9,GCATTTGTAGCCGTTCCATT,0,716332
crpp1,0.1,9,9,GCAGTAGTCTCCACCGACCA,0,715133
crpp1,0.1,9,9,GCACGATATTTCAAGGGAAA,0,719036
crpp1,0.1,9,9,GCAAGTTTCGAGTGAGGGAA,0,716212
crpp1,0.1,9,9,GATGTACAAAGGCGGGGCCG,0,714242
crpp1,0.1,9,9,GATCGAAAGATAACCCACTC,0,713248
crpp1,0.1,9,9,GAGCCCTAGCATATTGCTAG,0,716978
crpp1,0.1,9,9,GAGCAATTTTTTCAGACCGC,0,715302
crpp1,0.1,9,9,GAGACAAAGGCCTCGCTAAT,0,713462
crpp1,0.1,9,9,GACGGCTAGTCGGGGGTGAA,0,719121
crpp1,0.1,9,9,GACCGGCCTTATGACATCCA,0,718498
crpp1,0.1,9,9,GAAGCAGTGGGAAATCGGGG,0,716359
crpp1,0.1,9,9,GAACGCTTCCGGCTGGGGAG,0,718131
crpp1,0.1,9,9,CTGTGAGGGGTACGCGTTTT,0,713113
crpp1,0.1,9,9,CTGGGGAATGAATTGGGCAT,0,715664
crpp1,0.1,9,9,CTATGTCTCTTTGGGTGCGT,0,717228
crpp1,0.1,9,9,CTATCAAGTTTATTTCGTAT,0,713411
crpp1,0.1,9,9,CGTTAGCGTAATATCCGCGA,0,714549
crpp1,0.1,9,9,CGTCCGTTACGAACAGGCAT,0,721279
crpp1,0.1,9,9,CGGTTACCCCGCCAGCCGTG,0,715914
crpp1,0.1,9,9,CGGCTTATCGCATGATTTCG,0,712601
crpp1,0.1,9,9,CGGAGCTACAATTTCTTGCA,0,716245
crpp1,0.1,9,9,CGCGCGGCCGATGAGAGTGA,0,716867
crpp1,0.1,9,9,CGATGATAGCCGGGAAGTTC,0,717890
crpp1,0.1,9,9,CCTAAGCCTGCAAGCCGCAA,0,721305
crpp1,0.1,9,9,CCGCTAGTGGAAGGAAGAAA,0,718184
crpp1,0.1,9,9,CCGACACATTTGGCTACAGA,0,719066
crpp1,0.1,9,9,CCCTCATACCTGCAAGTACT,0,720398
crpp1,0.1,9,9,CCAGCTCCTTGACTTGTAGA,0,721546
crpp1,0.1,9,9,CAGGAGTAGTTCCTGTCTTT,0,718102
crpp1,0.1,9,9,CAGAAAAGGCATGGGGCGAT,0,713986
crpp1,0.1,9,9,ATTGGTTATGACTTATTTGG,0,712659
crpp1,0.1,9,9,ATGCACCAAGCTACGCTTCT,0,719956
crpp1,0.1,9,9,ATCTGCGCAACCTACCTGAA,0,716671
crpp1,0.1,9,9,ATCCAATATTTCACATGCGA,0,713901
crpp1,0.1,9,9,ATAGTACGTAACACTCCGGA,0,713919
crpp1,0.1,9,9,ATAGCTGAGATACATTACGC,0,720616
crpp1,0.1,9,9,ATACTAGATGAACGATGGAT,0,714229
crpp1,0.1,9,9,AGTTGTGTAGGCTTAAATAT,0,715115
crpp1,0.1,9,9,AGTGGTAGAAATCACTGCCG,0,715408
crpp1,0.1,9,9,AGTCCGCGGGGTATGGAGAT,0,718337
crpp1,0.1,9,9,AGCGTGACGATTCGACAATG,0,717585
crpp1,0.1,9,9,AGCCCGATCAGCACCGGCTA,0,720939
crpp1,0.1,9,9,AGCCATCTCTGGATCCACTC,0,713436
crpp1,0.1,9,9,ACTGGACGAGCGCCCTTGAC,0,713435
crpp1,0.1,9,9,ACTACCGTGTAGAGTCCACT,0,714313
crpp1,0.1,9,9,ACGTGCCCCGACCAAAACAA,0,718135
crpp1,0.1,9,9,ACGGCACATCTCCAAATCTA,0,715748
crpp1,0.1,9,9,ACGCAGGGGTACACTAGGTT,0,716126
crpp1,0.1,9,9,ACCCAGATAACACTCACGAG,0,715993
crpp1,0.1,9,9,ACATCCTCAGTCAGGTTGAC,0,713884
crpp1,0.1,9,9,ACATAGGCTATACATATGAC,0,713575
crpp1,0.1,9,9,ACACTGTAACTTAGAGCCCA,0,712476
crpp1,0.1,9,9,ACACGTTATATGCGATCCAA,0,715515
crpp1,0.1,9,9,ACAATTCATCACCCCCAGCA,0,712822
crpp1,0.1,9,9,AATCTCAAATACTTGGTCTA,0,719614
crpp1,0.1,9,9,AATAGTGAGTAACAGGAAGG,0,714820
crpp1,0.1,9,9,AATAGCTCCTTAGGTCCTCT,0,717531
crpp1,0.1,9,9,AATAGCGCGGGGCAATGCAT,0,716340
crpp1,0.1,9,9,AAGGGTCCCCCCGGATTCCG,0,718650
crpp1,0.1,9,9,AACGTCCAAAAATAAGGTAC,0,717275
crpp1,0.1,9,9,AAACTGCTTCGATCACACTA,0,715298
crpp1,0.1,9,9,AAAACACCTATGTGTTTTAT,0,717702
crpp1,0.1111111111111111,8,8,TTTGGACGATAGACAAGTGG,0,717090
crpp1,0.1111111111111111,8,8,TTTGATGTCAACACTTATAT,0,715198
crpp1,0.1111111111111111,8,8,TTTCATAGAGTTTGTCCGTG,0,712909
crpp1,0.1111111111111111,8,8,TTTACGTTGTAATCACATAT,0,718309
crpp1,0.1111111111111111,8,8,TTGAGAACCTTTCGGTCTCG,0,712798
crpp1,0.1111111111111111,8,8,TTCCTCCGTGCGTGGGCCCT,0,720625
crpp1,0.1111111111111111,8,8,TTATGATGTTCCGGATTATT,0,718950
crpp1,0.1111111111111111,8,8,TTATCGGGAGACATAGAGTG,0,716595
crpp1,0.1111111111111111,8,8,TTAGGACATCAGACACTCCC,0,712763
crpp1,0.1111111111111111,8,8,TTAGCGATTAGTCTTCGCGG,0,720701
crpp1,0.1111111111111111,8,8,TTACCCCCGCGTTATCGCCA,0,715489
crpp1,0.1111111111111111,8,8,TGTGGGTTATCCCCGTACCC,0,718694
crpp1,0.1111111111111111,8,8,TGTCGCGCCGTACGTCTAGT,0,721032
crpp1,0.1111111111111111,8,8,TGCTATCGCTTTGGGGCGAT,0,714301
crpp1,0.1111111111111111,8,8,TCTGTGTAGGCGGACACTCA,0,719487
crpp1,0.1111111111111111,8,8,TCTGGGACGCACACGCCCAA,0,714633
crpp1,0.1111111111111111,8,8,TCTAATGTCGAGGGAACGTC,0,717106
crpp1,0.1111111111111111,8,8,TATACGCCGAGAACTCATAA,0,713073
crpp1,0.1111111111111111,8,8,TAGCTCAACACCTTACGGAC,0,718447
crpp1,0.1111111111111111,8,8,TAGATGTGTAGGGTTTAAAT,0,718741
crpp1,0.1111111111111111,8,8,TACGGGATGTATTAGGCGAG,0,714874
crpp1,0.1111111111111111,8,8,TACCAGTCCTCTCTCACTTT,0,712698
crpp1,0.1111111111111111,8,8,TAATGTTGTTATGTCGTTCT,0,718437
crpp1,0.1111111111111111,8,8,TAATGCATTCCGCGTGTGGT,0,715197
crpp1,0.1111111111111111,8,8,GTTCTTGGACAAGGGTACTC,0,714468
crpp1,0.1111111111111111,8,8,GTTCAAACCTTGCTTCAGGT,0,720115
crpp1,0.1111111111111111,8,8,GTTAGGGGCTTCTCTATCCT,0,721050
crpp1,0.1111111111111111,8,8,GTGTGGTCTAGTTTGCATGC,0,718951
crpp1,0.1111111111111111,8,8,GTGGGGGGGACGTTTGCATT,0,715434
crpp1,0.1111111111111111,8,8,GTGCAAAAGATTTGTTATAT,0,716577
crpp1,0.1111111111111111,8,8,GTCGAGTAATCCCTCTGAGT,0,714388
crpp1,0.1111111111111111,8,8,GTCCATACCTACAGATCACT,0,716511
crpp1,0.1111111111111111,8,8,GTAATTGCCGAACGCCCAAT,0,714010
crpp1,0.1111111111111111,8,8,GGTTAAGGGTGAGATGTCTT,0,716829
crpp1,0.1111111111111111,8,8,GGTGCAGTCAGTAAGTGCGT,0,719347
crpp1,0.1111111111111111,8,8,GGTGACTACTTTGCTTGGTT,0,717590
crpp1,0.1111111111111111,8,8,GGTAATTCCGACCGCGCACT,0,714510
crpp1,0.1111111111111111,8,8,GGGCTAGCGCTCCGTTGGAT,0,721467
crpp1,0.1111111111111111,8,8,GGGCATACGGCTGTGTTCCT,0,713457
crpp1,0.1111111111111111,8,8,GGGATAGTATGTTTTGTAAT,0,720535
crpp1,0.1111111111111111,8,8,GGCTCTTTTCGGTAGAGCGA,0,712706
crpp1,0.1111111111111111,8,8,GGCTACGGCTCAGAGGGGCA,0,713079
crpp1,0.1111111111111111,8,8,GGCCGTTTGCGGGCTTCTGA,0,714811
crpp1,0.1111111111111111,8,8,GGATAACGAGTACTGAGCTG,0,719232
crpp1,0.1111111111111111,8,8,GGAGTGGCATGGATGGAACG,0,714115
crpp1,0.1111111111111111,8,8,GGAGTGAAATCACTGGGTCA,0,718465
crpp1,0.1111111111111111,8,8,GGAGGCCCCGTCGTCCCGGG,0,714936
crpp1,0.1111111111111111,8,8,GGACTACATAAACCTTGTCG,0,716993
crpp1,0.1111111111111111,8,8,GCTTAAACTTGCAGACCTGC,0,714315
crpp1,0.1111111111111111,8,8,GCGGACGCTCGTAGCGTGGA,0,717060
crpp1,0.1111111111111111,8,8,GCGAAATCGTGATACAGTTC,0,716488
crpp1,0.1111111111111111,8,8,GCCCGCTGGCATTAACCACA,0,720981
crpp1,0.1111111111111111,8,8,GCCAGGTCATGGTACAGCTG,0,718804
crpp1,0.1111111111111111,8,8,GCAGGCCTAATATTCGCCGG,0,718040
crpp1,0.1111111111111111,8,8,GATTTTGCGGGGCTGAGCTT,0,712911
crpp1,0.1111111111111111,8,8,GATTTGAGTATCCAAGGTAG,0,719805
crpp1,0.1111111111111111,8,8,GATCCGCGGATCATTCTGAG,0,720201
crpp1,0.1111111111111111,8,8,GACTAAACGACCGCCATATG,0,718681
crpp1,0.1111111111111111,8,8,GACGCTCATCTCAGTGTTTA,0,717293
crpp1,0.1111111111111111,8,8,GACAGGTTTTCAATACCGGC,0,712508
crpp1,0.1111111111111111,8,8,GAACGTATTAGGGTATACAT,0,720541
crpp1,0.1111111111111111,8,8,GAACAGAGGGCGTACGCTCC,0,716555
crpp1,0.1111111111111111,8,8,GAAAGTGGATGTCTCCGATC,0,717336
crpp1,0.1111111111111111,8,8,GAAACACGATCTGAGCAGGC,0,713033
crpp1,0.1111111111111111,8,8,CTGGTTTTACTAACAATGCG,0,714364
crpp1,0.1111111111111111,8,8,CTGGATACAATTCGTCAGCA,0,715458
crpp1,0.1111111111111111,8,8,CTCTGAGCAGGGCATCGAAA,0,720594
crpp1,0.1111111111111111,8,8,CTCGCCCTAAACCCTGAGAA,0,721568
crpp1,0.1111111111111111,8,8,CTAGGTGCCGGCTGTCCGTA,0,716111
crpp1,0.1111111111111111,8,8,CGTTATAGCCGCCTCAGTGA,0,719052
crpp1,0.1111111111111111,8,8,CGTGGTCTCGATTTACACGC,0,712818
crpp1,0.1111111111111111,8,8,CGTCTATCAGCTTCACCCAC,0,720448
crpp1,0.1111111111111111,8,8,CGTCAACCGACGCGTTCGAA,0,716893
crpp1,0.1111111111111111,8,8,CGTACCGTAACATCACAGGT,0,720013
crpp1,0.1111111111111111,8,8,CGGAGGTTGGACGCCGTCCA,0,714837
crpp1,0.1111111111111111,8,8,CGCGTATTCCGCTAATGCTG,0,716282
crpp1,0.1111111111111111,8,8,CGCGAATCGAGTAGACTTCT,0,718977
crpp1,0.1111111111111111,8,8,CGCCCTCCCAGTTGATGGAC,0,716465
crpp1,0.1111111111111111,8,8,CGCATCTCATGCTCTACGCC,0,721090
crpp1,0.1111111111111111,8,8,CCTACTGTCAGGCGTTACGC,0,714377
crpp1,0.1111111111111111,8,8,CCCGCCGGGTGGGGTCCTGA,0,716863
crpp1,0.1111111111111111,8,8,CCCGAAACGGAGCTGTTCAA,0,716982
crpp1,0.1111111111111111,8,8,CCCAGGGGTCACGAATCGAG,0,712541
crpp1,0.1111111111111111,8,8,CCAGATATAATGATTCGATA,0,712772
crpp1,0.1111111111111111,8,8,CCAACCGACGTCACTCTAAT,0,716843
crpp1,0.1111111111111111,8,8,CATCACTCACAGGCGAGCAT,0,718930
crpp1,0.1111111111111111,8,8,CATCACTAATGCATGGCTTC,0,714839
crpp1,0.1111111111111111,8,8,CAGAGCTCTATCTCTCCGGT,0,721742
crpp1,0.1111111111111111,8,8,CACAAACAACCGGTCTTAAC,0,717047
crpp1,0.1111111111111111,8,8,CAATTATGACTATTAACGCA,0,714899
crpp1,0.1111111111111111,8,8,CAACGCGCGGAGATAGATGT,0,718758
crpp1,0.1111111111111111,8,8,CAACCGGCGCGTTCATAGAT,0,720410
crpp1,0.1111111111111111,8,8,ATTCGTGTCCGAATCTATAG,0,720188
crpp1,0.1111111111111111,8,8,ATTCGCACAAATAGCCACAT,0,719395
crpp1,0.1111111111111111,8,8,ATTCACGTTACAACAGGTAG,0,715516
crpp1,0.1111111111111111,8,8,ATTACGGCCCTGAAATGAGT,0,719197
crpp1,0.1111111111111111,8,8,ATGTAAGGCGGGTGCTGATT,0,718324
crpp1,0.1111111111111111,8,8,ATGAATGAGCATGAAAAACC,0,717207
crpp1,0.1111111111111111,8,8,ATCTACCGCCGGTCAGTCCA,0,712602
crpp1,0.1111111111111111,8,8,ATCGCTAGGCTTTTGAACGG,0,717181
crpp1,0.1111111111111111,8,8,ATCGACACATCGCCATCCTT,0,719517
crpp1,0.1111111111111111,8,8,ATCATTAGAATGGGAGTGCT,0,718093
crpp1,0.1111111111111111,8,8,ATATGCGTTCCCTACGCGTC,0,713072
crpp1,0.1111111111111111,8,8,AGTGGACAGCAGGAGCTTTC,0,719561
crpp1,0.1111111111111111,8,8,AGGTGGTACGGGAATATGTT,0,713313
crpp1,0.1111111111111111,8,8,AGGCGAGAAAAATAAAAAGT,0,712577
crpp1,0.1111111111111111,8,8,AGGAACGGGGAATGCTTGCA,0,712969
crpp1,0.1111111111111111,8,8,AGCTTATGTCCCAGTGGGAT,0,715821
crpp1,0.1111111111111111,8,8,AGAAGATTAAGATGCGGACG,0,713606
crpp1,0.1111111111111111,8,8,AGAAACATTGCGCGTTGGTT,0,714151
crpp1,0.1111111111111111,8,8,ACTTCGAGCATCGGCGGTTG,0,714282
crpp1,0.1111111111111111,8,8,ACTCGAGCCGGCATTTTGGT,0,714772
crpp1,0.1111111111111111,8,8,ACTCACATGGACCTGAAACG,0,717330
crpp1,0.1111111111111111,8,8,ACGTTAGTCATTCTGCTTGT,0,715388
crpp1,0.1111111111111111,8,8,ACGTACCTCGATTATCGTGG,0,715843
crpp1,0.1111111111111111,8,8,ACGGGGGCTCCAGCTGGTCA,0,713097
crpp1,0.1111111111111111,8,8,ACGCATTTCACTTTTACGTG,0,717267
crpp1,0.1111111111111111,8,8,ACCGCCTTCCGTCATACGTG,0,718788
crpp1,0.1111111111111111,8,8,ACCAGCAGGTCCACCTCTGC,0,715297
crpp1,0.1111111111111111,8,8,AATTTGATTTTTCTACGCTG,0,720160
crpp1,0.1111111111111111,8,8,AATACTCTCGAGAATTTTAC,0,716320
crpp1,0.1111111111111111,8,8,AAGTAGAAGGGCGTTACATC,0,717473
crpp1,0.1111111111111111,8,8,AAGAGTACTGGAACATACAG,0,721424
crpp1,0.1111111111111111,8,8,AAGAGCACTTAACAGCAGTC,0,720318
crpp1,0.1111111111111111,8,8,AACCTTTCGTTACCGAGGGG,0,713148
crpp1,0.1111111111111111,8,8,AAAGGTGGTTCAGAGACATA,0,715253
crpp1,0.125,7,7,TTTTGGTCAGCGCGAGCCCT,0,716409
crpp1,0.125,7,7,TTTACGACGTAGTTTCCGCA,0,719866
crpp1,0.125,7,7,TTTAACCATTAACTCTTGAA,0,713502
crpp1,0.125,7,7,TTGAGGCGATGTTTACACGG,0,717184
crpp1,0.125,7,7,TTCTCATGAGGTCATTTTGC,0,717927
crpp1,0.125,7,7,TTCGGCTAAGCGAATGATAC,0,716046
crpp1,0.125,7,7,TTCCCTTTCTGTCGGTGACA,0,712966
crpp1,0.125,7,7,TTACTGGTGTGTTTCGTGCC,0,714480
crpp1,0.125,7,7,TGTCTTATTCGCCTTTCTAT,0,713945
crpp1,0.125,7,7,TGTATCTTCTATCGCTTGGT,0,717720
crpp1,0.125,7,7,TGTATAGAGCATAGATCACT,0,716363
crpp1,0.125,7,7,TGGGGAAATCCATACCAACG,0,718772
crpp1,0.125,7,7,TGGGCGGCCAGCGCGACAAC,0,715043
crpp1,0.125,7,7,TGATCCACGTGCGGGAGCAT,0,718556
crpp1,0.125,7,7,TGAGTAGAGAGCGCATACCA,0,717255
crpp1,0.125,7,7,TCTTGAAGGCCGACTGTGTT,0,721605
crpp1,0.125,7,7,TCGTCTATAAGTTGGTTATT,0,713547
crpp1,0.125,7,7,TCGTATAAGACTACAGAATC,0,712676
crpp1,0.125,7,7,TCAATCCGAAAAGCCGTTCC,0,716253
crpp1,0.125,7,7,TATCTGGGTATCAAGGTTCT,0,720892
crpp1,0.125,7,7,TATCGCGACATTGTGACTTA,0,714823
crpp1,0.125,7,7,TAGCAAACATACCAGGAAAC,0,720353
crpp1,0.125,7,7,TACTAGATTGTGAAACAAGG,0,713672
crpp1,0.125,7,7,TACTAACAATAAGGCCGTTA,0,718108
crpp1,0.125,7,7,TACATAGGGTTGCTCAGGGG,0,715926
crpp1,0.125,7,7,TAATAAGCATGCCGGGACCC,0,720185
crpp1,0.125,7,7,TAACCTTGTAATATGGTTCC,0,717339
crpp1,0.125,7,7,GTGCATTTATCCGACAATAC,0,716220
crpp1,0.125,7,7,GTCCAAGGGTGCACGACAGT,0,716483
crpp1,0.125,7,7,GTATTAAAGCGCGCCGCCGT,0,721385
crpp1,0.125,7,7,GTATAAGCGGAGCAGGGTAT,0,719258
crpp1,0.125,7,7,GGTTCGAAGGGCGGTTTGTA,0,720092
crpp1,0.125,7,7,GGGTTGGCTTTTTAGAGAGG,0,717674
crpp1,0.125,7,7,GGGGCCTGAAGCTGTCGCTT,0,713111
crpp1,0.125,7,7,GGGCAGAATCCTGGAGATAA,0,719490
crpp1,0.125,7,7,GGCTCGGCCTGTACCGTTGA,0,713937
crpp1,0.125,7,7,GGCGTCTAATCGGACTTTGG,0,713128
crpp1,0.125,7,7,GGCATCTCGTTGCTTAGCAA,0,718797
crpp1,0.125,7,7,GGAGCCCGATCGTATGGGGG,0,714275
crpp1,0.125,7,7,GGACCCCTCCATTTGAAGTA,0,720076
crpp1,0.125,7,7,GCTGGTCACTGTGTACGTTT,0,720910
crpp1,0.125,7,7,GCGGCGGACTCTATGGTTGG,0,716131
crpp1,0.125,7,7,GCCCGGCCTTCTAGAAACAG,0,716215
crpp1,0.125,7,7,GCCCGAACGATACGATTGAA,0,714410
crpp1,0.125,7,7,GCCAGCATGCAGTAGACACA,0,721551
crpp1,0.125,7,7,GCACTTGTTTTCCCGATTCC,0,716114
crpp1,0.125,7,7,GCACTGTGGCTTTGCGGGGT,0,719285
crpp1,0.125,7,7,GCACGTGACTATAGAGCCTG,0,717315
crpp1,0.125,7,7,GCACGAGAATCAAAGACGAC,0,718271
crpp1,0.125,7,7,GATCAACCTGATGTCGTCGT,0,716124
crpp1,0.125,7,7,GATACCTCATCATCGGTAAT,0,716968
crpp1,0.125,7,7,GAGTCTTGAAGACAGATAAG,0,715884
crpp1,0.125,7,7,GAGGGTAGTCAGCGACAAGA,0,715857
crpp1,0.125,7,7,GAGGAGTAAAAGGTGTCAAG,0,715381
crpp1,0.125,7,7,GAGGAGATCAGGAGAGGGAT,0,715354
crpp1,0.125,7,7,GAGCTAACAAGCTTCAGACT,0,713736
crpp1,0.125,7,7,GACGGCAGCGCCCTATGGGC,0,717170
crpp1,0.125,7,7,CTGCTCTGCGATCGCTTGCT,0,713047
crpp1,0.125,7,7,CTGCAATCCGCTCCTTCGAA,0,721663
crpp1,0.125,7,7,CTCTGGGAAGGTAGGAGCTT,0,712480
crpp1,0.125,7,7,CTCTGCATCAATTGTTGGTC,0,714643
crpp1,0.125,7,7,CTCAGTCTCACCAGGTAGTT,0,718384
crpp1,0.125,7,7,CTCAAGTCGCCTTCCTCTGG,0,714761
crpp1,0.125,7,7,CTACACATCCGGTGGAACCC,0,715785
crpp1,0.125,7,7,CTAAATGGACCTTTTAATCA,0,715703
crpp1,0.125,7,7,CGTTGTATGTGTGGGCGTGA,0,715813
crpp1,0.125,7,7,CGTGCCCTATGGCAGTACAC,0,719411
crpp1,0.125,7,7,CGTAATCGTACGACGTCAGG,0,720423
crpp1,0.125,7,7,CGGGAAGCATACGGCCGGGA,0,719657
crpp1,0.125,7,7,CGGCTTTATGATCGGATGGA,0,715383
crpp1,0.125,7,7,CGGCGTCCTGTACGGAAGAT,0,713864
crpp1,0.125,7,7,CGCTTGGGTATCTTCTCTGC,0,718748
crpp1,0.125,7,7,CGCGCCCTCTAGATCGATTT,0,718315
crpp1,0.125,7,7,CGCGCCAACTTTCTCAGGCA,0,717046
crpp1,0.125,7,7,CGCAACTATTGATTCAATGC,0,718100
crpp1,0.125,7,7,CGCAAAAGTCAGCGCTCTAC,0,714475
crpp1,0.125,7,7,CGAAGTGGTGCACGGTGAGG,0,718435
crpp1,0.125,7,7,CCTGGGTTCCAGGAGATATC,0,721793
crpp1,0.125,7,7,CCTCACCATACGGGCTGCAG,0,720650
crpp1,0.125,7,7,CCGTCATATCGCTTGGGGTT,0,712808
crpp1,0.125,7,7,CCCCTGCCCTCAAGATTAGT,0,717716
crpp1,0.125,7,7,CATTATATCCGCCGAACTCT,0,716487
crpp1,0.125,7,7,CAGAGGAGTTACGACTCTTG,0,720082
crpp1,0.125,7,7,CACGGGAAGAGGGGTGGTTC,0,719800
crpp1,0.125,7,7,ATTTTTATGAGTGGGGCGAC,0,716397
crpp1,0.125,7,7,ATTGGCAGTGGTTATTTACA,0,713757
crpp1,0.125,7,7,ATTCGTAAGGTCTACCCTTA,0,718920
crpp1,0.125,7,7,ATCCGTAGGGTTGGCTTGGA,0,719472
crpp1,0.125,7,7,ATCAAGTTGAGCACTTCTCT,0,717586
crpp1,0.125,7,7,AGTGTATAAAAGCAGTGGAA,0,719704
crpp1,0.125,7,7,AGTCCTTCCAGGAACATCAT,0,719047
crpp1,0.125,7,7,AGTAATGCTCAGGTTATAGT,0,717977
crpp1,0.125,7,7,AGGGTCGCCTACGGATAGCC,0,713464
crpp1,0.125,7,7,AGGGCCGGCTTTTCCCTATC,0,717032
crpp1,0.125,7,7,AGGAGATCACATTGCAAAGT,0,715880
crpp1,0.125,7,7,AGGACTTGTGTGATCCGTCC,0,716204
crpp1,0.125,7,7,AGCGAGCTCGCACCTTGACT,0,718752
crpp1,0.125,7,7,AGCAAGAAACAGATCAGATG,0,717276
crpp1,0.125,7,7,AGATGGATATAGGAGCTTCT,0,714865
crpp1,0.125,7,7,ACTTCATATGGGTAGTGCCT,0,719004
crpp1,0.125,7,7,ACTCGGTGGTCTGCAGTGAG,0,719153
crpp1,0.125,7,7,ACTCCACCCTATGCCTTCGG,0,720370
crpp1,0.125,7,7,ACTATACCAGAATCACTTAG,0,718733
crpp1,0.125,7,7,ACGTTCCGTGTGCTATGATT,0,716156
crpp1,0.125,7,7,ACCTAGGTGAATGGGGCGCA,0,718895
crpp1,0.125,7,7,ACCGAATCAAACGTTCAAGG,0,719308
crpp1,0.125,7,7,ACCAGTTCGACTACCGGCTA,0,714392
crpp1,0.125,7,7,ACATTCCTAAAGAGCAAACT,0,718816
crpp1,0.125,7,7,AATGTTGGCGACTCGGGAGT,0,713460
crpp1,0.125,7,7,AATCCGTAGTATCGAGGGAG,0,716951
crpp1,0.125,7,7,AATACGGGTCAGGGGCACAA,0,713485
crpp1,0.125,7,7,AATAATTACTTTCCTGATGC,0,716515
crpp1,0.125,7,7,AAGTTATAAACCTTCGATAC,0,721390
crpp1,0.125,7,7,AAGGTGTCCTGACGACCAGC,0,716868
crpp1,0.125,7,7,AAGCCTTCTTGGGGTTGGGT,0,715811
crpp1,0.125,7,7,AACAACAATCTAACCGGCCT,0,720747
crpp1,0.125,7,7,AAAGATTAGTAGGAGAAGGT,0,720137
crpp1,0.125,7,7,AAAACTTGCGTCCTTCATGA,0,721563
crpp1,0.125,7,7,AAAAAGTGCAGGATTTCAAA,0,720931
crpp1,0.125,7,7,AAAAACTATCCATTTTCGAG,0,717532
crpp1,0.14285714285714285,6,6,TTTTGGCCCACCCTTGCCGG,0,721015
crpp1,0.14285714285714285,6,6,TTTTCTTGCGACGAACCTTC,0,716477
crpp1,0.14285714285714285,6,6,TTTGTTAACATAACAACTCA,0,712578
crpp1,0.14285714285714285,6,6,TTGCACAACGTGTTGCGTGA,0,712996
crpp1,0.14285714285714285,6,6,TTGAAGGCCCGGTACTCGCC,0,714610
crpp1,0.14285714285714285,6,6,TTCTTTACGTAAGGTAGAAT,0,721508
crpp1,0.14285714285714285,6,6,TTCACCTCAGCAGTTTGGAC,0,713542
crpp1,0.14285714285714285,6,6,TTAGACACTTACACGCCGTT,0,719319
crpp1,0.14285714285714285,6,6,TTACGGTAAACGCACTGAAT,0,717853
crpp1,0.14285714285714285,6,6,TTAAATCACCAGCCCAACCA,0,721405
crpp1,0.14285714285714285,6,6,TGTTCATCATAGCTGTCCGT,0,720277
crpp1,0.14285714285714285,6,6,TGTGTTCTGCGAGAGTACTT,0,718388
crpp1,0.14285714285714285,6,6,TGTCAGCTGAGCGAGAGGAG,0,715690
crpp1,0.14285714285714285,6,6,TGTCACTACCGATAAGACGG,0,712861
crpp1,0.14285714285714285,6,6,TGGGTATACTCAGGCAAAGG,0,715498
crpp1,0.14285714285714285,6,6,TGGCACCAATTTTGTCTCAA,0,713711
crpp1,0.14285714285714285,6,6,TGCTCTTCATTATATTTATG,0,715682
crpp1,0.14285714285714285,6,6,TGCGTTTATTGGGCGGAACT,0,718385
crpp1,0.14285714285714285,6,6,TGCCAGTTGGTGCGAGTGGA,0,718112
crpp1,0.14285714285714285,6,6,TGACTCAACTAAAGGAAGAG,0,712799
crpp1,0.14285714285714285,6,6,TGAATAATGGACCTGAGCTT,0,713184
crpp1,0.14285714285714285,6,6,TCTTTTGATGGGCAGTCATT,0,715351
crpp1,0.14285714285714285,6,6,TCGTTGTTTACTTAGTCGCC,0,714124
crpp1,0.14285714285714285,6,6,TCGTCTTAATCCTGTTACGG,0,715629
crpp1,0.14285714285714285,6,6,TCGACTAAGACCGGGATCCC,0,719855
crpp1,0.14285714285714285,6,6,TCCCGTCAACAAAAAAGGGG,0,716834
crpp1,0.14285714285714285,6,6,TCATGTTTTAAACAATCAGC,0,713074
crpp1,0.14285714285714285,6,6,TCATACCCCGAGTATACTAC,0,716523
crpp1,0.14285714285714285,6,6,TCATAACGGGGAACAGCCGA,0,721697
crpp1,0.14285714285714285,6,6,TCAGTCGTCGGCAACGAACG,0,716979
crpp1,0.14285714285714285,6,6,TCACATAGATGCTGTGAATT,0,718382
crpp1,0.14285714285714285,6,6,TCAAGTATATTTGCAACATA,0,720677
crpp1,0.14285714285714285,6,6,TATTGCATCGTCATAGGTCA,0,715438
crpp1,0.14285714285714285,6,6,TAGGCCGAAAAGTTAGGCCT,0,717549
crpp1,0.14285714285714285,6,6,TACGCACTAGGGAAAGCAAA,0,720461
crpp1,0.14285714285714285,6,6,TACAGCCGTGTAAGATAAGT,0,718934
crpp1,0.14285714285714285,6,6,TACACTCAAGAAGCCAATTC,0,718026
crpp1,0.14285714285714285,6,6,TACAACGCGTCTGCAAGATG,0,715732
crpp1,0.14285714285714285,6,6,TAATGCAAAGTGGGCTGGGG,0,714946
crpp1,0.14285714285714285,6,6,TAATCGTCCCTGCCTTAATG,0,714739
crpp1,0.14285714285714285,6,6,TAAGCGATAATGTTAGAGCA,0,718554
crpp1,0.14285714285714285,6,6,TAAGATCAATCTGAGAATCT,0,714828
crpp1,0.14285714285714285,6,6,TAAAGGTAGGCTTGCACTGT,0,717369
crpp1,0.14285714285714285,6,6,GTTTGGGGCCTAGCATGTAA,0,715178
crpp1,0.14285714285714285,6,6,GTTTAGTGTGAGAACGGCCT,0,719362
crpp1,0.14285714285714285,6,6,GTTAAGCGGTAATGTCGGTT,0,719172
crpp1,0.14285714285714285,6,6,GTGTTTACGCAGTGTTAAGC,0,714664
crpp1,0.14285714285714285,6,6,GTGTTATATACACTTGGGCA,0,712752
crpp1,0.14285714285714285,6,6,GTGTTAATTTAGGAAAGTGT,0,720581
crpp1,0.14285714285714285,6,6,GTGGGGAAATGGGTTTAGGT,0,720044
crpp1,0.14285714285714285,6,6,GTGCAGGGACCTATGCCTTA,0,720700
crpp1,0.14285714285714285,6,6,GTCTGCTTTCCACAGGGAAG,0,716571
crpp1,0.14285714285714285,6,6,GTCGTAACGTTTGTCACTCC,0,717564
crpp1,0.14285714285714285,6,6,GTATTCGGGTTGGCTTGCAA,0,717899
crpp1,0.14285714285714285,6,6,GTAGCATCGAGCATTCCGAA,0,714281
crpp1,0.14285714285714285,6,6,GGTTGGCGGAAACATAATGG,0,715270
crpp1,0.14285714285714285,6,6,GGTGACCCGGAAGACACAGA,0,716803
crpp1,0.14285714285714285,6,6,GGGCGCACTATAATTTGGAC,0,715539
crpp1,0.14285714285714285,6,6,GGCAATAAGAGACGCTCTTC,0,716606
crpp1,0.14285714285714285,6,6,GGACCAGGGCTCGCCATTGG,0,714632
crpp1,0.14285714285714285,6,6,GCGTTCCACGTGAACCCAGT,0,715241
crpp1,0.14285714285714285,6,6,GCGATCTGACAGCGTGCTGC,0,714099
crpp1,0.14285714285714285,6,6,GCCGTACACGTTCATCGTTA,0,719890
crpp1,0.14285714285714285,6,6,GCCGATCGAGCTCCTGGCAG,0,713226
crpp1,0.14285714285714285,6,6,GCATGAAGCGGGTCATCATG,0,713519
crpp1,0.14285714285714285,6,6,GCAGGTGGTCAGAGTGCAGT,0,720526
crpp1,0.14285714285714285,6,6,GCAGGACACTCATGGTTGTG,0,717980
crpp1,0.14285714285714285,6,6,GCACTTAGAAAGTACCGGCA,0,721764
crpp1,0.14285714285714285,6,6,GATGCACCCCGTTTAAGGAA,0,716852
crpp1,0.14285714285714285,6,6,GATGAGTAGGGACTATTGGT,0,712767
crpp1,0.14285714285714285,6,6,GATATTGCTGAGACGCGTTG,0,713331
crpp1,0.14285714285714285,6,6,GATACACAGTCAACAAACTC,0,717626
crpp1,0.14285714285714285,6,6,GAGGGGTAGTACGGATTCAC,0,713311
crpp1,0.14285714285714285,6,6,GAGGCTTAATGGACTTTGGT,0,718744
crpp1,0.14285714285714285,6,6,GACCGTATTCTTTTTGATGA,0,716849
crpp1,0.14285714285714285,6,6,GAATCAAGTCAAAAACTGGG,0,718928
crpp1,0.14285714285714285,6,6,GAAGGGCGCAAGTTGCACTT,0,717415
crpp1,0.14285714285714285,6,6,GAAGCCTACATGGAAGCGGG,0,719007
crpp1,0.14285714285714285,6,6,GAAGACGTTCACTGTAAACA,0,718559
crpp1,0.14285714285714285,6,6,CTTGTGCGTTCGGGAATCTG,0,715413
crpp1,0.14285714285714285,6,6,CTTAGAATACGTACCCGTGC,0,714119
crpp1,0.14285714285714285,6,6,CTGGGACATGTTTGGGCTAG,0,712581
crpp1,0.14285714285714285,6,6,CTCGTGTTTGTGTCCAAATG,0,714481
crpp1,0.14285714285714285,6,6,CTCGTACAGGTATCCAAACA,0,720167
crpp1,0.14285714285714285,6,6,CTCGCACAAAGCTGATACGT,0,713158
crpp1,0.14285714285714285,6,6,CTCCTAACAAAATCAAGTAT,0,714568
crpp1,0.14285714285714285,6,6,CTCACCGTTAGCGGAGGCCA,0,719947
crpp1,0.14285714285714285,6,6,CTCAAATGGAAACCTCGACT,0,719024
crpp1,0.14285714285714285,6,6,CTATAGTTATGAGGGTTTCT,0,714328
crpp1,0.14285714285714285,6,6,CGTGTTTCATGAGGGCGACG,0,717108
crpp1,0.14285714285714285,6,6,CGTCCACGGAAGATTCGGTG,0,713172
crpp1,0.14285714285714285,6,6,CGTAGTCGAACACAGCATGA,0,715908
crpp1,0.14285714285714285,6,6,CGTACTCTACTTGTTTGATA,0,716495
crpp1,0.14285714285714285,6,6,CGGGTTTGTCTGTTCTGAAT,0,718742
crpp1,0.14285714285714285,6,6,CGGCTGGCGGGGGAAAGGTA,0,716299
crpp1,0.14285714285714285,6,6,CGGCGCTCCTTATTCGCCGC,0,719611
crpp1,0.14285714285714285,6,6,CGCGTAAGCCAGAGGCAAGG,0,721564
crpp1,0.14285714285714285,6,6,CGATTATTCCTCGAATATAG,0,720278
crpp1,0.14285714285714285,6,6,CGACATGATTTGGGATTCGA,0,716874
crpp1,0.14285714285714285,6,6,CCTGTACGAGAGGTAGATGT,0,713362
crpp1,0.14285714285714285,6,6,CCTCGCGAGAACTTTAAGCA,0,715037
crpp1,0.14285714285714285,6,6,CCTATTTGAGCACTGGTATC,0,714109
crpp1,0.14285714285714285,6,6,CCGTGGCTCTAGCGAGTTTT,0,716076
crpp1,0.14285714285714285,6,6,CCGGGCGGGTTTTCGAGTTC,0,720830
crpp1,0.14285714285714285,6,6,CCGAGGCCTATCCTCAACCG,0,714106
crpp1,0.14285714285714285,6,6,CCCTCCCTATTCCCGGCAAG,0,717482
crpp1,0.14285714285714285,6,6,CCCTACTTATGACTTCTAGG,0,714888
crpp1,0.14285714285714285,6,6,CCCGTACCGTTGCCTGTACA,0,718280
crpp1,0.14285714285714285,6,6,CCCGGGAAACTATGAAGACC,0,720557
crpp1,0.14285714285714285,6,6,CCCGATCAAGATACACGCAA,0,715613
crpp1,0.14285714285714285,6,6,CCCCGGCGTACTCCCGCCTG,0,720528
crpp1,0.14285714285714285,6,6,CCCAAAATCAAGGAATCGCA,0,714604
crpp1,0.14285714285714285,6,6,CCAGGGCAAGTTTAGGAGCA,0,719038
crpp1,0.14285714285714285,6,6,CCAATTCGGGATACACAAAC,0,715763
crpp1,0.14285714285714285,6,6,CATCAGTTACTATACTCTAA,0,714942
crpp1,0.14285714285714285,6,6,CAGTGTCCATTGCGAGGCGC,0,716785
crpp1,0.14285714285714285,6,6,CAGGGAAAGAGCAGGAGGGT,0,719053
crpp1,0.14285714285714285,6,6,CAGCGCGTGAAATGTCGTTA,0,720614
crpp1,0.14285714285714285,6,6,CACTGGGTGAGATCTCCATG,0,717340
crpp1,0.14285714285714285,6,6,CACTCAATTGCGTGGTTCCA,0,714091
crpp1,0.14285714285714285,6,6,CACCTATTTAGCAATGTGGC,0,718285
crpp1,0.14285714285714285,6,6,CAATCACGACGAGGCTACAT,0,714862
crpp1,0.14285714285714285,6,6,CAAAGCGCGGAAAGAAGCAG,0,718886
crpp1,0.14285714285714285,6,6,ATTTTTCCATTTTATGTTCG,0,713032
crpp1,0.14285714285714285,6,6,ATTTGAAAGGGCAGTTTCAT,0,712730
crpp1,0.14285714285714285,6,6,ATTGCAACATAGATCCGTCG,0,712800
crpp1,0.14285714285714285,6,6,ATGTATTGTCCAGATGAGTT,0,718912
crpp1,0.14285714285714285,6,6,ATGGGAGTGCCAACCTCATC,0,720615
crpp1,0.14285714285714285,6,6,ATCATCGCTATTAAGCGGCC,0,716936
crpp1,0.14285714285714285,6,6,ATATTAGCACTCGTGGCCGG,0,721231
crpp1,0.14285714285714285,6,6,ATACACGCGGGCTTAGACTT,0,720068
crpp1,0.14285714285714285,6,6,AGTTCGAAATTTGGGCTTTG,0,718940
crpp1,0.14285714285714285,6,6,AGTCTGTAACTAGACAAGTA,0,716915
crpp1,0.14285714285714285,6,6,AGGTGCCGGAATCCGTAGTG,0,720457
crpp1,0.14285714285714285,6,6,AGGTGACTTTGAATAGATGA,0,716165
crpp1,0.14285714285714285,6,6,AGGGAACCTACTGTCAACTG,0,717654
crpp1,0.14285714285714285,6,6,AGCGACATGGTCTCTGTTTG,0,713276
crpp1,0.14285714285714285,6,6,AGCCGGAGCCGTAGTAGAAG,0,721606
crpp1,0.14285714285714285,6,6,AGATACGGGCTATCGCACCA,0,715672
crpp1,0.14285714285714285,6,6,AGAGCGCAAAGAATTGATTA,0,715536
crpp1,0.14285714285714285,6,6,AGACAGGTAAATTGATGCGA,0,713682
crpp1,0.14285714285714285,6,6,AGAACGTGCATCGTCACTAG,0,718296
crpp1,0.14285714285714285,6,6,AGAAAACTCTGCGGCTTAGT,0,718595
crpp1,0.14285714285714285,6,6,ACTTCTCAGTTCGTGATCGG,0,715645
crpp1,0.14285714285714285,6,6,ACTTAAAGGGTGTAACCGTT,0,716389
crpp1,0.14285714285714285,6,6,ACTGCATGCCGCCCCCTAGA,0,718952
crpp1,0.14285714285714285,6,6,ACGGAAGGCGGAGTTCCCGC,0,720445
crpp1,0.14285714285714285,6,6,ACCGTCCATTTTCGCTGCAA,0,718260
crpp1,0.14285714285714285,6,6,ACCGCAATGGCGGCCCGTAT,0,715877
crpp1,0.14285714285714285,6,6,ACAGTTTGTATCAGGCGTTT,0,713147
crpp1,0.14285714285714285,6,6,ACACACCCGCAGGGTTTCGA,0,717319
crpp1,0.14285714285714285,6,6,AATTTTCAATCGCTGGTGCG,0,719543
crpp1,0.14285714285714285,6,6,AATCGAAGTAAAGTCCGGGA,0,717059
crpp1,0.14285714285714285,6,6,AAGTTAATCAAAATCCGTGT,0,714207
crpp1,0.14285714285714285,6,6,AAGCGCCCCTGACGTTATGG,0,716034
crpp1,0.14285714285714285,6,6,AAGCAAGCCAGTTGTTTGCT,0,715277
crpp1,0.14285714285714285,6,6,AACTCGACCTTACTTGGCCT,0,719243
crpp1,0.14285714285714285,6,6,AACGCACATCCACGCAACAA,0,717537
crpp1,0.14285714285714285,6,6,AACCTGGCTCTTTGCAAACT,0,718590
crpp1,0.14285714285714285,6,6,AAAGGACCAATGGATACTTC,0,716206
crpp1,0.16666666666666666,5,5,TTTTTGAGGCTAAGGAGTTC,0,715816
crpp1,0.16666666666666666,5,5,TTTTAAGCGGTATATAGGCA,0,719094
crpp1,0.16666666666666666,5,5,TTTAGCTTAGTCCGCATAGT,0,712678
crpp1,0.16666666666666666,5,5,TTGTTAGAGCAGTCTCCTCA,0,718581
crpp1,0.16666666666666666,5,5,TTGTGGGTTCACGCCCATGC,0,714160
crpp1,0.16666666666666666,5,5,TTGGTGGCCTTCAAACCTAA,0,717796
crpp1,0.16666666666666666,5,5,TTGCAGCCTGGGGTCCGCAG,0,716613
crpp1,0.16666666666666666,5,5,TTCCTATTTGTATGAACGTG,0,718106
crpp1,0.16666666666666666,5,5,TTCCCGCGGACTAGGAAGCT,0,712982
crpp1,0.16666666666666666,5,5,TTACTCATGTCTCCGTGAAG,0,720947
crpp1,0.16666666666666666,5,5,TTAATTTCCCTATCGTGTAC,0,717358
crpp1,0.16666666666666666,5,5,TTAAATCTTTACCTCTGGGC,0,714656
crpp1,0.16666666666666666,5,5,TGTGCCCCTACCCTGTGGAG,0,717018
crpp1,0.16666666666666666,5,5,TGTGATAACGTATAACTCCT,0,714504
crpp1,0.16666666666666666,5,5,TGTAGACTATAAGCATTCAA,0,713812
crpp1,0.16666666666666666,5,5,TGGTCTGCAAGCAGGATCGC,0,717758
crpp1,0.16666666666666666,5,5,TGGCGGGTAGTAACGGGCCT,0,716905
crpp1,0.16666666666666666,5,5,TGGAGCAGACCGAGGTATCG,0,718235
crpp1,0.16666666666666666,5,5,TGCTCTCGATCGGGCAACAG,0,720926
crpp1,0.16666666666666666,5,5,TGCCTGTGGGGTGGGATGGG,0,717224
crpp1,0.16666666666666666,5,5,TGCCCTGACAGGGAATCCAG,0,716174
crpp1,0.16666666666666666,5,5,TGCATGTTAGTTAGATAGTG,0,717880
crpp1,0.16666666666666666,5,5,TGCAGGACTCTCCTTTGGAC,0,715756
crpp1,0.16666666666666666,5,5,TGATTGATCTCGAGTGGAGG,0,715948
crpp1,0.16666666666666666,5,5,TGAGCTAGGTGTCACAGGGT,0,717966
crpp1,0.16666666666666666,5,5,TGAGCCGCCGGAACGGGTGA,0,720361
crpp1,0.16666666666666666,5,5,TGAGATCACGAACGATCATG,0,716224
crpp1,0.16666666666666666,5,5,TGACGATTTAAACATAACGA,0,716158
crpp1,0.16666666666666666,5,5,TCTGCATATTTTAACGGGAA,0,716192
crpp1,0.16666666666666666,5,5,TCGTATCCAACCTAGGAATA,0,721044
crpp1,0.16666666666666666,5,5,TCGGGTGAAAAGGTACCGGT,0,720436
crpp1,0.16666666666666666,5,5,TCGCGCTAGTGATAGCATAC,0,713819
crpp1,0.16666666666666666,5,5,TCGAGTGACAGTTGGAGGCC,0,713709
crpp1,0.16666666666666666,5,5,TCCGCTAGCGAACGTCGTAA,0,717281
crpp1,0.16666666666666666,5,5,TCATAATTGAACAACAACAA,0,721021
crpp1,0.16666666666666666,5,5,TCACTGCCCGGAAATCCAGA,0,716069
crpp1,0.16666666666666666,5,5,TATTCTATGGATAGATCGAC,0,721422
crpp1,0.16666666666666666,5,5,TATTCAAAAGGTCTCTGCAG,0,720231
crpp1,0.16666666666666666,5,5,TATGCGTGTAAATGCCCAGG,0,713157
crpp1,0.16666666666666666,5,5,TAGGCAGGACCGGAGCCTGT,0,713161
crpp1,0.16666666666666666,5,5,TACCAAGAGAAGCGCACTTG,0,719858
crpp1,0.16666666666666666,5,5,TACACTCCATTTGTTGTTCT,0,716802
crpp1,0.16666666666666666,5,5,TAATCAGAGGAGGTTGATAA,0,720708
crpp1,0.16666666666666666,5,5,TAACTCTGACAAACAAGCAG,0,720946
crpp1,0.16666666666666666,5,5,TAAAGTCCATCGGGCTTGAA,0,720938
crpp1,0.16666666666666666,5,5,GTTGAAACTCGGAGAAACGA,0,714714
crpp1,0.16666666666666666,5,5,GTTGAAACTCCTGTTATCCA,0,716824
crpp1,0.16666666666666666,5,5,GTTCGTGGGAAACTGAGGGT,0,720958
crpp1,0.16666666666666666,5,5,GTTAGTCGTTACGTGAGCTC,0,721632
crpp1,0.16666666666666666,5,5,GTTAGAGGTCTATTGCGTAT,0,719387
crpp1,0.16666666666666666,5,5,GTGGGTTGTTTAACGTAGGC,0,721640
crpp1,0.16666666666666666,5,5,GTCCATTGGGGCTTATGCCC,0,714405
crpp1,0.16666666666666666,5,5,GTATTGAAGAAACTGGCCTT,0,714134
crpp1,0.16666666666666666,5,5,GTACTAGCGTTAGGTCGGAA,0,716082
crpp1,0.16666666666666666,5,5,GTAATGGCAGCATGCGGATG,0,712531
crpp1,0.16666666666666666,5,5,GGTGTTTATTCGTAACGGCT,0,719271
crpp1,0.16666666666666666,5,5,GGTCTCTAATAGTCCGTTGC,0,714283
crpp1,0.16666666666666666,5,5,GGTCCTTGTGTTATAATTGC,0,718076
crpp1,0.16666666666666666,5,5,GGTAATATGTACAACTCCGG,0,717787
crpp1,0.16666666666666666,5,5,GGGGATAGGCGAGTCCCGTG,0,717799
crpp1,0.16666666666666666,5,5,GGGATCTTTGGATTAATCGC,0,720222
crpp1,0.16666666666666666,5,5,GGCTTCGCGCACACACGGTA,0,721703
crpp1,0.16666666666666666,5,5,GGCTGTATTCTGCTTCAGGC,0,713720
crpp1,0.16666666666666666,5,5,GGCTCCCTCTAACGTCCATA,0,716976
crpp1,0.16666666666666666,5,5,GGCGAACGGAGAGCTAATCG,0,715393
crpp1,0.16666666666666666,5,5,GGCAATTTCCGGAGAATTGC,0,719845
crpp1,0.16666666666666666,5,5,GGAGGCCCGCGTCCGTTTTC,0,719002
crpp1,0.16666666666666666,5,5,GGAGAACAGATTGCGCATAC,0,715014
crpp1,0.16666666666666666,5,5,GGACAATTCCTCCTCCGTAT,0,721176
crpp1,0.16666666666666666,5,5,GGAATACGTTAATCCTCCTT,0,714309
crpp1,0.16666666666666666,5,5,GCTAGGGCGGCGACTATCAT,0,721639
crpp1,0.16666666666666666,5,5,GCGTAATCCTATTCACGAGT,0,720688
crpp1,0.16666666666666666,5,5,GCGCGACCAGTATAGTGTGT,0,715074
crpp1,0.16666666666666666,5,5,GCCATGGGTGGGTGCGGGCA,0,714538
crpp1,0.16666666666666666,5,5,GCCATACAGACATTTTAACT,0,716247
crpp1,0.16666666666666666,5,5,GCATACTACACCCACAGATA,0,714628
crpp1,0.16666666666666666,5,5,GCACGACAACTGGCTTGGTA,0,717066
crpp1,0.16666666666666666,5,5,GATGCACAAACCCGGGGACA,0,713890
crpp1,0.16666666666666666,5,5,GATACCGGGAGACCTATATC,0,718380
crpp1,0.16666666666666666,5,5,GAGAGTATAAACCTCGCCTG,0,716870
crpp1,0.16666666666666666,5,5,GACTAGAACGTGAGTCAATT,0,714879
crpp1,0.16666666666666666,5,5,GAATCAAGTTATGTACGGGG,0,715416
crpp1,0.16666666666666666,5,5,CTTTAACGCGGGTATATATT,0,716474
crpp1,0.16666666666666666,5,5,CTTACCGTATGGCATTAAGG,0,714597
crpp1,0.16666666666666666,5,5,CTGTTAGACCGACGAACCGG,0,721013
crpp1,0.16666666666666666,5,5,CTGGCGGGATTACGTATGGT,0,718279
crpp1,0.16666666666666666,5,5,CTGCATAAAATCGAACCGGT,0,712974
crpp1,0.16666666666666666,5,5,CTGCAATCATATGTTTAACA,0,719397
crpp1,0.16666666666666666,5,5,CTATAGTGATTAAACTTTGT,0,721586
crpp1,0.16666666666666666,5,5,CGTTTTTGGTACCCCGGCCG,0,717657
crpp1,0.16666666666666666,5,5,CGTTACCATCTATATTCATC,0,718386
crpp1,0.16666666666666666,5,5,CGGCCGCTGTTAATTTTACG,0,715255
crpp1,0.16666666666666666,5,5,CGCGTGAATGTTGTGGGCGG,0,712943
crpp1,0.16666666666666666,5,5,CGCCTCGTCGATTATTTTCT,0,717238
crpp1,0.16666666666666666,5,5,CGCAGGGTAGCCCGCATTCA,0,715647
crpp1,0.16666666666666666,5,5,CGACGCCGACGCGCATACTT,0,718039
crpp1,0.16666666666666666,5,5,CCTTCGGTGACCAATTTTCG,0,719152
crpp1,0.16666666666666666,5,5,CCTGTCTAGTGTACAACGTC,0,719343
crpp1,0.16666666666666666,5,5,CCTGGCGCACAGGTAAGCGT,0,720147
crpp1,0.16666666666666666,5,5,CCTGCGGAGAGGTAAGGTGA,0,716369
crpp1,0.16666666666666666,5,5,CCTGCCATAGCAATCGAAGA,0,712998
crpp1,0.16666666666666666,5,5,CCTCCCCTATACCGAGAAGA,0,718941
crpp1,0.16666666666666666,5,5,CCGTATGGCGTCCGACGCTC,0,717952
crpp1,0.16666666666666666,5,5,CCGCCGACAGGGGAGTCCAT,0,720507
crpp1,0.16666666666666666,5,5,CCCCCGAGTCCTCCGGTTCA,0,716423
crpp1,0.16666666666666666,5,5,CCCCCCCGCGTGAATTCGTA,0,715177
crpp1,0.16666666666666666,5,5,CCATAACACTAAATTAGCAA,0,718334
crpp1,0.16666666666666666,5,5,CCAACGGGGTAATGGCCTTT,0,717597
crpp1,0.16666666666666666,5,5,CATTGCGAAGGGACGCCGAA,0,721655
crpp1,0.16666666666666666,5,5,CATTCTGTGGAGCTATTATA,0,717241
crpp1,0.16666666666666666,5,5,CATGTCATGGAAACGCACCT,0,715271
crpp1,0.16666666666666666,5,5,CATCGCCACTCCATAAATAA,0,717155
crpp1,0.16666666666666666,5,5,CATATCACAGCAGTGGCGGC,0,716960
crpp1,0.16666666666666666,5,5,CATAATGCGATCATAATCCG,0,713120
crpp1,0.16666666666666666,5,5,CAGTGAAGCCGACGCATCTG,0,720521
crpp1,0.16666666666666666,5,5,CACGGTAAATCCATCTTGAC,0,718336
crpp1,0.16666666666666666,5,5,CAATTGAAATTTTCCTGCTG,0,717788
crpp1,0.16666666666666666,5,5,CAATCTCGTTACAAAATGAC,0,718153
crpp1,0.16666666666666666,5,5,CAATAGGAGCTGGCGTTGTT,0,716718
crpp1,0.16666666666666666,5,5,CAAGTCGTCGAGGTCGGGCT,0,721355
crpp1,0.16666666666666666,5,5,CAACTTCAATTTACAGTCTC,0,715087
crpp1,0.16666666666666666,5,5,CAACCGTCCGGGTCGGGTAC,0,716723
crpp1,0.16666666666666666,5,5,ATTTATTGGCTACGTGTTTC,0,720306
crpp1,0.16666666666666666,5,5,ATTCATAAAACAGGAGGTTG,0,715991
crpp1,0.16666666666666666,5,5,ATGGTCCTGGTTCTTGCAGT,0,716663
crpp1,0.16666666666666666,5,5,ATCGTTCGTAACCAGAGCGG,0,713838
crpp1,0.16666666666666666,5,5,ATCATTTTGAACATATATTT,0,715070
crpp1,0.16666666666666666,5,5,ATCAGTGCCTAATGAGAAAT,0,713290
crpp1,0.16666666666666666,5,5,ATCACTCTTGTCAGTCGTTG,0,720020
crpp1,0.16666666666666666,5,5,ATCAATAAGCAGCTGTAGAC,0,715077
crpp1,0.16666666666666666,5,5,ATATGGACGCCGGGTAACCA,0,720174
crpp1,0.16666666666666666,5,5,ATAGGTTGGACGACTATGTC,0,719090
crpp1,0.16666666666666666,5,5,ATAGCACCGACGGGTAGGGG,0,712727
crpp1,0.16666666666666666,5,5,ATAAAGGCACAAAATCCGCC,0,715352
crpp1,0.16666666666666666,5,5,AGTTCGCAATACTTCTTACA,0,716130
crpp1,0.16666666666666666,5,5,AGTGATGAGCTATCGGCATT,0,719749
crpp1,0.16666666666666666,5,5,AGTACTTCTGATGACCCCAC,0,720113
crpp1,0.16666666666666666,5,5,AGTACTGGCATTCGAGGTTG,0,712600
crpp1,0.16666666666666666,5,5,AGTAAAGGAATCGTCCAATG,0,714731
crpp1,0.16666666666666666,5,5,AGGTTTTGGTACCTAGGGGC,0,719017
crpp1,0.16666666666666666,5,5,AGGATTGTAGTAGGGGGTCA,0,713551
crpp1,0.16666666666666666,5,5,AGCTTTTCAATCCAAAAGTG,0,717575
crpp1,0.16666666666666666,5,5,AGCTTGTGCTTTGGTCATAG,0,714136
crpp1,0.16666666666666666,5,5,AGCCGGAGGGTACATAAGAG,0,720638
crpp1,0.16666666666666666,5,5,AGCCAATTAAGTTTGTCCAT,0,719031
crpp1,0.16666666666666666,5,5,AGAGTGATCATCACCGCGGA,0,717985
crpp1,0.16666666666666666,5,5,AGACCGGCCGAAAGAGTGAA,0,721502
crpp1,0.16666666666666666,5,5,AGACCCAGGTTAAGAGGCGG,0,714587
crpp1,0.16666666666666666,5,5,AGACACCGGACTGGACGTCG,0,716356
crpp1,0.16666666666666666,5,5,AGACAACCACAGAATGTAGG,0,721544
crpp1,0.16666666666666666,5,5,ACTTTTTTGAGTCATTTTTA,0,719752
crpp1,0.16666666666666666,5,5,ACTTGGCGGCGAACTAATTG,0,721601
crpp1,0.16666666666666666,5,5,ACTTCTCGTCGGGTATCTAG,0,715752
crpp1,0.16666666666666666,5,5,ACTCCGTAACTCGTTCTACC,0,721420
crpp1,0.16666666666666666,5,5,ACTCACGTAAGGGCAGAGAG,0,715510
crpp1,0.16666666666666666,5,5,ACTAATGGCAAAATTTGAAC,0,721122
crpp1,0.16666666666666666,5,5,ACTAATACTCAGTTCTGTGT,0,718658
crpp1,0.16666666666666666,5,5,ACGATCACACTAGCACTTAA,0,720505
crpp1,0.16666666666666666,5,5,ACCGATTTTGCTATTAAACT,0,718819
crpp1,0.16666666666666666,5,5,ACCCCTTGTAGACTACTATG,0,717903
crpp1,0.16666666666666666,5,5,ACCCAATCTCTGACGGGAAA,0,720163
crpp1,0.16666666666666666,5,5,ACATACAATATCTTCGCTGA,0,717209
crpp1,0.16666666666666666,5,5,ACAAGTGTCCCATACAAGCG,0,716145
crpp1,0.16666666666666666,5,5,AATTTGACGGGGTTCCATGC,0,714455
crpp1,0.16666666666666666,5,5,AATGACAATCTGGGTCCTTC,0,716812
crpp1,0.16666666666666666,5,5,AATCCAAATCCATGATAGGA,0,716283
crpp1,0.16666666666666666,5,5,AAGTATGATACCGTATCAAG,0,714970
crpp1,0.16666666666666666,5,5,AAGCAGAGTCAACCGATGGC,0,716503
crpp1,0.16666666666666666,5,5,AAGCAAACGAAAGCAATATT,0,713150
crpp1,0.16666666666666666,5,5,AAGATCGATCTCGAGCTATA,0,716574
crpp1,0.16666666666666666,5,5,AAGAGGGGTCACAGGGGAGG,0,721494
crpp1,0.16666666666666666,5,5,AAGACGACGTATCGGCAGGA,0,717987
crpp1,0.16666666666666666,5,5,AAGAAGCCAGCAAATTCTAA,0,718179
crpp1,0.16666666666666666,5,5,AACTTAAGTTAAACGTAGGC,0,715290
crpp1,0.16666666666666666,5,5,AACTCCGAATTCAGCTCGCC,0,714278
crpp1,0.16666666666666666,5,5,AACTATCGTCGCTTACACAG,0,719085
crpp1,0.16666666666666666,5,5,AACCTTTAGTTATCCAAATT,0,715247
crpp1,0.16666666666666666,5,5,AAATTCACGGGTCTGGTATA,0,713703
crpp1,0.16666666666666666,5,5,AAACCTAGAACGGCTCGGAT,0,718099
crpp1,0.16666666666666666,5,5,AAAATAGCATCATGTAGACG,0,717772
crpp1,0.2,4,4,TTTTTATTCAGCGAAGTTCC,0,714891
crpp1,0.2,4,4,TTTTCTGCGAGACATGAAGG,0,720560
crpp1,0.2,4,4,TTTCTTGTCCTCCCACAAGT,0,714640
crpp1,0.2,4,4,TTTCGTAGGGGAGCAGCATC,0,712647
crpp1,0.2,4,4,TTTCCCAAGCGGTCACCCAG,0,718339
crpp1,0.2,4,4,TTTCAAATGATTTGCCAAGG,0,716505
crpp1,0.2,4,4,TTGTGCAGCTTAGGGCTTTG,0,717563
crpp1,0.2,4,4,TTGGGTAAGGTTAACTTGAC,0,716353
crpp1,0.2,4,4,TTGCCATGTGGTTGTACTAG,0,713539
crpp1,0.2,4,4,TTCCAGTCATAAAACTTGGA,0,713190
crpp1,0.2,4,4,TTCATCCTACAGTCACGGGA,0,716298
crpp1,0.2,4,4,TTCAATGGGTGTCTTCGACT,0,719209
crpp1,0.2,4,4,TTATGCAGAGCCTGCCAGCG,0,717322
crpp1,0.2,4,4,TTACTGTTTTCGCGATGCCA,0,721417
crpp1,0.2,4,4,TGTCACAAAACTGAGCGTCC,0,721206
crpp1,0.2,4,4,TGTAGGTTGTACAGCCCGCA,0,715078
crpp1,0.2,4,4,TGGTCGTGGAGGTCGATATT,0,721592
crpp1,0.2,4,4,TGGTCCTGTGGCTAGATGAT,0,719112
crpp1,0.2,4,4,TGGGCCATTGAATGGTTAGA,0,717264
crpp1,0.2,4,4,TGGCCGGGTCCCCTGCAAGT,0,716840
crpp1,0.2,4,4,TGGCACATGTCACATTCGCA,0,719662
crpp1,0.2,4,4,TGGAGTACGCTAAATCAAAC,0,720835
crpp1,0.2,4,4,TGGAAGCCGTGGACGGTTAC,0,719988
crpp1,0.2,4,4,TGCTGGGCACTCTATTTTAA,0,720097
crpp1,0.2,4,4,TGATCGCACTTGCTTTTATA,0,715940
crpp1,0.2,4,4,TGATAAGCGGTCCACGAGGA,0,715341
crpp1,0.2,4,4,TGAGTTCTGCCGGATGGGGT,0,720573
crpp1,0.2,4,4,TCTCATTAAAAGCAGGCCCT,0,713201
crpp1,0.2,4,4,TCTACGCACCTAGCTTAGTG,0,716213
crpp1,0.2,4,4,TCGTGATGCTGCTGAAAGAA,0,718205
crpp1,0.2,4,4,TCGGAATACCTCGTCCCCCC,0,715111
crpp1,0.2,4,4,TCGATAACTAACACGGCTCA,0,720970
crpp1,0.2,4,4,TCCTATTATCAAGCGCGAAT,0,719928
crpp1,0.2,4,4,TCCTATATAATGTGCGAACG,0,717020
crpp1,0.2,4,4,TCCTAATTTAGCCGCAGGCC,0,719463
crpp1,0.2,4,4,TCCGCGCAGCTGAGAGCTAA,0,719278
crpp1,0.2,4,4,TCCCGGAGTAGTGTCCACGA,0,712677
crpp1,0.2,4,4,TCCATATAGACCGATCTACA,0,719944
crpp1,0.2,4,4,TCCAGACTGCAGGTGTGCAA,0,717036
crpp1,0.2,4,4,TCCACGCGTCTAGGGTTAAA,0,714427
crpp1,0.2,4,4,TCCACCCCTGAACGCCATAG,0,718471
crpp1,0.2,4,4,TCAGACTGCAATACCAACCG,0,719674
crpp1,0.2,4,4,TCACGTAGGGACTACATCGT,0,712859
crpp1,0.2,4,4,TCAACGGTATAAATGCAGTA,0,718195
crpp1,0.2,4,4,TATAGATCAGGCAGGTGTGC,0,718533
crpp1,0.2,4,4,TAGTGGAGGCAGTATCGTCC,0,713722
crpp1,0.2,4,4,TAGGGATTGCGCGTACCCAA,0,719131
crpp1,0.2,4,4,TAGGCGGCGTTAACGTACTA,0,720729
crpp1,0.2,4,4,TAGAGCCACAACGGTGTCAG,0,717153
crpp1,0.2,4,4,TACATTGCTGAAGGACTTAA,0,713325
crpp1,0.2,4,4,TAAGGATAAGATTAATAGTT,0,717068
crpp1,0.2,4,4,GTTTTATTCAGTCTCGTGTT,0,718358
crpp1,0.2,4,4,GTTCTGACTGATACACGCTC,0,717367
crpp1,0.2,4,4,GTTACTTACCGACCCGGCTT,0,720063
crpp1,0.2,4,4,GTGTGGGTCATCGGCTGCCG,0,720556
crpp1,0.2,4,4,GTGGGTTAGGGATTGACCAA,0,715581
crpp1,0.2,4,4,GTGGGATTTTGAGCACCAAA,0,714314
crpp1,0.2,4,4,GTGGCTTTGGCCCAGCCCCC,0,718034
crpp1,0.2,4,4,GTGATGGCACGCTTGGTGTT,0,720458
crpp1,0.2,4,4,GTCGTGTGGACCTACGTTAG,0,718525
crpp1,0.2,4,4,GTCGATGGTGTGAGCGTTAG,0,716092
crpp1,0.2,4,4,GTCCTACGACGTGACCCAAC,0,721041
crpp1,0.2,4,4,GTCCCGGACCTCGAGTTATT,0,717053
crpp1,0.2,4,4,GTCATCAGTCGTTCATTCTT,0,716268
crpp1,0.2,4,4,GTCAGCTCCGGAGGCAACCA,0,720067
crpp1,0.2,4,4,GTATATATGGAGTGAGTGAA,0,717959
crpp1,0.2,4,4,GTAGCTAGCCCAGGCTTTAA,0,715639
crpp1,0.2,4,4,GTACAGTTGCTTGCCCTAGA,0,718165
crpp1,0.2,4,4,GTAATTGAGTTACGCGGAAA,0,714023
crpp1,0.2,4,4,GTAAGATAAGCTAGCATAGT,0,718288
crpp1,0.2,4,4,GGTTGCCTGCCATCGAGTCA,0,713858
crpp1,0.2,4,4,GGTTAGTATCTCAACGCGAA,0,717007
crpp1,0.2,4,4,GGTGATTGCAAGAGCAGCCG,0,719631
crpp1,0.2,4,4,GGGTCAATATCCGACGCGAG,0,720339
crpp1,0.2,4,4,GGGGATACGTTTTCGCACGT,0,717483
crpp1,0.2,4,4,GGGCCACCGTTACGTAACTC,0,715034
crpp1,0.2,4,4,GGGAGGGAATGCAACAAAGT,0,713877
crpp1,0.2,4,4,GGGAATTGAAGAGATTCCCG,0,712889
crpp1,0.2,4,4,GGCTTGTCATCAAAAGTATT,0,713498
crpp1,0.2,4,4,GGCTGACCTTAAATATTTGC,0,716944
crpp1,0.2,4,4,GGCGTGTTTGTTATGTCTCT,0,716927
crpp1,0.2,4,4,GGCGCTTTTATCTAGTGGTA,0,717215
crpp1,0.2,4,4,GGCGCATAACCGGGTGAATA,0,717148
crpp1,0.2,4,4,GGCAAAGTGCATAGACTTGG,0,714578
crpp1,0.2,4,4,GGAATCCGGTGGCTCAGATT,0,720689
crpp1,0.2,4,4,GGAAGTCACGGAGATTTATG,0,715062
crpp1,0.2,4,4,GCTTTAGTTCCCAGCGCAAC,0,721354
crpp1,0.2,4,4,GCTTGTGGTATCAACATAAT,0,717163
crpp1,0.2,4,4,GCTGTCAAGCCGCAGCAGGA,0,718659
crpp1,0.2,4,4,GCTGCTGGCAGTTATCTCCT,0,719669
crpp1,0.2,4,4,GCTAATAGGCATGTATTCAT,0,713885
crpp1,0.2,4,4,GCGTTGTTATGGAACCACCT,0,712667
crpp1,0.2,4,4,GCGAGGCGTTCTGGTTAGCA,0,717093
crpp1,0.2,4,4,GCGAGGAGCGCTAAGTTACT,0,713346
crpp1,0.2,4,4,GCGAACATGGAGTTGCATAA,0,717511
crpp1,0.2,4,4,GCCGGTACTATTATCCAGAT,0,714646
crpp1,0.2,4,4,GCCGGCGCCTCGTCCCCTCA,0,719769
crpp1,0.2,4,4,GCCACGGTTATGAGGAGTCT,0,718875
crpp1,0.2,4,4,GCATTCCGTGAGGCCCACAA,0,714906
crpp1,0.2,4,4,GCATCAAAGACCGCTCTATT,0,721403
crpp1,0.2,4,4,GATGGAAAGTCGGAACTCTT,0,713367
crpp1,0.2,4,4,GATGCAGCCAGTGAACCTAC,0,715878
crpp1,0.2,4,4,GATGAACAACGTGGGTAAGG,0,719003
crpp1,0.2,4,4,GATCTAACGTCATTGGGCGA,0,721211
crpp1,0.2,4,4,GATACAGTGAAAACGGTCTA,0,716211
crpp1,0.2,4,4,GAGTTTCGGTCTAGGTATTT,0,716662
crpp1,0.2,4,4,GAGTGTCGGTTTCCAACGAA,0,718371
crpp1,0.2,4,4,GAGTGAGACATACGTGCTGA,0,713814
crpp1,0.2,4,4,GAGTCTTGCGGCAGTGTCCA,0,714674
crpp1,0.2,4,4,GAGAGATTTTGCTGACCTGT,0,720930
crpp1,0.2,4,4,GACTGGGCGCTGAAGGAGTT,0,713758
crpp1,0.2,4,4,GACACGGTCCATACCGATGG,0,721273
crpp1,0.2,4,4,GAACCTTTAGGACAAGGGTG,0,713379
crpp1,0.2,4,4,GAACCGGAGGACAAGATTCC,0,718539
crpp1,0.2,4,4,GAACCCCCAGCATCCCGTGC,0,719382
crpp1,0.2,4,4,CTTTTTTACGACATACTTAT,0,719767
crpp1,0.2,4,4,CTTGGGACCCACGTACGGCA,0,719344
crpp1,0.2,4,4,CTGCTCATAAGGTCTACGAG,0,720437
crpp1,0.2,4,4,CTCATAAACGAGTGCTAAAT,0,713911
crpp1,0.2,4,4,CTATAGTCATATGTTATGAG,0,716002
crpp1,0.2,4,4,CGTTACCTGCGTCCGTTAAC,0,716027
crpp1,0.2,4,4,CGTAAAATCACCGCGAGAAC,0,716172
crpp1,0.2,4,4,CGGTGCGTGTCCAGTCAGCT,0,719622
crpp1,0.2,4,4,CGGTCCAATTTCCGGGCACT,0,718249
crpp1,0.2,4,4,CGGGTAATTAGCTGACAAGT,0,714269
crpp1,0.2,4,4,CGGAGACCAAGCCGCCTTCA,0,712775
crpp1,0.2,4,4,CGCTCTCTGTCCGAAACCAC,0,712725
crpp1,0.2,4,4,CGCGGAAGGACTCAGGAGGA,0,713351
crpp1,0.2,4,4,CGCATGAGCGAACCCAATGG,0,721133
crpp1,0.2,4,4,CGATTGGTTTGGATCAACGG,0,720711
crpp1,0.2,4,4,CGAGTATGGGCTTAGCAGAT,0,716291
crpp1,0.2,4,4,CGAGGATGTTCTTATGATTA,0,713156
crpp1,0.2,4,4,CGAGCCCGCATGCTCTGGGA,0,717378
crpp1,0.2,4,4,CGAGACCTTGTGCAGGCATC,0,718449
crpp1,0.2,4,4,CGAATTAATTAGAGTCCTAT,0,715942
crpp1,0.2,4,4,CCTTGGCGGCGCTCTTATAG,0,713096
crpp1,0.2,4,4,CCTTATGTGAGTTATCCTAG,0,716152
crpp1,0.2,4,4,CCGTACACACTCCTGGCCTC,0,721107
crpp1,0.2,4,4,CCGGGCCGTGAGTGGGGATG,0,721792
crpp1,0.2,4,4,CCGCGGACACGGTACATTAT,0,713130
crpp1,0.2,4,4,CCGCCCCGGTATAAAGTCAT,0,719211
crpp1,0.2,4,4,CCGCCAGCCGAGTCGAATCA,0,716897
crpp1,0.2,4,4,CCATGTACGGGTGTAAACTC,0,715228
crpp1,0.2,4,4,CCATATCTGAAACCTTCGTA,0,721271
crpp1,0.2,4,4,CCAGAGCGCATTGCATCCAT,0,715501
crpp1,0.2,4,4,CATGTTATTCCAGCTCCGTA,0,720518
crpp1,0.2,4,4,CATGTCGGTGGGGCCACCAC,0,717350
crpp1,0.2,4,4,CAGTGGGTTAGCCGCTTGCA,0,713601
crpp1,0.2,4,4,CAGGTACGTGGAACCCCCAC,0,712747
crpp1,0.2,4,4,CAGGGAGGTCTACGAGAGTT,0,718036
crpp1,0.2,4,4,CAGGGAAAGATATACTGGCC,0,717668
crpp1,0.2,4,4,CAGGCACGCTTGCTCGAGAG,0,720905
crpp1,0.2,4,4,CAGCTCAGCTATTTGGCGAT,0,717115
crpp1,0.2,4,4,CAGAATGGCAATCAATCTGG,0,716132
crpp1,0.2,4,4,CACTTGATTGATTTTGATCT,0,713404
crpp1,0.2,4,4,CACCTGATGCTAGCCGAATA,0,720495
crpp1,0.2,4,4,CACCGAACCAGCGGGCGGAG,0,720125
crpp1,0.2,4,4,CACCAATAGGCTGAGGCCGG,0,716005
crpp1,0.2,4,4,CAATGCTTTAGGTGAAACAA,0,718125
crpp1,0.2,4,4,CAATCGTTGACATCCGACAA,0,717366
crpp1,0.2,4,4,CAAAAGTTTCCAGGGTGTTG,0,721169
crpp1,0.2,4,4,ATTTTTTAGTTCCAGAAAAG,0,715474
crpp1,0.2,4,4,ATTGTGTTAGCGATTCCAAT,0,717316
crpp1,0.2,4,4,ATTGGTTTCTACTTCCTGGT,0,717714
crpp1,0.2,4,4,ATTATATGCATCGGAGCGAA,0,720141
crpp1,0.2,4,4,ATTAGCACCGTGAATTCTTG,0,719777
crpp1,0.2,4,4,ATGTGGTTAGACCCGCCCGG,0,714266
crpp1,0.2,4,4,ATGGGGTACACTGGGTCTAT,0,715970
crpp1,0.2,4,4,ATGCGCTGATAAGCGTTAAC,0,716492
crpp1,0.2,4,4,ATCGCCGATGTTCTCTTTGT,0,712459
crpp1,0.2,4,4,ATCCGCGTTGTTGTCATCGT,0,716352
crpp1,0.2,4,4,ATCACTAACTGGCGGGAGGT,0,714930
crpp1,0.2,4,4,ATATGTAATGGGGCTCAAAA,0,717518
crpp1,0.2,4,4,ATACCACTGCGTCTGTGGTC,0,720706
crpp1,0.2,4,4,AGTGTATCAGCCAGAGTGTG,0,713874
crpp1,0.2,4,4,AGTGTAAGGTTGAACGTTGA,0,716150
crpp1,0.2,4,4,AGGTTTCGTTGGGCGCCCGT,0,719761
crpp1,0.2,4,4,AGGGCTTTCCCTAGTACAAG,0,712461
crpp1,0.2,4,4,AGGCCATACCCGATACTCGT,0,715688
crpp1,0.2,4,4,AGGCAGGTTCTGGGTTGCTC,0,718080
crpp1,0.2,4,4,AGGATACTGGTCACGAAGCA,0,717816
crpp1,0.2,4,4,AGGACTCCCCAAATAGCCCG,0,717021
crpp1,0.2,4,4,AGGAAATGGTTTCCGAATCC,0,717320
crpp1,0.2,4,4,AGCTCCATTCCACTGCAGGG,0,713517
crpp1,0.2,4,4,AGCGGGCGTAGACGTGGATA,0,721201
crpp1,0.2,4,4,AGATACGGTTGGGTCTCGAA,0,721426
crpp1,0.2,4,4,AGATAATACAAGACCAGCCT,0,721611
crpp1,0.2,4,4,AGATAACGATCGCTCCGTTG,0,718552
crpp1,0.2,4,4,AGAGACGCGCCGCGCGCCCT,0,721671
crpp1,0.2,4,4,AGACATAGCGGAGCGGCCCA,0,718029
crpp1,0.2,4,4,AGACATACCAGCGTCGAGAC,0,719722
crpp1,0.2,4,4,AGAAGAAGTACGTAGTAACT,0,714655
crpp1,0.2,4,4,ACTCGCCAGCAAGATAAGAA,0,713314
crpp1,0.2,4,4,ACTAAATGAGTGACTGTGTC,0,719438
crpp1,0.2,4,4,ACGGGTCCGGGTTTCCACTT,0,716525
crpp1,0.2,4,4,ACGGGGTTGCGTCTCTCCTG,0,719056
crpp1,0.2,4,4,ACGCGATCGACGCTTCTATA,0,713375
crpp1,0.2,4,4,ACGCCCACTGTTGCACCTGC,0,716467
crpp1,0.2,4,4,ACCTTGGCGACAGCCATTAA,0,717589
crpp1,0.2,4,4,ACCCAATAACTTGATGGCCA,0,715343
crpp1,0.2,4,4,ACCATTTAGAGTTTCGCTCG,0,712873
crpp1,0.2,4,4,ACCAAGTACATCCCGATGTA,0,721473
crpp1,0.2,4,4,ACCAACGGGGAACATATCCT,0,716311
crpp1,0.2,4,4,ACAGGGGAGGGCACTATTAG,0,718209
crpp1,0.2,4,4,ACACGCTACCAGTGGTTATG,0,720676
crpp1,0.2,4,4,AAGCGCAAAGTTCTCTTAGC,0,714689
crpp1,0.2,4,4,AAGCCAGAGCGAACTACAAT,0,719502
crpp1,0.2,4,4,AACTAGCGTAGCCAAATATT,0,714690
crpp1,0.2,4,4,AACGGCGAATTCCCGGGCCC,0,713101
crpp1,0.2,4,4,AAAGGAGCGATATCGACGGA,0,714403
crpp1,0.2,4,4,AAAGAGCTCGAGTTCTGAGG,0,717465
crpp1,0.2,4,4,AAAAGGACCAGCTTTGCTGT,0,714533
crpp1,0.2,4,4,AAAAAACCATTCAATATCCC,0,715548
crpp1,0.25,3,3,TTTGAAATGCCTCTAGCTAC,0,719324
crpp1,0.25,3,3,TTTCTTGTGCAAGGATACCA,0,719560
crpp1,0.25,3,3,TTGTGCCGCCCTACACAGTG,0,712995
crpp1,0.25,3,3,TTGGGGGCAGACGAGTCGCT,0,717208
crpp1,0.25,3,3,TTGCGTATAGACGCGCTCCT,0,712716
crpp1,0.25,3,3,TTGCGCATAAATCCGGATCC,0,713322
crpp1,0.25,3,3,TTGAGATAGACCGAATTTAG,0,719840
crpp1,0.25,3,3,TTCTCGCTTTGAAGGGGGGC,0,718181
crpp1,0.25,3,3,TTCTATCCGCGCATGGATGG,0,716071
crpp1,0.25,3,3,TTCTAGCGGGCAAGCGGACG,0,712662
crpp1,0.25,3,3,TTCGTTAACCGTCAGTCCAC,0,714954
crpp1,0.25,3,3,TTCGTGGCGCAAGCCTTACA,0,718794
crpp1,0.25,3,3,TTCGGGACTTGAGATGTCAA,0,715560
crpp1,0.25,3,3,TTCCCCTGACAGGGTAGATA,0,718991
crpp1,0.25,3,3,TTCAGAGCAGTATGTATTGT,0,720607
crpp1,0.25,3,3,TTCACAGGTGCTCAATTAGC,0,716660
crpp1,0.25,3,3,TTATGATTGAGAATCCAATT,0,718405
crpp1,0.25,3,3,TTATAAGAGGGCGATCGGCC,0,721788
crpp1,0.25,3,3,TTACAAACGATAAATAGTGT,0,714647
crpp1,0.25,3,3,TGTAGATAATGTATTTAGAC,0,719555
crpp1,0.25,3,3,TGTACCTCGCTTTGGACATG,0,716999
crpp1,0.25,3,3,TGTAAGGCCGATTTTTAGTA,0,719021
crpp1,0.25,3,3,TGGTCTTGTTGACTCTCTCC,0,718743
crpp1,0.25,3,3,TGGGCTGTAAAAGAATAGGT,0,719379
crpp1,0.25,3,3,TGGGAAGTAGTATACACCAA,0,716181
crpp1,0.25,3,3,TGGCTGACGAAAGCCCAGGA,0,721427
crpp1,0.25,3,3,TGCGTTGTAGAGGTCGATAT,0,717746
crpp1,0.25,3,3,TGCGGTAAAACTTTTGGCGT,0,721078
crpp1,0.25,3,3,TGCGAGGGTGCACTCCGGTC,0,720192
crpp1,0.25,3,3,TGCCCGAGAGATCCCACTGC,0,714972
crpp1,0.25,3,3,TGCCATAGCGTCGATTGGAT,0,720198
crpp1,0.25,3,3,TGCCAGTTCGCACCGGAACT,0,719994
crpp1,0.25,3,3,TGCATGTGGATAATACGGGT,0,720291
crpp1,0.25,3,3,TGCATCTGCATACGCGCATA,0,713505
crpp1,0.25,3,3,TGATCGTGAGAAAAGCGTTC,0,716265
crpp1,0.25,3,3,TGAGTATTCCTGAAGGTAGT,0,714537
crpp1,0.25,3,3,TGAGCGTATGTTAGTTGGGT,0,715789
crpp1,0.25,3,3,TGAGCCCTCGGTGACTATGG,0,718631
crpp1,0.25,3,3,TGACAATACGCTAGCGCCGA,0,721735
crpp1,0.25,3,3,TGAAAATTCGTCGGCTGAAG,0,719443
crpp1,0.25,3,3,TCTGTTGTGTATGGTTTAAT,0,717034
crpp1,0.25,3,3,TCTGGCGATGTGAATTACTA,0,721152
crpp1,0.25,3,3,TCTCGTAGTGTACACACGGT,0,720621
crpp1,0.25,3,3,TCTATGAAATAGTAATCACG,0,712933
crpp1,0.25,3,3,TCGGTTAGCGATATCGTGTA,0,717024
crpp1,0.25,3,3,TCGGTGGCGTGCCTTTTGGT,0,712785
crpp1,0.25,3,3,TCCGTCCAATTGTTCGATAC,0,716277
crpp1,0.25,3,3,TCATGGACGTACTATGCCCT,0,714703
crpp1,0.25,3,3,TCAGGAGGTTGCTATGCTCC,0,714658
crpp1,0.25,3,3,TCACGGATAACTACATTCAG,0,718155
crpp1,0.25,3,3,TCAAGAATATTCAGCATCTG,0,715179
crpp1,0.25,3,3,TCAACTTTGTGGTAGACGGG,0,713985
crpp1,0.25,3,3,TCAAAGGGTCCGGAGGGCGG,0,716789
crpp1,0.25,3,3,TATTGTGATAAGAGAAAAAA,0,713905
crpp1,0.25,3,3,TATGCAAGTCATAATCCACA,0,715220
crpp1,0.25,3,3,TATCCACTCTGATGTGTAAC,0,720798
crpp1,0.25,3,3,TATATCAATCCTACGAGGTA,0,713175
crpp1,0.25,3,3,TATATATACAAACCGACATC,0,716051
crpp1,0.25,3,3,TATAGTCAGAGAACTATCTC,0,713488
crpp1,0.25,3,3,TATACCATGAAACCGACTGT,0,717516
crpp1,0.25,3,3,TAGGTTTGACGCTCCCGAAT,0,713262
crpp1,0.25,3,3,TAGGGCCTTTTATAAAGGGG,0,719832
crpp1,0.25,3,3,TACGCGCTTGCCCATATAAA,0,720885
crpp1,0.25,3,3,TACAGTCAGGCGTAGCTTCA,0,716244
crpp1,0.25,3,3,TAAATTGGACATAATCAAAG,0,713019
crpp1,0.25,3,3,GTTTCATGATCAGGAACAAA,0,718274
crpp1,0.25,3,3,GTTTAGTACGCACATCCGCT,0,719175
crpp1,0.25,3,3,GTTTAAATCAGTTAGTAGAA,0,717774
crpp1,0.25,3,3,GTTGAGAACCTTCCCCGAAG,0,713483
crpp1,0.25,3,3,GTTCTTCGATCATGCAACTC,0,720663
crpp1,0.25,3,3,GTTCCTGCAAACTAGGGGGT,0,714434
crpp1,0.25,3,3,GTTAGTACCTACAAGGTTCG,0,716402
crpp1,0.25,3,3,GTTAATGCCCCGTCGAGGTA,0,715469
crpp1,0.25,3,3,GTTAAGTTCCCCCAGGGATA,0,719982
crpp1,0.25,3,3,GTTAACTCGTAATGGTGCGT,0,720730
crpp1,0.25,3,3,GTGTCGCCGTCCACAGAGAG,0,715022
crpp1,0.25,3,3,GTGGTAGTTGTACAAGGGGG,0,716827
crpp1,0.25,3,3,GTGGGCTTTTATAAGTAAGA,0,719873
crpp1,0.25,3,3,GTGCACTCAGGTACCACTGA,0,720904
crpp1,0.25,3,3,GTGCACCAATGGCAGGGCAC,0,719981
crpp1,0.25,3,3,GTGACCGTGTCCAGGGCTAA,0,716205
crpp1,0.25,3,3,GTCTGTTTTGAAAGACTATG,0,714920
crpp1,0.25,3,3,GTCTAGAGTTGGGTAAAACA,0,714253
crpp1,0.25,3,3,GTCGCTTTAGTGCAGTGCAG,0,718729
crpp1,0.25,3,3,GTCGCACTGTGATTAACGGT,0,715525
crpp1,0.25,3,3,GTAGGAGGTGTAGCACAGCT,0,715399
crpp1,0.25,3,3,GGTTTCGTCGATGATAATCC,0,716456
crpp1,0.25,3,3,GGTTGTCAACCACAGATAGC,0,717231
crpp1,0.25,3,3,GGTGGAGTATTGGCGTCCTG,0,721416
crpp1,0.25,3,3,GGTCGTGCAAGTTAATCGGA,0,718335
crpp1,0.25,3,3,GGTCACAGAAATGAGAACGG,0,719698
crpp1,0.25,3,3,GGTACCGTGCTCGGGAGCGA,0,717434
crpp1,0.25,3,3,GGTACATTTACTACTCTCCT,0,712898
crpp1,0.25,3,3,GGGTTGTTGCACGCGCAGGA,0,720922
crpp1,0.25,3,3,GGGTCCCTCGCCTGGGTGGT,0,717572
crpp1,0.25,3,3,GGGGAGATTATGTGGTTGAC,0,714736
crpp1,0.25,3,3,GGGCCGATCTTTTGACCCTT,0,716390
crpp1,0.25,3,3,GGCGGGGGCATGAGGGGTCG,0,716151
crpp1,0.25,3,3,GGAGATACGACTATATGGAG,0,721633
crpp1,0.25,3,3,GGAGAGACAAACCTTGGTCG,0,712755
crpp1,0.25,3,3,GGAACGTAGTATTATATGTG,0,720178
crpp1,0.25,3,3,GCTTTAGTTCAAGACTACGC,0,719249
crpp1,0.25,3,3,GCTGAATATGATTTAGATCT,0,718219
crpp1,0.25,3,3,GCTCATACTTATCCTACACT,0,714644
crpp1,0.25,3,3,GCGTGGAAGCATCAAAGTAT,0,713330
crpp1,0.25,3,3,GCGGCGAGATATACCATGAT,0,721227
crpp1,0.25,3,3,GCGATGGAGAAGCTGTCTCT,0,718868
crpp1,0.25,3,3,GCGACTCGGGATACCGCGTA,0,717710
crpp1,0.25,3,3,GCCTTTCAGTGCATCTACGT,0,716848
crpp1,0.25,3,3,GCCCGATAAGGAGTAGACTT,0,715687
crpp1,0.25,3,3,GCCAACGTAATAAAGCGTTG,0,712520
crpp1,0.25,3,3,GCAGGTCTTCTGAAACAGGT,0,719518
crpp1,0.25,3,3,GCAGCTGCTAGGGGAAGATC,0,721195
crpp1,0.25,3,3,GCACCCAACTTTTATAATCT,0,714796
crpp1,0.25,3,3,GCACACATCAGCATTCTTAG,0,713855
crpp1,0.25,3,3,GATTAAACCCTTTGACTAAA,0,721228
crpp1,0.25,3,3,GATAGCACACAGGTGCATTA,0,715667
crpp1,0.25,3,3,GATACATCACCGGCGTTTGT,0,718123
crpp1,0.25,3,3,GAGTTCGGGCTAGGCATGCT,0,719481
crpp1,0.25,3,3,GAGTTATTCTTTATTCTCTT,0,716079
crpp1,0.25,3,3,GAGTACGACGGCCCAATAAA,0,716091
crpp1,0.25,3,3,GAGGGATCCATGCCTGTCCA,0,716585
crpp1,0.25,3,3,GAGAGCTATGGAACGATTCC,0,715446
crpp1,0.25,3,3,GACAGGCATTCACCGACGCA,0,714634
crpp1,0.25,3,3,GACACCAGGAGCCCCCCATA,0,721307
crpp1,0.25,3,3,GAATGCGATACAGCGGTCGC,0,718773
crpp1,0.25,3,3,GAACTGTACCTACTCGGGTA,0,716670
crpp1,0.25,3,3,GAACTAGGAGAGGCTAGGCA,0,720917
crpp1,0.25,3,3,GAACGACGGGATAGCAGGGT,0,713893
crpp1,0.25,3,3,CTTTTTGTACGGGCGTCGGA,0,716641
crpp1,0.25,3,3,CTTTCAGCAGGAGGCTCCAC,0,716884
crpp1,0.25,3,3,CTTCTGAAGTGAGCTCAGAT,0,713327
crpp1,0.25,3,3,CTGGTGAGCCGTATCGTAGA,0,719604
crpp1,0.25,3,3,CTGGTCTTCTAAGGCCTCTC,0,712871
crpp1,0.25,3,3,CTGCTCATGTGCCGATTTAC,0,714108
crpp1,0.25,3,3,CTGCGGGAGTACGAGCGTGT,0,714147
crpp1,0.25,3,3,CTGATCGCAGTTAATCGTGT,0,715021
crpp1,0.25,3,3,CTGATAGAGGTAACATCGGT,0,715273
crpp1,0.25,3,3,CTCGGCAATCTTAGGGGTCG,0,720583
crpp1,0.25,3,3,CTAGAGAGTTTATCTAGGTG,0,716347
crpp1,0.25,3,3,CTACGTGCCTTTATACGAGG,0,719383
crpp1,0.25,3,3,CTACCTGATAATGGCCCTTG,0,713182
crpp1,0.25,3,3,CGTTTGAAATAGGGGTGTAA,0,714911
crpp1,0.25,3,3,CGTTGTAACACTTCGAGAGT,0,717323
crpp1,0.25,3,3,CGTTATTCGTCTAAGTTCGT,0,713518
crpp1,0.25,3,3,CGTTACCCTGCAGTGTTGTG,0,713275
crpp1,0.25,3,3,CGTCCATATGAGTCTGCGAA,0,715365
crpp1,0.25,3,3,CGTACCCACAATACATGGTT,0,716411
crpp1,0.25,3,3,CGTACCAGTCTCTACGGCGC,0,720275
crpp1,0.25,3,3,CGGGGAGACTACCCGCTCGC,0,717728
crpp1,0.25,3,3,CGGCTACGCTCATCTGTACT,0,714945
crpp1,0.25,3,3,CGGACGCGAAGGTTGCGAGA,0,716754
crpp1,0.25,3,3,CGGAACACGCACACTTAAGT,0,717567
crpp1,0.25,3,3,CGCTGGCGCAGCGTAAATTA,0,719699
crpp1,0.25,3,3,CGCCGGACGGTTTTCTAATG,0,717694
crpp1,0.25,3,3,CGAGAGACTGTTATCTCACT,0,719173
crpp1,0.25,3,3,CGACGGTAACCTAATCGTCT,0,712893
crpp1,0.25,3,3,CGAACGTCCAGGACTTGCAT,0,712705
crpp1,0.25,3,3,CCTCTATAGAATTAATTACG,0,715205
crpp1,0.25,3,3,CCTAAGCGTCGGACGTACTA,0,717413
crpp1,0.25,3,3,CCGGTACAACTATCCATTAC,0,721370
crpp1,0.25,3,3,CCGGGTAACCGGGTCGGGGA,0,716364
crpp1,0.25,3,3,CCCGAGGCCGGGAGACGCGG,0,719790
crpp1,0.25,3,3,CCCAAATGATACGGTCTTCT,0,719332
crpp1,0.25,3,3,CCATACCTAAATGACCTCGC,0,712661
crpp1,0.25,3,3,CCAGGTATGATGCGCCAAGG,0,717131
crpp1,0.25,3,3,CCAGCCCCGCGAGCGGTCGG,0,715275
crpp1,0.25,3,3,CCAAACCTTAAGTCATGGTA,0,717737
crpp1,0.25,3,3,CATTTGAGAACTTATCGGCG,0,712670
crpp1,0.25,3,3,CATCAGATAGTCTAGAAATC,0,720668
crpp1,0.25,3,3,CATCACCGCGAGGGAATGCC,0,720851
crpp1,0.25,3,3,CAGTTATATTGAAACGAATC,0,713280
crpp1,0.25,3,3,CAGTGGCCCGATGCGGAATC,0,716266
crpp1,0.25,3,3,CACATAGTAGTAACACCATT,0,714041
crpp1,0.25,3,3,CAAGGCAATGCATGGAATGG,0,713564
crpp1,0.25,3,3,CAACCAATGTTCACGTCAAT,0,716995
crpp1,0.25,3,3,CAAACCACTAGGTAGAACTC,0,714611
crpp1,0.25,3,3,ATTTACCCAGGCATGACCAG,0,715842
crpp1,0.25,3,3,ATTGGCTGCTCCCCATCTCT,0,721641
crpp1,0.25,3,3,ATTAGATTTGAATCAAATAA,0,714782
crpp1,0.25,3,3,ATTACACAAGTCCGGATGCG,0,721184
crpp1,0.25,3,3,ATGTTTGCATTTCCTTTTCT,0,717646
crpp1,0.25,3,3,ATGTTGTTGCACTTTTTGAC,0,720494
crpp1,0.25,3,3,ATGGGATGCCGTGTTTGGTC,0,713859
crpp1,0.25,3,3,ATGGAAAGAGCAATCACGTG,0,718715
crpp1,0.25,3,3,ATGCGGAACTCCTGATGTAG,0,721205
crpp1,0.25,3,3,ATATGCGAAGACCTGCGAAT,0,720058
crpp1,0.25,3,3,ATATACGTCTCGGTTACTGC,0,714790
crpp1,0.25,3,3,ATAGGTTGAACCATGGGGAA,0,715274
crpp1,0.25,3,3,ATAGGTAACACCCGGCATCT,0,715306
crpp1,0.25,3,3,ATAGGGTCTAAGATCTGATA,0,715757
crpp1,0.25,3,3,AGTCCTATTAGTGATATTTA,0,712565
crpp1,0.25,3,3,AGTCAGTCTAGTAACGTTCA,0,719111
crpp1,0.25,3,3,AGGGGTGATCTATGCCGGGT,0,719045
crpp1,0.25,3,3,AGGGGCCACCGGAGGGAGAG,0,719919
crpp1,0.25,3,3,AGGCTCGCATGGTTAAAATC,0,717667
crpp1,0.25,3,3,AGCCGGTCACTTTTTTGCGC,0,713636
crpp1,0.25,3,3,AGCCAACTTTGTTTCGTGGG,0,715490
crpp1,0.25,3,3,AGCATTTTCATATGGCATTG,0,721803
crpp1,0.25,3,3,AGCACCAAGCAGTCAGTCAA,0,714801
crpp1,0.25,3,3,AGCACAGACCGCGCGGGCAA,0,712874
crpp1,0.25,3,3,AGAGGGTAAACATCAAATGT,0,721183
crpp1,0.25,3,3,AGAGGCAGCTCCTTCTCGCC,0,717428
crpp1,0.25,3,3,AGAGGCACCTCGTATCCTCT,0,714952
crpp1,0.25,3,3,AGAGGAAAGTGACGTGGAAA,0,714977
crpp1,0.25,3,3,AGAAGGGAACAGATACCGGT,0,716517
crpp1,0.25,3,3,ACTCCGAAGCTATGTTAAAA,0,715162
crpp1,0.25,3,3,ACGTTGCAGTGCCCGGACGT,0,714135
crpp1,0.25,3,3,ACGTGATACAGTTTCCTTTC,0,715631
crpp1,0.25,3,3,ACGGCTTAACAACAATGCAG,0,719416
crpp1,0.25,3,3,ACGCGGCACCATCAGGCAGA,0,720019
crpp1,0.25,3,3,ACGAATCTTCACGAAGGTTC,0,717308
crpp1,0.25,3,3,ACCTCCGCACTATATCTTCC,0,716252
crpp1,0.25,3,3,ACCACTTAATGTTCAGTGGA,0,716403
crpp1,0.25,3,3,ACATGATCTTAAGGAAAATG,0,716380
crpp1,0.25,3,3,ACACTCTCCGTTGCGGCTGT,0,719613
crpp1,0.25,3,3,AATTCTGTTTTCTCCATGGA,0,716580
crpp1,0.25,3,3,AATGGGGCTTGCAAGGGAGA,0,720512
crpp1,0.25,3,3,AATAACATTACGAGGCAGGG,0,719293
crpp1,0.3333333333333333,2,2,TTTGTTGAATCCACGCATCT,0,716933
crpp1,0.3333333333333333,2,2,TTTGTCCAGATCGGTTCAAT,0,714246
crpp1,0.3333333333333333,2,2,TTTGGAATAACTTAGAGAAC,0,713425
crpp1,0.3333333333333333,2,2,TTTGCGAAATTTCTTGGAAG,0,713029
crpp1,0.3333333333333333,2,2,TTTCGTAGGCCCGAAATCGG,0,713865
crpp1,0.3333333333333333,2,2,TTTATAGATCATGCCTAGCA,0,714466
crpp1,0.3333333333333333,2,2,TTTACGTGGATCCCGGACGT,0,720202
crpp1,0.3333333333333333,2,2,TTGGTAGTATCACACCGAGA,0,718771
crpp1,0.3333333333333333,2,2,TTGGCGTAGTTGTTCGGCAA,0,720173
crpp1,0.3333333333333333,2,2,TTGGCCATGATTCGCCACCA,0,720281
crpp1,0.3333333333333333,2,2,TTGGAAGGCCTACCGACTAT,0,712656
crpp1,0.3333333333333333,2,2,TTGCGGCCATTGCCTTGGAA,0,721678
crpp1,0.3333333333333333,2,2,TTCTACAGGAGCCCGCCTCT,0,718407
crpp1,0.3333333333333333,2,2,TTATTATGATCGGGACCAGT,0,720139
crpp1,0.3333333333333333,2,2,TTAGGGCGACCAATCCCACT,0,718667
crpp1,0.3333333333333333,2,2,TTAGCTACCCTACTTTTTAT,0,715373
crpp1,0.3333333333333333,2,2,TTACCAGGTCAACTCAACAT,0,712543
crpp1,0.3333333333333333,2,2,TTAATTTCCAGCATCATCAG,0,713137
crpp1,0.3333333333333333,2,2,TTAACGTAGTCCCCGGGGTC,0,717623
crpp1,0.3333333333333333,2,2,TGTTGAGGATAAAACAAGTC,0,717403
crpp1,0.3333333333333333,2,2,TGTGTCTTTATTTCACAGGA,0,721441
crpp1,0.3333333333333333,2,2,TGTCTTCTCATCGGCCAGAG,0,718517
crpp1,0.3333333333333333,2,2,TGTCTGACCGGGGACATTTG,0,718222
crpp1,0.3333333333333333,2,2,TGTACTTGGCCGCCAAATTT,0,721469
crpp1,0.3333333333333333,2,2,TGTAATCGCTCATATTCTAT,0,718199
crpp1,0.3333333333333333,2,2,TGTAAGTGCGTCCTAGAGCG,0,720670
crpp1,0.3333333333333333,2,2,TGGTATGGATAGCTAGTAAG,0,718367
crpp1,0.3333333333333333,2,2,TGGTAGACTCCGTACATTCC,0,715114
crpp1,0.3333333333333333,2,2,TGGGTTTGACTACGTACATT,0,720315
crpp1,0.3333333333333333,2,2,TGGGCAAGTGTGTTATCCAG,0,719703
crpp1,0.3333333333333333,2,2,TGGCGGAGTCGATTGCCCAG,0,713725
crpp1,0.3333333333333333,2,2,TGGCGATGTAATTACCACTT,0,718126
crpp1,0.3333333333333333,2,2,TGGCCTGCGGTCGAGTGAAG,0,713103
crpp1,0.3333333333333333,2,2,TGCTAGACGCGGGTGTAAGT,0,720297
crpp1,0.3333333333333333,2,2,TGATAGCAAACCGGCACTGA,0,719949
crpp1,0.3333333333333333,2,2,TGACTTGACTTTCTACGCTA,0,714081
crpp1,0.3333333333333333,2,2,TGACGTATGGTCAGTGGCCG,0,717003
crpp1,0.3333333333333333,2,2,TCTCGCATAATCTAGTCGTG,0,714890
crpp1,0.3333333333333333,2,2,TCTCAGAACTGTGCTAATGT,0,719691
crpp1,0.3333333333333333,2,2,TCTATGAACTTTGCAGTAGC,0,716815
crpp1,0.3333333333333333,2,2,TCTAGACACTTGGAAATGAG,0,717334
crpp1,0.3333333333333333,2,2,TCTAACCCTCCAATACATAG,0,720406
crpp1,0.3333333333333333,2,2,TCGTAAGAAACACTCGGCCT,0,717324
crpp1,0.3333333333333333,2,2,TCGGCACGTACTCTGCCTAG,0,716620
crpp1,0.3333333333333333,2,2,TCGGACGACCTGATCGAAGA,0,712545
crpp1,0.3333333333333333,2,2,TCGCTCTCCACATCGTTTCA,0,720705
crpp1,0.3333333333333333,2,2,TCGATGACCGTTTTGTGGAT,0,717274
crpp1,0.3333333333333333,2,2,TCGAGAAAGATCGGGTACTT,0,712831
crpp1,0.3333333333333333,2,2,TCGAAGGACGCAATATATGT,0,713178
crpp1,0.3333333333333333,2,2,TCCCGGCCGGGGCCACCTTA,0,712851
crpp1,0.3333333333333333,2,2,TCCCACTCGCTCTGGCAAGT,0,716969
crpp1,0.3333333333333333,2,2,TCCACTATTCTGTTGCGCCC,0,714509
crpp1,0.3333333333333333,2,2,TCAGCTTTAAGCATCGCAAG,0,716274
crpp1,0.3333333333333333,2,2,TCAAAGTACGGGGCCAGCGG,0,715575
crpp1,0.3333333333333333,2,2,TATGGGTTTTCCTATCCGGA,0,718726
crpp1,0.3333333333333333,2,2,TATCCTCTAGCATTTCTGTA,0,714025
crpp1,0.3333333333333333,2,2,TAGGCCGGGGGGAATGTCCG,0,714727
crpp1,0.3333333333333333,2,2,TAGCTGAATCACAAGCACTA,0,717823
crpp1,0.3333333333333333,2,2,TAGCGGAATTTTGAAGCGGT,0,715630
crpp1,0.3333333333333333,2,2,TAGACCCCCTGTTTGGCTAT,0,715941
crpp1,0.3333333333333333,2,2,TAAGTAGCTGCTCTGATCCA,0,717734
crpp1,0.3333333333333333,2,2,TAAGGCAGGATCAGCACGCG,0,714375
crpp1,0.3333333333333333,2,2,TAAGATGAATTACGGTTAGT,0,718676
crpp1,0.3333333333333333,2,2,TAACTCCGGGATTTTCCACC,0,712937
crpp1,0.3333333333333333,2,2,TAACGGTGTAAGATCACCCT,0,716616
crpp1,0.3333333333333333,2,2,TAAATGTATCCCGTCGCCAT,0,715334
crpp1,0.3333333333333333,2,2,GTTTATGGGCTTTAAAGCTT,0,716921
crpp1,0.3333333333333333,2,2,GTTGTTACCTTCGAACTGAA,0,720551
crpp1,0.3333333333333333,2,2,GTTCGCAACGTACCGAAGCG,0,721472
crpp1,0.3333333333333333,2,2,GTTATGGCTTAAATTGGTTA,0,716900
crpp1,0.3333333333333333,2,2,GTTACATCTTATTCACAGTG,0,717676
crpp1,0.3333333333333333,2,2,GTTAATGAAAGTAGGGCACA,0,717134
crpp1,0.3333333333333333,2,2,GTGTATGTCGGAAAGTATTA,0,716657
crpp1,0.3333333333333333,2,2,GTGTAAGATTCTTCGAAATT,0,721039
crpp1,0.3333333333333333,2,2,GTGCAGTATCATTGCTTTTA,0,718970
crpp1,0.3333333333333333,2,2,GTGATCTCTATCAACTCCAA,0,719738
crpp1,0.3333333333333333,2,2,GTCTTAGGTCATGATTTTCT,0,720764
crpp1,0.3333333333333333,2,2,GTCGCGCACACGCTTACAGT,0,714626
crpp1,0.3333333333333333,2,2,GTCCAGGCTATCCGGGCAAA,0,713543
crpp1,0.3333333333333333,2,2,GTCAGAAACCCCGACATACC,0,720325
crpp1,0.3333333333333333,2,2,GTATTGCCGAAAGGGAATAT,0,719627
crpp1,0.3333333333333333,2,2,GTATATCATGCACATGAGGA,0,714979
crpp1,0.3333333333333333,2,2,GTATAGGTGGCTTTGTAGCG,0,716138
crpp1,0.3333333333333333,2,2,GTAGTATTGATTGAGGAGCT,0,718793
crpp1,0.3333333333333333,2,2,GTACGGCGGGGATCGTGGTA,0,719120
crpp1,0.3333333333333333,2,2,GTAAGGCGTTTAAAGTCCTT,0,720348
crpp1,0.3333333333333333,2,2,GGTTTTGGCCATCACTAAAC,0,718075
crpp1,0.3333333333333333,2,2,GGTTCAGTTTATATGCGGAT,0,712980
crpp1,0.3333333333333333,2,2,GGTTATGCTGGCACCCTCCT,0,715071
crpp1,0.3333333333333333,2,2,GGTTATCACTTGTCGTGATT,0,721664
crpp1,0.3333333333333333,2,2,GGTTAGCATGGTTTGTCATC,0,718821
crpp1,0.3333333333333333,2,2,GGTAGAAAGACCATAGGCTG,0,713977
crpp1,0.3333333333333333,2,2,GGGCTTGAACTATTCCTTGC,0,712981
crpp1,0.3333333333333333,2,2,GGGCGGGCATAAGTAAAGAG,0,719240
crpp1,0.3333333333333333,2,2,GGGCGCAGCTCGATGCAACC,0,713068
crpp1,0.3333333333333333,2,2,GGGCCTTATACTAATTCAAT,0,715853
crpp1,0.3333333333333333,2,2,GGCGTGAGCATGTGGGAGGA,0,719310
crpp1,0.3333333333333333,2,2,GGCGGAAATTAACTTGGCCA,0,717653
crpp1,0.3333333333333333,2,2,GGCCATTGAGCCTTCAGTAC,0,717343
crpp1,0.3333333333333333,2,2,GGCAGGGTAAACCCACCGAC,0,721383
crpp1,0.3333333333333333,2,2,GGATATGTCCGACGCTTCTT,0,712620
crpp1,0.3333333333333333,2,2,GGAGGGTCTTTGTCGCAACG,0,715907
crpp1,0.3333333333333333,2,2,GGAGGCCGGATACAGGCAAG,0,717602
crpp1,0.3333333333333333,2,2,GGACTTCTTATACGCTTCAT,0,717165
crpp1,0.3333333333333333,2,2,GGAATGTGTGCGAGGCCTTA,0,712563
crpp1,0.3333333333333333,2,2,GGAATGCGCGTCTGACTCTC,0,713481
crpp1,0.3333333333333333,2,2,GGAAGTTACTATGAAGACCC,0,715876
crpp1,0.3333333333333333,2,2,GGAAGGCTCTTTTAGAACAC,0,715402
crpp1,0.3333333333333333,2,2,GGAAAGCTATTGGATATCCT,0,720924
crpp1,0.3333333333333333,2,2,GCTTGGAAGTCCAGCTTTCT,0,719039
crpp1,0.3333333333333333,2,2,GCTTCCACCCTCTGGACTCA,0,720452
crpp1,0.3333333333333333,2,2,GCGTCTGGAAATCACACCTG,0,719609
crpp1,0.3333333333333333,2,2,GCGGGATCAGATCTTCGCGC,0,721766
crpp1,0.3333333333333333,2,2,GCGGAGGCGGGAGCGCTAAA,0,716986
crpp1,0.3333333333333333,2,2,GCGCGGAGCAGGAGGACCAA,0,717953
crpp1,0.3333333333333333,2,2,GCGATTACCTACGTGATCGC,0,714627
crpp1,0.3333333333333333,2,2,GCCTCGACGCGCGTACAGGA,0,715036
crpp1,0.3333333333333333,2,2,GCCCACTTGGGTGGCTCTCG,0,712914
crpp1,0.3333333333333333,2,2,GCCAGTTGACCCACATATTG,0,718202
crpp1,0.3333333333333333,2,2,GCCAAGACCTCGTAGATGGA,0,715472
crpp1,0.3333333333333333,2,2,GCAGGTGACGATTGAAGAAA,0,713217
crpp1,0.3333333333333333,2,2,GATCCGGCGGAGGCCCGGGT,0,720510
crpp1,0.3333333333333333,2,2,GATATCTGGCCGCCGTAGGT,0,713904
crpp1,0.3333333333333333,2,2,GATACATGGCTGCCGCGGTA,0,718798
crpp1,0.3333333333333333,2,2,GATAAGCCCAATCTAGATGC,0,712504
crpp1,0.3333333333333333,2,2,GATAAACCATCATGACCATT,0,719220
crpp1,0.3333333333333333,2,2,GAGTTTCAGAAACCGCCCTT,0,716222
crpp1,0.3333333333333333,2,2,GAGTCCTGGGGAGTTTCCAA,0,717152
crpp1,0.3333333333333333,2,2,GAGTAGGCGTAGGCGTACAG,0,720407
crpp1,0.3333333333333333,2,2,GACGTTGAGTGGGGTGTTCG,0,714567
crpp1,0.3333333333333333,2,2,GACGCCAGTTAATATTATCC,0,718955
crpp1,0.3333333333333333,2,2,GACGACTAGGATTCGACTAG,0,712813
crpp1,0.3333333333333333,2,2,GACCCCTTCATAATCTCCTT,0,717991
crpp1,0.3333333333333333,2,2,GACCCCAACCCGCTTGGGCA,0,720929
crpp1,0.3333333333333333,2,2,GACAGCTATGAGCGAATTCT,0,717419
crpp1,0.3333333333333333,2,2,GAATTTCTTGCTGTAGCCAA,0,717762
crpp1,0.3333333333333333,2,2,GAATCGGGGAGAGACTGGAA,0,719012
crpp1,0.3333333333333333,2,2,GAAGGAATTACCTGCTAATT,0,714849
crpp1,0.3333333333333333,2,2,GAAATTATTCCCGTATATAA,0,716008
crpp1,0.3333333333333333,2,2,GAAACGACCCGGGATTGTTT,0,714953
crpp1,0.3333333333333333,2,2,GAAACGACATCTACCTTTTC,0,715161
crpp1,0.3333333333333333,2,2,CTTTTGAGCACGCACTGCCT,0,720752
crpp1,0.3333333333333333,2,2,CTTTAAGGTGAATTGGTGAT,0,715254
crpp1,0.3333333333333333,2,2,CTTCACGTTTCTTGGCGATG,0,718735
crpp1,0.3333333333333333,2,2,CTTCACCCCCTGTTGCGGTA,0,712605
crpp1,0.3333333333333333,2,2,CTGTCGTGGCACTGGGGTGG,0,717926
crpp1,0.3333333333333333,2,2,CTGGTCCGTCAGTTAAATTC,0,716612
crpp1,0.3333333333333333,2,2,CTGGTCCGAGCCGCAACATT,0,713643
crpp1,0.3333333333333333,2,2,CTCGCCTGATGGGACACACA,0,713963
crpp1,0.3333333333333333,2,2,CTCCCGTTCAGGGCACGCGG,0,720941
crpp1,0.3333333333333333,2,2,CTCCCCCGGTCAGTTCACGA,0,718972
crpp1,0.3333333333333333,2,2,CTCCAATGCATAATACGTGT,0,721412
crpp1,0.3333333333333333,2,2,CTCATCTCCCGTGAGAATTA,0,719218
crpp1,0.3333333333333333,2,2,CTATGGACCAAATCGCATAC,0,713730
crpp1,0.3333333333333333,2,2,CTATCGGCGACAGAATTTGA,0,715766
crpp1,0.3333333333333333,2,2,CTACCTTTGGACTAACCGTT,0,712561
crpp1,0.3333333333333333,2,2,CGTGTTCCTAAGTTGGGTTA,0,721020
crpp1,0.3333333333333333,2,2,CGTGTCAAGCTGGAAGCTAA,0,715523
crpp1,0.3333333333333333,2,2,CGTGCAACTCAGGGCTTTGA,0,718570
crpp1,0.3333333333333333,2,2,CGTGAAATTCAGTTAATAAG,0,717917
crpp1,0.3333333333333333,2,2,CGTCCCATTCCCCTGCTGCC,0,718059
crpp1,0.3333333333333333,2,2,CGTCAGAGCACGCGTATTAT,0,717182
crpp1,0.3333333333333333,2,2,CGTACCGGCAACGTCGGATA,0,719870
crpp1,0.3333333333333333,2,2,CGGTTTGACTCGTTGGACCG,0,719426
crpp1,0.3333333333333333,2,2,CGGTCAGATTATTCAAAGGT,0,718751
crpp1,0.3333333333333333,2,2,CGGGAGGAAGGATGTATAAA,0,718971
crpp1,0.3333333333333333,2,2,CGGGACCGACTTATCATTCA,0,719114
crpp1,0.3333333333333333,2,2,CGGATAAGTACTCACGAAGT,0,716962
crpp1,0.3333333333333333,2,2,CGGAATGATGATTCGAATAG,0,719791
crpp1,0.3333333333333333,2,2,CGCTCACGGTCTTCTCTTCA,0,716433
crpp1,0.3333333333333333,2,2,CGCTAGTTGACTTAAATTGC,0,718695
crpp1,0.3333333333333333,2,2,CGCGCGTCAACGATCGGCAA,0,718642
crpp1,0.3333333333333333,2,2,CGCAGAACGGATACCTTTGT,0,714216
crpp1,0.3333333333333333,2,2,CGACCGGGTTAAGAATTCTC,0,714662
crpp1,0.3333333333333333,2,2,CCTCAGTAAGACGAAGGAAT,0,719195
crpp1,0.3333333333333333,2,2,CCTAATACTTCGAGCAATTG,0,716412
crpp1,0.3333333333333333,2,2,CCGGTCCGTCCTTGTCATAC,0,719651
crpp1,0.3333333333333333,2,2,CCGGCACGCTTTGAAAGGCC,0,714912
crpp1,0.3333333333333333,2,2,CCGCTGTTAAATGTCCTGTT,0,716144
crpp1,0.3333333333333333,2,2,CCGAGTTTCGCGGTGGTTCT,0,721325
crpp1,0.3333333333333333,2,2,CCCGAATATGGCCCCAATCT,0,717869
crpp1,0.3333333333333333,2,2,CCCCTTTCTCGGGACCCTAT,0,712483
crpp1,0.3333333333333333,2,2,CCCCCGTGTCTTAGAGTGAT,0,714033
crpp1,0.3333333333333333,2,2,CCCATATGGCCACTTGGCCG,0,717547
crpp1,0.3333333333333333,2,2,CCCAGGAACGCCTGACATAC,0,715753
crpp1,0.3333333333333333,2,2,CCATTTACGTTTTTGACTTA,0,716651
crpp1,0.3333333333333333,2,2,CCATGGTTAGAACAAGTTGC,0,714927
crpp1,0.3333333333333333,2,2,CCATCGAATGATTAGGCCGA,0,714950
crpp1,0.3333333333333333,2,2,CCAGGTTGAGTACTTTTAGT,0,716287
crpp1,0.3333333333333333,2,2,CCACGGGTAAGTACGTTCAA,0,717356
crpp1,0.3333333333333333,2,2,CCAATCACTTACAAGCGCGA,0,716289
crpp1,0.3333333333333333,2,2,CATCTTACAGCAGGTTAATG,0,716169
crpp1,0.3333333333333333,2,2,CATCGTAGCCAGCCAGTGCA,0,715803
crpp1,0.3333333333333333,2,2,CATAGTCGTGCGATGCAGGA,0,713065
crpp1,0.3333333333333333,2,2,CATAGCTTCGGAGTTATCCT,0,717565
crpp1,0.3333333333333333,2,2,CAGTTTCATTTAGGAGGTTC,0,719256
crpp1,0.3333333333333333,2,2,CAGCGTTCGTCGTGCCAGCC,0,713628
crpp1,0.3333333333333333,2,2,CAGCGGGCGGTTAGTCCAGG,0,718056
crpp1,0.3333333333333333,2,2,CACTGGCAATGCCCTAACTT,0,720529
crpp1,0.3333333333333333,2,2,CACGTTAATTAGTGACGCCC,0,717757
crpp1,0.3333333333333333,2,2,CACATCGCCCTGGCTAGGCC,0,715990
crpp1,0.3333333333333333,2,2,CACATATAGCAAACGAAGAG,0,720957
crpp1,0.3333333333333333,2,2,CAATTGTCAGTAGGTTGAAT,0,719610
crpp1,0.3333333333333333,2,2,CAATAATCCGTAGCCCCTCT,0,721445
crpp1,0.3333333333333333,2,2,CAAGTCCACATTTTCAAGTC,0,720207
crpp1,0.3333333333333333,2,2,CAAGGTCCGCCGCCGGGATG,0,717175
crpp1,0.3333333333333333,2,2,CAAAGCTGTCGCCTCACAGC,0,721164
crpp1,0.3333333333333333,2,2,ATGTCTACTGCAGGGACCTT,0,713218
crpp1,0.3333333333333333,2,2,ATGTAGGTCTTCATGCAAGA,0,717217
crpp1,0.3333333333333333,2,2,ATGCCGGGACTTGCAGCGCA,0,718185
crpp1,0.3333333333333333,2,2,ATGACTATTTGTTCAATTGC,0,718861
crpp1,0.3333333333333333,2,2,ATCGAGACCTGTCTAATCAC,0,716226
crpp1,0.3333333333333333,2,2,ATCACAAAGACAGGCGTATG,0,714803
crpp1,0.3333333333333333,2,2,ATCAAAATACCAGCTAAGGG,0,719562
crpp1,0.3333333333333333,2,2,ATATTGGCATTATACTATGT,0,718898
crpp1,0.3333333333333333,2,2,ATATCACACACTTGTTGTCC,0,716690
crpp1,0.3333333333333333,2,2,ATAGGGCTTGTACACGTCCT,0,715805
crpp1,0.3333333333333333,2,2,ATACATGTTGGACAAATCCG,0,720588
crpp1,0.3333333333333333,2,2,ATAACTCCTGATAACGAGAC,0,713765
crpp1,0.3333333333333333,2,2,AGTTCCTAGGCGGCCTGACT,0,716319
crpp1,0.3333333333333333,2,2,AGTCGCTAGGCTGTGGCTTC,0,717992
crpp1,0.3333333333333333,2,2,AGTATATACGAGGGGGGGCA,0,717791
crpp1,0.3333333333333333,2,2,AGGTTCTTGTCACCGCTAGC,0,718954
crpp1,0.3333333333333333,2,2,AGGTGAGATATCTCCTTGCA,0,716103
crpp1,0.3333333333333333,2,2,AGGTATCTAGCTCCGACGCA,0,713675
crpp1,0.3333333333333333,2,2,AGGGTTCGGAAGTAGCTTCA,0,721221
crpp1,0.3333333333333333,2,2,AGGGTACTCGCGATCGAGAA,0,721188
crpp1,0.3333333333333333,2,2,AGGGGAAGGATCAGATAGGC,0,718693
crpp1,0.3333333333333333,2,2,AGGGGAACCTTACGGACCTT,0,716357
crpp1,0.3333333333333333,2,2,AGGGATCATTGGGTCACTTT,0,720736
crpp1,0.3333333333333333,2,2,AGCCGCAAATGCGGCCGCCA,0,715953
crpp1,0.3333333333333333,2,2,AGCCATATTCGAAGGTGTAA,0,716193
crpp1,0.3333333333333333,2,2,AGCATAAACTACAGCCAACA,0,719318
crpp1,0.3333333333333333,2,2,AGATGGTGTGTTGTCTATGG,0,718210
crpp1,0.3333333333333333,2,2,AGATCTTCCGCTTCCGCTGG,0,716400
crpp1,0.3333333333333333,2,2,AGACCCCGCAACATGTGGTT,0,721127
crpp1,0.3333333333333333,2,2,AGACACTGCTGACACCTTTA,0,716464
crpp1,0.3333333333333333,2,2,ACTTGCTTGCTGCCATGGCG,0,713034
crpp1,0.3333333333333333,2,2,ACTGGGATTTGGCCCTCAGG,0,719768
crpp1,0.3333333333333333,2,2,ACTATATACTCTATCGTTAG,0,716063
crpp1,0.3333333333333333,2,2,ACTAGCCCCCCTAACTGTAT,0,713195
crpp1,0.3333333333333333,2,2,ACGTTTTTCTAGTCCCCTAA,0,719938
crpp1,0.3333333333333333,2,2,ACGTTGTTCTTCAGCATATG,0,714795
crpp1,0.3333333333333333,2,2,ACGTCTCGGGCTACCTTAGA,0,717352
crpp1,0.3333333333333333,2,2,ACGGTAAGGGTCTTCAGACT,0,717605
crpp1,0.3333333333333333,2,2,ACGGGATTACATACTTTTAA,0,717724
crpp1,0.3333333333333333,2,2,ACGGGATGCCATGATCCTCT,0,712619
crpp1,0.3333333333333333,2,2,ACGGCGGCTAATTAGGAAAA,0,712711
crpp1,0.3333333333333333,2,2,ACGCATTCATCCTAAGTGTA,0,721155
crpp1,0.3333333333333333,2,2,ACGCAGATAGCGGAACTCCC,0,713702
crpp1,0.3333333333333333,2,2,ACGAGTTATGGGCATGGGCT,0,720886
crpp1,0.3333333333333333,2,2,ACGAGTCGGTTGTTCATTTA,0,718144
crpp1,0.3333333333333333,2,2,ACGAACTTTTGGATTCGAAG,0,716189
crpp1,0.3333333333333333,2,2,ACGAACCCTAAGCGCGTTTT,0,715480
crpp1,0.3333333333333333,2,2,ACCTATTATGTGCCACGCAA,0,716345
crpp1,0.3333333333333333,2,2,ACCGACATGCTCAGAGTTGC,0,713036
crpp1,0.3333333333333333,2,2,ACCAGGTCTATGACTAGATG,0,712905
crpp1,0.3333333333333333,2,2,ACATTCGAAGATACTTCGGC,0,719932
crpp1,0.3333333333333333,2,2,ACAGGCAGAATCTCCCCGAA,0,713393
crpp1,0.3333333333333333,2,2,ACAACGAGGCTCGTCTTGCC,0,718215
crpp1,0.3333333333333333,2,2,AATTATCTTTTGCCTACTCC,0,719275
crpp1,0.3333333333333333,2,2,AATGTCTTCTCAGCTAGGCG,0,720453
crpp1,0.3333333333333333,2,2,AATCGTTATTCTTGGTGATT,0,720169
crpp1,0.3333333333333333,2,2,AATATATTACACCGACGCCC,0,714679
crpp1,0.3333333333333333,2,2,AATAGTATCCCACTGCGGTT,0,718284
crpp1,0.3333333333333333,2,2,AAGGTCGTATCGGCTTTAGC,0,718877
crpp1,0.3333333333333333,2,2,AAGGGTTGGACAGAGTTACC,0,718988
crpp1,0.3333333333333333,2,2,AAGGGACTTTGAGGGCCTGC,0,713321
crpp1,0.3333333333333333,2,2,AACTTTGCAAGTTGGAGCTA,0,719483
crpp1,0.3333333333333333,2,2,AACTAACTTGATAGCGTGTG,0,719277
crpp1,0.3333333333333333,2,2,AACGTTAGAGCAAGGAACGA,0,719715
crpp1,0.3333333333333333,2,2,AACGAGGAAACCGGCAGTCT,0,718418
crpp1,0.3333333333333333,2,2,AACGAGAGTGTATGTTGGTA,0,719724
crpp1,0.3333333333333333,2,2,AACCTTTGTGAGGGATAGGG,0,717691
crpp1,0.3333333333333333,2,2,AACCTAGATAACGGGCCCAT,0,716887
crpp1,0.3333333333333333,2,2,AACAGAAGGTGGGGTACACG,0,714904
crpp1,0.3333333333333333,2,2,AACACAGGGAATACAGTATG,0,713355
crpp1,0.3333333333333333,2,2,AACAAACCTGTGGCGGGGAG,0,717464
crpp1,0.3333333333333333,2,2,AAACCTGCTTTGCGTTCAGG,0,716607
crpp1,0.3333333333333333,2,2,AAAATTATTCTCTCGTTTCA,0,721085
crpp1,0.3333333333333333,2,2,AAAAGGTGCATGCTCACCCA,0,717736
crpp1,0.3333333333333333,2,2,AAAAATTCTTAGAAAGCGAA,0,721652
crpp1,0.5,1,1,TTTTCTCAATATTACGCATG,0,714723
crpp1,0.5,1,1,TTTGAACTGCTGCTGAGATG,0,713160
crpp1,0.5,1,1,TTTCTGTTCGGAAACATACA,0,714947
crpp1,0.5,1,1,TTTCGACGTTACCTAGCGAG,0,717412
crpp1,0.5,1,1,TTTCCATCCGATAAGGTCCC,0,713037
crpp1,0.5,1,1,TTTAGAGGTTCAACTTATCA,0,714358
crpp1,0.5,1,1,TTTACGCTCGGCCCCTGAGA,0,721457
crpp1,0.5,1,1,TTGTTTGTAACAGGGACCCT,0,715892
crpp1,0.5,1,1,TTGCGCGAGCGCGCGATCCT,0,717128
crpp1,0.5,1,1,TTGCGAGGACGGTCATGTCT,0,720587
crpp1,0.5,1,1,TTGCACAATTCCACCTAGCC,0,719135
crpp1,0.5,1,1,TTGAGAGAAATGGTGTATAC,0,715724
crpp1,0.5,1,1,TTGAGACTAAGGTCGGTTCA,0,717616
crpp1,0.5,1,1,TTGACTCGATAGGCGCTCAG,0,712771
crpp1,0.5,1,1,TTGACCTGTTGTATAATTAG,0,720902
crpp1,0.5,1,1,TTCGGTACGGTTCTGTCAAT,0,712458
crpp1,0.5,1,1,TTCCGGCGCGAAACAAGGCG,0,720963
crpp1,0.5,1,1,TTCCAATGAAGAAGAGTAAT,0,720592
crpp1,0.5,1,1,TTCAGAACCTCGTCAGGAGT,0,715603
crpp1,0.5,1,1,TTAGCGAAATGCGGTCGTAT,0,715655
crpp1,0.5,1,1,TTAGATTAGTAACTTCCGAC,0,721817
crpp1,0.5,1,1,TTAAGTAAGCAACGCCGTGG,0,720134
crpp1,0.5,1,1,TTAAACAATCGATCTGCACT,0,719206
crpp1,0.5,1,1,TTAAAATCAATTACCGCACT,0,715015
crpp1,0.5,1,1,TGTGTGAGTAGATACTTTAG,0,721687
crpp1,0.5,1,1,TGTGTCGCTGAAGGGGTCAT,0,717295
crpp1,0.5,1,1,TGTGGGCTGTACAAAAAGTC,0,720035
crpp1,0.5,1,1,TGTACGCTAGAATCAAGCGT,0,716877
crpp1,0.5,1,1,TGTAAGATAACCCTTGCTAC,0,721635
crpp1,0.5,1,1,TGGTTGTAAGCGTAATCTAA,0,720159
crpp1,0.5,1,1,TGGTGCCGTAAACGCCGACC,0,716147
crpp1,0.5,1,1,TGGTCGCGTAAGAGTCTGCG,0,714190
crpp1,0.5,1,1,TGGGGTGAGCCTTCGCCGGT,0,717560
crpp1,0.5,1,1,TGGGGGAATCTCGTGAGTGG,0,714980
crpp1,0.5,1,1,TGGCACTCTGGGTATGGCGC,0,717431
crpp1,0.5,1,1,TGGCACTATAAATATCGGCT,0,717130
crpp1,0.5,1,1,TGGCAAACCTGGACTCGGAT,0,714454
crpp1,0.5,1,1,TGCTACGGACCACTTTGGCA,0,712701
crpp1,0.5,1,1,TGCGTGAATGGTTAGCTTAC,0,718073
crpp1,0.5,1,1,TGATTGTATGACGAGTATAA,0,718550
crpp1,0.5,1,1,TGACATAGGTGAGGCAGTAC,0,720138
crpp1,0.5,1,1,TGAAAAGTGACTTCTTTTTC,0,713189
crpp1,0.5,1,1,TCTTTGAATGCCAGAGACCA,0,716401
crpp1,0.5,1,1,TCTTGTGTTCAACCCATCAC,0,720214
crpp1,0.5,1,1,TCTGTTAGGATATTTTCTGG,0,716259
crpp1,0.5,1,1,TCTGATTTAGACCACATGAT,0,720165
crpp1,0.5,1,1,TCTGACAACCAACTCTGAAG,0,714426
crpp1,0.5,1,1,TCTCTGCAGAATACAAAGGC,0,716395
crpp1,0.5,1,1,TCTCTAGATACAGGTTTGGA,0,717229
crpp1,0.5,1,1,TCTCGCTGGCTTCAAATGAT,0,717721
crpp1,0.5,1,1,TCGGTACAGTATATGGTCTC,0,719806
crpp1,0.5,1,1,TCGGGGGCAAATGCCGCTCG,0,717137
crpp1,0.5,1,1,TCGGCTTCTAGGGGCTGTAG,0,720906
crpp1,0.5,1,1,TCGCCCCCCGGGATGACAAT,0,716360
crpp1,0.5,1,1,TCGACCTTTAAGCCGTCCAA,0,715646
crpp1,0.5,1,1,TCCTGTCAGAGAGGGAACGC,0,715330
crpp1,0.5,1,1,TCCGGAACCCTACCAGCAGC,0,717329
crpp1,0.5,1,1,TCCCTAACAAGAAGCTGCAA,0,718147
crpp1,0.5,1,1,TCCCGCGCTTGGTTGTGGAA,0,716713
crpp1,0.5,1,1,TCCATTGGTCTGTGGACGCT,0,713071
crpp1,0.5,1,1,TCATTAGGATCCGTGAGCTA,0,720506
crpp1,0.5,1,1,TCATGTCTCGACCGTCGAAA,0,720033
crpp1,0.5,1,1,TCAGACTAGATTTTGTCCTA,0,713476
crpp1,0.5,1,1,TCAGACGTACACCCATATAA,0,718450
crpp1,0.5,1,1,TCAACTCGTGCGTGTTGACT,0,714250
crpp1,0.5,1,1,TATTTTTTCAGGGGTGCAAT,0,714860
crpp1,0.5,1,1,TATTGGTGGGGGCTTCTTGC,0,714327
crpp1,0.5,1,1,TATTATCCTAAATGGGACCC,0,715457
crpp1,0.5,1,1,TATGACCCATGACTCCTCAA,0,718770
crpp1,0.5,1,1,TATCATTTGGAGGCAGTAAG,0,720130
crpp1,0.5,1,1,TATATAAAATGAACGAGCTT,0,720893
crpp1,0.5,1,1,TAGGTTAGTTCTCGACCGCT,0,714199
crpp1,0.5,1,1,TAGGTACGCTATTTGTCTGA,0,717277
crpp1,0.5,1,1,TAGCAGCCGTGCTCCGACAA,0,720106
crpp1,0.5,1,1,TAGCACTTTGGAAATGTCTT,0,718626
crpp1,0.5,1,1,TAGAGACTTTTAGCAGCTCG,0,721527
crpp1,0.5,1,1,TAGACACCACCCCGTTCAGT,0,715003
crpp1,0.5,1,1,TACACGAAAGAGCTGCAACT,0,719342
crpp1,0.5,1,1,TAAGGATTGGCGGCGACCTA,0,719402
crpp1,0.5,1,1,TAAGCTGGCTTATTCCTGTA,0,716019
crpp1,0.5,1,1,TAAATTACAATGCGCGTTAC,0,719073
crpp1,0.5,1,1,TAAATAGCCTTCCAAGCTAC,0,716624
crpp1,0.5,1,1,GTTGTTATTAGTATAAAGGC,0,719594
crpp1,0.5,1,1,GTTGTGTACCTGATTTGATA,0,718054
crpp1,0.5,1,1,GTTGGCGCTTCTCGTTATCA,0,714998
crpp1,0.5,1,1,GTTCCTTGTTCCTGGTCTAA,0,721415
crpp1,0.5,1,1,GTTATACGAGGGAAAGTACA,0,713620
crpp1,0.5,1,1,GTGTTCTAGGCTGGATGCAT,0,715518
crpp1,0.5,1,1,GTGTTAAGACCACTCTCTTC,0,721548
crpp1,0.5,1,1,GTGTGTTGCGAGACTTCGCT,0,716520
crpp1,0.5,1,1,GTGTGGGCCGCCAACCGCTG,0,721309
crpp1,0.5,1,1,GTGTCGTAATAATTCTGAGG,0,719595
crpp1,0.5,1,1,GTGTCCATTGCAAGGCCGAT,0,720043
crpp1,0.5,1,1,GTGGGGTTTTTCGTCGGGCG,0,714844
crpp1,0.5,1,1,GTGGATGCCGGCTGATATAG,0,715067
crpp1,0.5,1,1,GTGCCACCCGAATGATGGCA,0,717135
crpp1,0.5,1,1,GTCCGGAGTACGGGAGAATA,0,721428
crpp1,0.5,1,1,GTCCCGTTTTGAATCATAAG,0,717044
crpp1,0.5,1,1,GTATTCTCTCGGTTGGCTCC,0,721397
crpp1,0.5,1,1,GTACCTACTAAACACTAAGG,0,716186
crpp1,0.5,1,1,GTACACATCGAGTAAAATAC,0,714573
crpp1,0.5,1,1,GGTTTCACGACGAATTATTC,0,716959
crpp1,0.5,1,1,GGTTGATTTACCACGAGTCG,0,715348
crpp1,0.5,1,1,GGTTAGTTTCGTTATCCAAA,0,717891
crpp1,0.5,1,1,GGTGTGGACCCCTACATGAG,0,719512
crpp1,0.5,1,1,GGTGTGAAACGGGCTTCGTT,0,718009
crpp1,0.5,1,1,GGTGTCAGCCGTCATCATTG,0,715549
crpp1,0.5,1,1,GGTGACCCCGAACGGGCTCA,0,719901
crpp1,0.5,1,1,GGTCGTACATGTTCAGTAAA,0,718688
crpp1,0.5,1,1,GGTATTCAGCGAGCAAGCCA,0,713344
crpp1,0.5,1,1,GGGTATCACGACGCTAAGAG,0,718553
crpp1,0.5,1,1,GGGGAGGCCGGCGTAATACA,0,713630
crpp1,0.5,1,1,GGGCTAGGCCCGAGATAATA,0,719880
crpp1,0.5,1,1,GGGCTACCGTGAGCTTCCGA,0,716346
crpp1,0.5,1,1,GGGCACGGGCCTTCAGAAAG,0,713081
crpp1,0.5,1,1,GGGAAGGTATTTGCGTGAAC,0,713785
crpp1,0.5,1,1,GGCTTAAGGGCTTTTTCGGG,0,716954
crpp1,0.5,1,1,GGCTGCAGGACGAGGACTCG,0,721055
crpp1,0.5,1,1,GGCTGAACGAAATCAGGTTT,0,713461
crpp1,0.5,1,1,GGCCTTGAAATGCTCGTACT,0,715375
crpp1,0.5,1,1,GGCAGTAGGCACATAGTCTC,0,718625
crpp1,0.5,1,1,GGCAGAGATACCTGGCTATA,0,714471
crpp1,0.5,1,1,GGATTGGAACATGTGTTTGC,0,718866
crpp1,0.5,1,1,GGATGTATGAGGCAACACAT,0,715746
crpp1,0.5,1,1,GGATCCAGCGGCGGAAGGTT,0,719448
crpp1,0.5,1,1,GGAGTTACCGTATTACGACT,0,718568
crpp1,0.5,1,1,GGAGGCGATTTCCCACCATA,0,719671
crpp1,0.5,1,1,GGACGACGACATTAATCGAA,0,714179
crpp1,0.5,1,1,GGAACTGGGGCAAACTAAGT,0,716769
crpp1,0.5,1,1,GCTTTTTCCGTACTTGGCCA,0,721372
crpp1,0.5,1,1,GCTTCCGTACCATGGAAGAT,0,717825
crpp1,0.5,1,1,GCTTCCAGGCGGATTCCATG,0,721093
crpp1,0.5,1,1,GCTTCAGCTGTATTGGTAGG,0,720920
crpp1,0.5,1,1,GCTGGAGGACTTCCAGCAGT,0,720741
crpp1,0.5,1,1,GCTGCGACCGTCAGTTGTGT,0,719102
crpp1,0.5,1,1,GCTGATAACGTCCGTCACCT,0,714581
crpp1,0.5,1,1,GCTCTATGGCATTAGGCAAC,0,713992
crpp1,0.5,1,1,GCTCGCGTTGGCTTTGTTGA,0,719054
crpp1,0.5,1,1,GCGTTTAGTAATGTATTGAT,0,713076
crpp1,0.5,1,1,GCGGAGAAAGCGTTTTGGTC,0,719857
crpp1,0.5,1,1,GCGCCTTTATGTGAGGCTTA,0,720465
crpp1,0.5,1,1,GCGCAGGGGGTGGATTGAAG,0,718757
crpp1,0.5,1,1,GCCTCCTTCGGCGGGCGGGT,0,717423
crpp1,0.5,1,1,GCCTCCATCTACGTCGGGGG,0,716478
crpp1,0.5,1,1,GCCTACGAGGCTTTAGAAAT,0,713070
crpp1,0.5,1,1,GCCTAATTGGCGAGCGTTTA,0,717522
crpp1,0.5,1,1,GCCGCTCTATCGCGGTACAA,0,714003
crpp1,0.5,1,1,GCCCTTGTTGGTGGTTGGCG,0,713845
crpp1,0.5,1,1,GCATGGAACCGCTGTCCCGG,0,720858
crpp1,0.5,1,1,GCATCAAATCGAATAAGGAG,0,714167
crpp1,0.5,1,1,GCACGCGCCTTCTGCAGAAT,0,714721
crpp1,0.5,1,1,GCACCGACTGCCTCTGGTCG,0,715762
crpp1,0.5,1,1,GCACAAAGAATATAGTGCTG,0,713566
crpp1,0.5,1,1,GCAATGGCTAGCTCAGCCTT,0,713431
crpp1,0.5,1,1,GCAAGAGGGGTCTACACAGC,0,716254
crpp1,0.5,1,1,GCAAAAAATATTTTGGTAGT,0,715102
crpp1,0.5,1,1,GATTTTTGATCCGAGGCAAT,0,721661
crpp1,0.5,1,1,GATTGTTCCTAGAAACTGGA,0,714922
crpp1,0.5,1,1,GATTGGCGGCCCGTTGAGGC,0,715497
crpp1,0.5,1,1,GATGCCGCGTTCTCGTCTTG,0,712734
crpp1,0.5,1,1,GATATGCTGAATTGCTTTTT,0,716542
crpp1,0.5,1,1,GATACTTCTGGCACTTCGAA,0,719138
crpp1,0.5,1,1,GATACGGGCAATAACATTTC,0,714425
crpp1,0.5,1,1,GAGTAGGGAACTTGGCCCTT,0,713750
crpp1,0.5,1,1,GAGCGGACGGCCTCTTGGAC,0,718585
crpp1,0.5,1,1,GACCCAGCGGTTGCCGCCCT,0,717442
crpp1,0.5,1,1,GACATTTGGATCCTTCTAGA,0,718834
crpp1,0.5,1,1,GACATGTGCGATTCTCCCTA,0,718913
crpp1,0.5,1,1,GACAACATCGTAGATTCCCT,0,716948
crpp1,0.5,1,1,GAATTTAGACTTGGCAACAA,0,713170
crpp1,0.5,1,1,GAAGTCAGTGAGGAGGACAT,0,721657
crpp1,0.5,1,1,GAAGGCCCGAGTGTCAGATC,0,721752
crpp1,0.5,1,1,GAAGCGCTTTTAAGGCAATT,0,716297
crpp1,0.5,1,1,GAAGCGAGGATTTCTGGAAC,0,715044
crpp1,0.5,1,1,GAACGATCAGTTTAATACGT,0,717554
crpp1,0.5,1,1,CTTTGAGTAATTTCCCCGGC,0,717759
crpp1,0.5,1,1,CTTATTCATATCAGTCGGCT,0,719889
crpp1,0.5,1,1,CTGCTCCATGTCTATGCGGT,0,717354
crpp1,0.5,1,1,CTGCGCAGTGCCAGAATAAC,0,721471
crpp1,0.5,1,1,CTGCCTTCACATTGGCAATA,0,717513
crpp1,0.5,1,1,CTGAGTGTTATTTGCTGGGG,0,716310
crpp1,0.5,1,1,CTCTCCACTGAAAATTAATA,0,719117
crpp1,0.5,1,1,CTCCTAAATTGGTGCACAAG,0,720357
crpp1,0.5,1,1,CTCAGTTGGAAGGTGGACCG,0,718477
crpp1,0.5,1,1,CTATGCGTTCTACAGTAGCT,0,719612
crpp1,0.5,1,1,CTAGTGCCCTGGTGTTATGA,0,718150
crpp1,0.5,1,1,CGTTCCAACTGTTCGATGGC,0,720511
crpp1,0.5,1,1,CGTGTCTAAATAAATTCAGC,0,718996
crpp1,0.5,1,1,CGTCTGACGCGTGACCTATC,0,713259
crpp1,0.5,1,1,CGTCCTCTCGCGGTAACTCT,0,718254
crpp1,0.5,1,1,CGTAATGACGACAATGGGCT,0,721556
crpp1,0.5,1,1,CGGTTCCAATCTAACATCAC,0,721414
crpp1,0.5,1,1,CGGCTGAAACGCCAAATCGG,0,720731
crpp1,0.5,1,1,CGGCTCCGCTACTGTAAACA,0,720795
crpp1,0.5,1,1,CGGCATTGCGGATAGCATCC,0,718387
crpp1,0.5,1,1,CGGATGAAGCTAATTGTCCT,0,721163
crpp1,0.5,1,1,CGGAAGCAATTGCTTAATTA,0,720703
crpp1,0.5,1,1,CGCTATTAATTAAAAACGCT,0,716424
crpp1,0.5,1,1,CGCTAAGCACGAGAACCCGG,0,716246
crpp1,0.5,1,1,CGCGTGGGAGTCTAGGTTCC,0,713982
crpp1,0.5,1,1,CGCGGAACTTCCTCATTGAG,0,717730
crpp1,0.5,1,1,CGCCGCGACGGCTAGCATCA,0,716339
crpp1,0.5,1,1,CGATTACTGCCGAATACTAC,0,719245
crpp1,0.5,1,1,CGATGGACTTCCAGCCGGGC,0,716101
crpp1,0.5,1,1,CGATATAGCACGATTTCCGT,0,717287
crpp1,0.5,1,1,CGATAATAGGTAACTTACAG,0,715872
crpp1,0.5,1,1,CGAGGAGTAAATATTCAATT,0,719493
crpp1,0.5,1,1,CGAATGGCGTCTGCAGTCAC,0,715945
crpp1,0.5,1,1,CCTTTCAGAGCACTACTCGC,0,715651
crpp1,0.5,1,1,CCTCCGTCACAGACACAGAT,0,715414
crpp1,0.5,1,1,CCGTCGGGCGGCCGCGCGCT,0,719969
crpp1,0.5,1,1,CCGCCAGTACGGGAAAAATC,0,716524
crpp1,0.5,1,1,CCGCATCGAAGGTCTTTTAG,0,717396
crpp1,0.5,1,1,CCGCACTGTCTCTCCACTGG,0,718476
crpp1,0.5,1,1,CCGATGCACGGACCCGTCCT,0,715504
crpp1,0.5,1,1,CCGATCCGGCGTCTGTCATG,0,721236
crpp1,0.5,1,1,CCGAGCATCGGGACGGGTAT,0,718792
crpp1,0.5,1,1,CCCCGCCTTGGGGACAGAAA,0,716743
crpp1,0.5,1,1,CCCAGTACGGATGTGTACGC,0,715574
crpp1,0.5,1,1,CCCACTTTTGGGCAGGCAAT,0,719511
crpp1,0.5,1,1,CCATTAGTTACAGATTTCTA,0,721111
crpp1,0.5,1,1,CCATATGAGTTACAGAGTGA,0,715969
crpp1,0.5,1,1,CCATAGAGCTCTATTGCGCA,0,716338
crpp1,0.5,1,1,CCACGGGACTTCTCACTGGT,0,715899
crpp1,0.5,1,1,CCAAGTATTGTGTCCGGCTG,0,719348
crpp1,0.5,1,1,CATTTATGACACTGACTCTC,0,714107
crpp1,0.5,1,1,CATTGATCCTTAGGCAATTA,0,715584
crpp1,0.5,1,1,CATGCGGTGAACCACTCGAT,0,720879
crpp1,0.5,1,1,CATCGATATAACGTCTGCAT,0,716629
crpp1,0.5,1,1,CATATGACCGCTACAGAGAA,0,717643
crpp1,0.5,1,1,CATACTCCGCTTAAAGGGAG,0,721097
crpp1,0.5,1,1,CATAAGAACCGTGGAACAAC,0,713444
crpp1,0.5,1,1,CAGGTGTGCGTTGCGTGCCT,0,716135
crpp1,0.5,1,1,CAGGAGGGCACAAAACCTAT,0,721419
crpp1,0.5,1,1,CAGGAGATCACCAGCACCCT,0,720875
crpp1,0.5,1,1,CAGAACTAGCTGCCCCAGTA,0,719482
crpp1,0.5,1,1,CACTGCTCAGGTTTGAGTAG,0,716314
crpp1,0.5,1,1,CACTATGCAAATAGTTAAAC,0,713993
crpp1,0.5,1,1,CACCGTTCCAAGGGGACTTG,0,718705
crpp1,0.5,1,1,CACACTTCAATGAAGGCCCT,0,714140
crpp1,0.5,1,1,CACAAATTACAGTCTCGCTA,0,717726
crpp1,0.5,1,1,CAATGGGCTTGGATGTCGGA,0,715800
crpp1,0.5,1,1,CAAGCCTAGTAGTCCAAAAG,0,719142
crpp1,0.5,1,1,CAAGATCTGTCATAGCTAAC,0,720586
crpp1,0.5,1,1,CAAACAGGAACAGGCATAGG,0,712780
crpp1,0.5,1,1,ATTTTTAGCGTCGCTCCGTG,0,712788
crpp1,0.5,1,1,ATTTTGCTTACTTATTTGAA,0,720349
crpp1,0.5,1,1,ATTTTAATTGCTTCTAACCG,0,717990
crpp1,0.5,1,1,ATTTGTTGTACTGCGTGTCC,0,713803
crpp1,0.5,1,1,ATTTAGTATAGCTATCAGTG,0,718732
crpp1,0.5,1,1,ATTGTCATTTAAGTGAGCGC,0,721063
crpp1,0.5,1,1,ATTGGGTCTTTCGCGCGATA,0,715517
crpp1,0.5,1,1,ATTCGGGTGTACCCCAGGTA,0,720221
crpp1,0.5,1,1,ATGGGACTCTGGGTTACGGT,0,712693
crpp1,0.5,1,1,ATGGATAGTATATACTGGAT,0,715123
crpp1,0.5,1,1,ATGCGGTCATAGTGGAAGGA,0,717844
crpp1,0.5,1,1,ATGCCTCGACACCCAAGTCA,0,712723
crpp1,0.5,1,1,ATGCCCGCACAGCTCGACGC,0,718277
crpp1,0.5,1,1,ATGAGAATTACAACCCACTA,0,712876
crpp1,0.5,1,1,ATGAAGACCCATGAGACTGT,0,713594
crpp1,0.5,1,1,ATCTGATCGCAGTTAATGTC,0,712773
crpp1,0.5,1,1,ATCGGAATTTGACAGGGGGT,0,716632
crpp1,0.5,1,1,ATCGAGGCGATCCGTGACTA,0,713868
crpp1,0.5,1,1,ATCAGTTTGACCTAGTGGTA,0,721421
crpp1,0.5,1,1,ATCACGTGCGCGAGGAAGGA,0,719921
crpp1,0.5,1,1,ATATTTCCGCGACGAACAGC,0,712540
crpp1,0.5,1,1,ATATGGGACATAGTGTGCCT,0,715272
crpp1,0.5,1,1,ATAGGAATACGATCAGCCAG,0,718579
crpp1,0.5,1,1,ATAGATACTCCTCCTCGGAG,0,717176
crpp1,0.5,1,1,ATACGGACAACCGTAATTGT,0,720824
crpp1,0.5,1,1,ATACACGGATGTCGTCGTTT,0,713151
crpp1,0.5,1,1,ATAATTTGATTTTTGGATGG,0,716428
crpp1,0.5,1,1,ATAACCACCACAGACAACTC,0,720984
crpp1,0.5,1,1,AGTGCACTTTTGCGGCGTGT,0,714517
crpp1,0.5,1,1,AGTAGCCACAATATCAATAT,0,715838
crpp1,0.5,1,1,AGGTTCCCTCTCCTATGACG,0,719843
crpp1,0.5,1,1,AGGTACTTTTTCTTGGGTAG,0,716438
crpp1,0.5,1,1,AGGTAAAATTGAGTATCGAC,0,713062
crpp1,0.5,1,1,AGGGACCGCGTCTCCGCATT,0,720828
crpp1,0.5,1,1,AGGATCATATCTAACTTTCC,0,720203
crpp1,0.5,1,1,AGCTGTAGCCTTCAGGGACG,0,718146
crpp1,0.5,1,1,AGCTAAGGACCATTGGACGC,0,713719
crpp1,0.5,1,1,AGCGAAGTTCTAAACCTAAG,0,720245
crpp1,0.5,1,1,AGCATTAGGAGCGGACATGA,0,720862
crpp1,0.5,1,1,AGCAGATTTAAGGCGATAGT,0,716817
crpp1,0.5,1,1,AGCAAGGACGGTCCCATACC,0,713489
crpp1,0.5,1,1,AGATCGTGTCCCTCCCCGTG,0,717526
crpp1,0.5,1,1,AGAGCATGCATGTTTTCGCT,0,716016
crpp1,0.5,1,1,AGAGCAGTTCGTAATAGGCA,0,717577
crpp1,0.5,1,1,AGAGCAGATTTACTACCGGG,0,715797
crpp1,0.5,1,1,AGACGGACCATCCTCTGCCG,0,720010
crpp1,0.5,1,1,AGAAAAGAAGCCCTAAATCA,0,715944
crpp1,0.5,1,1,ACTTCCATCGCCATCGATTC,0,719647
crpp1,0.5,1,1,ACTTACTTCTAGGAAGGGAA,0,717938
crpp1,0.5,1,1,ACTCATGATGCAAAACCACG,0,713875
crpp1,0.5,1,1,ACTAAAGATAAACAGTTCAC,0,712495
crpp1,0.5,1,1,ACGGTCGGGTTGACCGCCAG,0,714816
crpp1,0.5,1,1,ACGGGACCTGCACGATGGTG,0,717298
crpp1,0.5,1,1,ACGCTCGGGCACATCGTATG,0,713958
crpp1,0.5,1,1,ACGATTGATGCATGAAGGAT,0,719551
crpp1,0.5,1,1,ACGAGATCATTTTGGTATTA,0,721042
crpp1,0.5,1,1,ACCCGGCCGACGCGTTTGAC,0,713804
crpp1,0.5,1,1,ACCCAGGTTTCTTGCCATGC,0,716811
crpp1,0.5,1,1,ACCATGGTCCCACGGTGTAG,0,717587
crpp1,0.5,1,1,ACCAAGTATTACCTAGAAGT,0,717928
crpp1,0.5,1,1,ACACGAAGGTGCTTATGATC,0,716030
crpp1,0.5,1,1,AATTTATCCGTATGGTGTGC,0,717886
crpp1,0.5,1,1,AATTCCTCCTAATCCCGCAA,0,712961
crpp1,0.5,1,1,AATTAGGTCGTTTTCGATAT,0,720274
crpp1,0.5,1,1,AATGCCATAATATTCACCAA,0,720189
crpp1,0.5,1,1,AATGATGTGTCTCTCTTCCC,0,716767
crpp1,0.5,1,1,AATCTGGTACGTAGTAGTAA,0,717019
crpp1,0.5,1,1,AAGTTCCACGCCCAGATGCG,0,719457
crpp1,0.5,1,1,AAGTCGATGAGCTCCCTACG,0,717868
crpp1,0.5,1,1,AAGTATGCAACGTGCTGTAG,0,720826
crpp1,0.5,1,1,AAGGTGGATTATTTACCGAA,0,717879
crpp1,0.5,1,1,AAGGTCTAGCGGCAAGAATT,0,719026
crpp1,0.5,1,1,AAGGCAGCGCAGTCTAGCGC,0,715840
crpp1,0.5,1,1,AAGGACCGCAGTTGGCTGAC,0,721285
crpp1,0.5,1,1,AAGACGCATTTTTCGGGCCG,0,720832
crpp1,0.5,1,1,AACTGGCAAAAGCGTATTTA,0,712731
crpp1,0.5,1,1,AACTAAGGGTATCAGCCTCA,0,718904
crpp1,0.5,1,1,AACGTATCCGCATCAATCAA,0,720355
crpp1,0.5,1,1,AACCGTGTCTCAGATGCTAA,0,714574
crpp1,0.5,1,1,AACCCCGATCACCTCTCAGG,0,721434
crpp1,0.5,1,1,AACATCTTCTGTACTGACAC,0,717612
crpp1,0.5,1,1,AACATACGCGGGATATGGCC,0,712875
crpp1,0.5,1,1,AACACCGTTGCATGCACGTA,0,714419
crpp1,0.5,1,1,AACAACTACAGTACTGACCC,0,712758
crpp1,0.5,1,1,AAATGCAATTGCCGCGACCA,0,716764
crpp1,0.5,1,1,AAAGCTCTGTGCCCTGGGGA,0,715475
crpp1,0.5,1,1,AAAGCTACGGTTGCAGAGCT,0,721562
crpp1,0.5,1,1,AAACTCCCAGCAATTTGGGT,0,717123
crpp1,323.0,322,0,TTCGAGAAAGCAGGGAGTGA,322,718851
crpp1,293.0,292,0,ATAGCTAGATGAAATTCTAT,292,715005
crpp1,255.0,254,0,CTCTTTCCGGATATAGTTTG,254,717064
crpp1,247.0,246,0,CAATAAGGGCCGCCGTGTTA,246,716731
crpp1,218.0,217,0,TCCCCGTAGCTATCTGTGCA,217,718963
crpp1,217.0,216,0,GGTCCCCAAGGCGGAGACAG,216,713979
crpp1,191.0,190,0,CGGGTGGCTGGGCCCTCACG,190,714208
crpp1,3.0,2,0,CCCTCCGGTGGGTGAATGTC,2,716726
crpp1,3.0,2,0,ACTTGCGTAGTCGCTATAGC,2,719320
crpp1,2.0,1,0,TTGTAGTGTTATACGGGATT,1,717707
crpp1,2.0,1,0,TGCTTCGTCAGGGAACCTTG,1,717227
crpp1,2.0,1,0,TCGCTGCGCTGTTGAGGTCT,1,714163
crpp1,2.0,1,0,TCAGATGGTCGTACCCTGGG,1,714939
crpp1,2.0,1,0,TATGGGAAACTCGGTGCTTC,1,718193
crpp1,2.0,1,0,TACTCGATACGGTAGAGCAG,1,713176
crpp1,2.0,1,0,GGAAACAGACGGAACGTGCT,1,719734
crpp1,2.0,1,0,GCGTCTGGGACCAGAACAGT,1,717074
crpp1,2.0,1,0,GCGGGGCTCGCATCTGCACT,1,715210
crpp1,2.0,1,0,CGTTTTTAGATACAGATTAG,1,717472
crpp1,2.0,1,0,CGACCCGAAGAAAAGACAAC,1,717073
crpp1,2.0,1,0,CCTCCAGGAATGTACAACAC,1,718767
crpp1,2.0,1,0,CACCATGTTCTGGGGGGCTT,1,719016
crpp1,2.0,1,0,AGTGGGTCGTAGAAGGTCGC,1,719279
crpp1,2.0,1,0,ACTATTTTCGTAGCTTTCAG,1,719869
crpp1,2.0,1,0,ACCTTACGTTTGCTGTGCGC,1,712963
crpp1,2.0,1,0,AAGGTCGGAGCCCTTTACCC,1,717136
crpp1,2.0,1,0,AAGCGCAATGTTAATGGAAT,1,715657
crpp1,2.0,1,0,AAATTATTATGTCTCTGATG,1,715299
