name,relative_counts,ct,ct_0,barcode,ct_1,barcode_ind
ssnAp,0.3763874873864783,1362,990,AGCCGAGGTAATACGCAAGT,372,3396940
ssnAp,0.1523809523809524,119,104,TCGTGAAGACGGATAGTGAC,15,3363892
ssnAp,0.6571428571428571,114,69,GTCGATGGGTGAGGATACTG,45,3380791
ssnAp,0.25757575757575757,81,65,GCCATGGGAGTTACCTACTG,16,3359244
ssnAp,0.19047619047619047,73,62,TATTTCCGGTAGCTCAAAGG,11,3366410
ssnAp,0.10344827586206896,62,57,TTCTCCGAAACGGGGCTGGT,5,3372640
ssnAp,0.5344827586206896,87,57,TACCTCCCGTCTCGATTAAG,30,3395704
ssnAp,0.10526315789473684,61,56,CATAATTTCCTGGTACGTTG,5,3395866
ssnAp,0.3333333333333333,70,53,TAAGGTGTTTAGCTCAACTC,17,3396479
ssnAp,0.16,56,49,TCAGTGGCAAATTTGGTATG,7,3360935
ssnAp,0.10204081632653061,52,48,CTATACGTCCTTACCCGGTA,4,3383467
ssnAp,0.14285714285714285,54,48,AGGGCCTGACAAGGGCGCGA,6,3372215
ssnAp,0.25,58,47,CGTACGCAGTTAATTGGTTT,11,3360665
ssnAp,0.6170212765957447,74,46,GAGCACGAAATTGATCGTGC,28,3386388
ssnAp,0.5652173913043478,70,45,TCACCAACGACCCTGACGCA,25,3390373
ssnAp,0.2608695652173913,56,45,TACCATCCAGCGACTTGCTT,11,3380683
ssnAp,1.0,86,43,TTGGCAGCCCGAGAGTGTGG,43,3359602
ssnAp,0.38636363636363635,59,43,TGGCATGGATGAACAGGTGA,16,3399943
ssnAp,0.3181818181818182,56,43,TCAGCGTGGCGTCCTTTCAA,13,3383583
ssnAp,1.5227272727272727,109,43,GAGGCGCAGCCATAGGATAG,66,3375894
ssnAp,2.5454545454545454,154,43,CCATACGAAATACTCGGCCA,111,3361795
ssnAp,1.3863636363636365,103,43,ACTGCACATCAACCCTCTTA,60,3400768
ssnAp,0.3488372093023256,56,42,TCTTATGAAAAAGTGGAATC,14,3400810
ssnAp,0.7906976744186046,75,42,GCGCTCGCTAGTAGTGGTAT,33,3360633
ssnAp,0.42857142857142855,58,41,GATCGACTAACAGCGAAACC,17,3377184
ssnAp,0.7857142857142857,73,41,CATAGTACAGGGAAGATGAC,32,3380678
ssnAp,0.09523809523809523,44,41,AGTGGACCCGACCCCGCCCA,3,3363876
ssnAp,1.0952380952380953,86,41,ACTAGGAAGAAATACTGTAA,45,3361335
ssnAp,0.975609756097561,79,40,TGAGCGAGTAGTCTAGGCTT,39,3381280
ssnAp,0.34146341463414637,53,40,CGTAGGGGCAGTACATCAAT,13,3380889
ssnAp,1.048780487804878,82,40,CGGAGCTGCCAAAGTTCTCT,42,3361139
ssnAp,0.24390243902439024,49,40,CACTAGCTATCGCCCCCGTT,9,3374832
ssnAp,0.6585365853658537,66,40,AACGATCGCTTAAAGCAGCA,26,3391809
ssnAp,0.725,67,39,TAACGCTCCGTGTTTCCCAT,28,3362215
ssnAp,0.675,65,39,ACTAAGCCTAGTTATGGGAT,26,3362661
ssnAp,0.6666666666666666,63,38,GGAGTCGATCGAGAGGCTAA,25,3362780
ssnAp,0.3076923076923077,49,38,CTGACCAAAGACTAAGTTAG,11,3376933
ssnAp,0.3333333333333333,50,38,ACGACTTTAACAACTCCGTA,12,3363285
ssnAp,0.3684210526315789,50,37,TTATACGGCCACAGTTGTCG,13,3360480
ssnAp,0.3684210526315789,50,37,GTTTCAATTAGGAATGAGTC,13,3369053
ssnAp,1.2894736842105263,85,37,GGTTTGTGGGCAGTTGAGTT,48,3369221
ssnAp,0.868421052631579,69,37,GGCTCAGACCGACAAAAGAA,32,3381648
ssnAp,0.5789473684210527,58,37,CAGTTGTACCAAAATTGCAA,21,3360876
ssnAp,1.3055555555555556,81,35,TTAAGGATCTTGCGTCCTGA,46,3398848
ssnAp,0.9166666666666666,67,35,TGTAAATCCGTGGTTCCCGA,32,3375529
ssnAp,0.4722222222222222,51,35,CCGATGTGATCGGCCCATTG,16,3370454
ssnAp,0.5555555555555556,54,35,CATTTCGGAAGCCCAAGTAG,19,3382254
ssnAp,0.4166666666666667,49,35,ACTACCTGAGCCGGCTTCGT,14,3362310
ssnAp,0.6285714285714286,55,34,TTAAGTGCACTTTAGCAAGC,21,3368174
ssnAp,0.3142857142857143,44,34,GGCACCTTTAGACTACAGCA,10,3359682
ssnAp,0.14285714285714285,38,34,GCACTTGTGTTTGACACAAC,4,3392401
ssnAp,0.8571428571428571,63,34,GAGAGTTAACCGGTCCGAAA,29,3389360
ssnAp,0.45714285714285713,49,34,CTAGCATCTTAACTTCGTTG,15,3363631
ssnAp,0.05714285714285714,35,34,CGCACGGTATTGATCGGGTC,1,3372685
ssnAp,0.2,40,34,CGATCAGCGAAATACGAGAC,6,3365911
ssnAp,0.8571428571428571,63,34,ATTAGTCACCCAACCGCCAC,29,3375506
ssnAp,0.2571428571428571,42,34,AGCTTCAGGAGCCTAAAAAG,8,3359805
ssnAp,0.6470588235294118,54,33,GGATGGTCCCTGGGCGATAG,21,3362430
ssnAp,0.6764705882352942,55,33,GCTGCCCAGGCCTCGGACAT,22,3366809
ssnAp,0.8823529411764706,62,33,CTTGCTGTCGGGATACTGTA,29,3391102
ssnAp,0.7647058823529411,58,33,CGCCTGAGCGAGTTGGATGA,25,3369473
ssnAp,0.7647058823529411,58,33,CAACCCTCAACAGTAGTCAT,25,3359903
ssnAp,1.0606060606060606,66,32,TCCGGCGTACGGAATAAGCA,34,3398269
ssnAp,0.36363636363636365,43,32,TCCCTGGCACCGAACCGAGA,11,3368390
ssnAp,0.45454545454545453,46,32,GCGACAGCTGGGCACTATGC,14,3376661
ssnAp,0.36363636363636365,43,32,GCAGGAAAGTCGTCTGGAAT,11,3401853
ssnAp,0.8181818181818182,58,32,GAGGGGAGGAATTATTTTAA,26,3359665
ssnAp,0.3333333333333333,42,32,CTAGTATTTTGTTCATAGCA,10,3359836
ssnAp,0.45454545454545453,46,32,CCGCTAGTATATTCTGTGCA,14,3360786
ssnAp,1.1818181818181819,70,32,AGGATCCGGTGCGTTTGCCT,38,3396505
ssnAp,0.5757575757575758,50,32,ACGTGGAATCGGAGTCGGCC,18,3394483
ssnAp,0.46875,45,31,TAAGGGCACATCACCCTTGG,14,3369512
ssnAp,0.375,42,31,GTTGCCCCGGCGCGGCGAAT,11,3368293
ssnAp,0.5,46,31,GTCTACCGGTAGAGGTCCAT,15,3362376
ssnAp,0.46875,45,31,GGAAAAAGCAGCCGGCCTGG,14,3365246
ssnAp,0.90625,59,31,GATTTTTAGTTTGAAGCTGA,28,3390118
ssnAp,0.4375,44,31,CGGGCTAACATGTAACAATG,13,3379006
ssnAp,0.0625,32,31,ATTAGGGCCTGCGGAAGAGT,1,3360702
ssnAp,0.75,54,31,AATCCCAGTCACCTGACTGT,23,3361021
ssnAp,0.90625,59,31,AAGATTTTCCAAACAGATTG,28,3386517
ssnAp,0.9032258064516129,57,30,TAGCGCATCAGAGCATTTTT,27,3389891
ssnAp,0.2903225806451613,38,30,GTCGCACTGTTATTGGCCCG,8,3367641
ssnAp,0.8387096774193549,55,30,GTCCCCGGGCGAATCTACTA,25,3366127
ssnAp,0.5161290322580645,45,30,GGCCGCGCTTTAAAGTATGA,15,3374462
ssnAp,1.5161290322580645,76,30,GGCACACAACATAACAGGGA,46,3366024
ssnAp,1.1290322580645162,64,30,GCATTGACCAGTCAAACAGG,34,3387992
ssnAp,0.06451612903225806,31,30,CTTGATGGTCCTAGCGTTTG,1,3381158
ssnAp,1.5483870967741935,77,30,CGTTACACGAACGTAATTCT,47,3380807
ssnAp,1.5483870967741935,77,30,CGGCAATCCATAGAGGGCAA,47,3371382
ssnAp,0.06451612903225806,31,30,CGAACAGGAGCTTGTACAAT,1,3374146
ssnAp,0.5483870967741935,46,30,ATAACTTGCGGGCCTACACA,16,3391117
ssnAp,0.41935483870967744,42,30,AGAGTGTCAAAGAACTGTAG,12,3361851
ssnAp,0.3548387096774194,40,30,ACGTACACAGCGCGTACGAT,10,3389330
ssnAp,1.2,64,29,TGTACTGGGCAGATCAGTTG,35,3376526
ssnAp,1.7666666666666666,81,29,TGCATCATATGTCTGTAAGT,52,3385073
ssnAp,1.4333333333333333,71,29,TCGCTTTAAAACTCGGTTGA,42,3364197
ssnAp,0.3333333333333333,38,29,TCATGAACTTCGCTCAATGC,9,3366437
ssnAp,0.5,43,29,TACCCATTGGGCGTCCTAAT,14,3367196
ssnAp,0.6,46,29,TACAAGCTTAAATATGCCGC,17,3369026
ssnAp,0.36666666666666664,39,29,GTTTACTATGCGAGCCCCAA,10,3364192
ssnAp,0.3333333333333333,38,29,GTACAGTTGGTGCTCCCTAT,9,3360547
ssnAp,0.36666666666666664,39,29,GAATGAGCGCGTGTCCCAGG,10,3377134
ssnAp,0.43333333333333335,41,29,GAACCCTGATAGTAAGCAGT,12,3371223
ssnAp,0.9666666666666667,57,29,CTTCCTAGACGAGTTAAAAA,28,3376164
ssnAp,0.43333333333333335,41,29,CGCATGCCGCCAACTGGACT,12,3365418
ssnAp,0.7,49,29,CCTCCTATCGTGTGCCCGTG,20,3379508
ssnAp,1.4333333333333333,71,29,CCGCGTCAGCACTATATCCT,42,3368918
ssnAp,0.36666666666666664,39,29,CCACGAGCGGAGCCTAACCT,10,3361121
ssnAp,0.6,46,29,CAGAACAGGTATACCATCGG,17,3378707
ssnAp,0.4,40,29,CACACCTGTGGGAACAGAAT,11,3370358
ssnAp,0.6666666666666666,48,29,CAAAGGCTCCCGGAATATGG,19,3372980
ssnAp,0.5172413793103449,42,28,TTTGCCACCAAGCTCAGTAA,14,3367642
ssnAp,0.7931034482758621,50,28,TTGAAAAGCGTTGCTTTCAC,22,3362843
ssnAp,0.06896551724137931,29,28,TAGTTGCTATGTTTGACAAA,1,3363926
ssnAp,2.1724137931034484,90,28,TAAATTGTGGGACGTGGCTT,62,3371401
ssnAp,0.3103448275862069,36,28,GCGGCGGCGGGGAATGTATA,8,3361059
ssnAp,0.5862068965517241,44,28,GCGCACGTATATCACTTTTT,16,3374265
ssnAp,1.206896551724138,62,28,CGATGTACGGTGTCTGGCGT,34,3369591
ssnAp,0.41379310344827586,39,28,CCGCTTAAACGCTCCTCGGG,11,3378754
ssnAp,0.27586206896551724,35,28,CATAGAATTCGTCGTCACCC,7,3364676
ssnAp,0.2413793103448276,34,28,ACGGAATCTGTTCTTATCGG,6,3386433
ssnAp,0.5862068965517241,44,28,AAGTATCGGAGCACAATTCC,16,3397740
ssnAp,0.6071428571428571,43,27,TGTTTCACGGATACTAGGAA,16,3374843
ssnAp,0.4642857142857143,39,27,TCTAACTTTAAGGAACCCGT,12,3361463
ssnAp,0.5,40,27,TATGTTGAAGGGGTTTGGCA,13,3373363
ssnAp,0.07142857142857142,28,27,TATCAGAGAAGTAGCCGTAT,1,3402328
ssnAp,1.1428571428571428,58,27,GGTGGCAATTGGCCAGAGTT,31,3376142
ssnAp,1.6071428571428572,71,27,GGTGAAACTGAACTGCCGAT,44,3386900
ssnAp,0.42857142857142855,38,27,GGGTGGGCATGCAGATACAT,11,3371777
ssnAp,0.42857142857142855,38,27,GGGCTGATACAATGCCGTAA,11,3360514
ssnAp,0.7142857142857143,46,27,GCACCACATAGTCGCTAAAG,19,3392789
ssnAp,0.5,40,27,CGTAGCGGCCTAGGCAAGTA,13,3367618
ssnAp,0.5714285714285714,42,27,CCTTATGGTGATAACACTGT,15,3392520
ssnAp,0.6071428571428571,43,27,CAGGCGTGACGCTTTCTGGA,16,3361083
ssnAp,0.75,47,27,AGTTTCGCGGCTGGGGCTTT,20,3360965
ssnAp,0.6785714285714286,45,27,AGCCTGCACAGGCTCCTCAT,18,3384823
ssnAp,1.5714285714285714,70,27,AGAAGAGCTGCAATAAAGAG,43,3371337
ssnAp,0.25,33,27,ACCCGGGGCGTCTGCGGCGA,6,3372361
ssnAp,0.9629629629629629,51,26,TTATCGACCTTTCAAAATTC,25,3394896
ssnAp,0.9629629629629629,51,26,CGTTCCGGGACCGGTTCGCA,25,3366289
ssnAp,1.7037037037037037,71,26,CGAGTCAGTTTCAGACCATG,45,3359366
ssnAp,0.4444444444444444,37,26,CCTAATGGTCGATCTGAGCA,11,3376527
ssnAp,0.8148148148148148,47,26,CCCCGTCATAGTTCTAAGAA,21,3377653
ssnAp,0.07407407407407407,27,26,ATACCCTTAACCGTAATGTT,1,3366648
ssnAp,1.6296296296296295,69,26,ACCTGTTCGTCGAAACCCCA,43,3368878
ssnAp,0.07407407407407407,27,26,AAGGACCTGACTCCGTGGAT,1,3397163
ssnAp,0.5185185185185185,39,26,AACGTTGGTTCCCCAAAAAA,13,3392451
ssnAp,1.0384615384615385,51,25,TTTCAGCTCCGATACGCAAG,26,3381743
ssnAp,1.1923076923076923,55,25,TCGATTCTCGCTGGGCAGCC,30,3396558
ssnAp,0.5769230769230769,39,25,TAGCGGCCGATCTTTCGGGT,14,3368695
ssnAp,0.38461538461538464,34,25,TAAATGCTGGAGGTGTGTAG,9,3359214
ssnAp,0.7307692307692307,43,25,GTGCCAGGTGTATGTCGATA,18,3398402
ssnAp,0.4230769230769231,35,25,GGGAACGACGAACGTTGGCT,10,3384993
ssnAp,1.3846153846153846,60,25,GCTTCCGATGCGGGTTCCAG,35,3366188
ssnAp,1.1153846153846154,53,25,GCGGGGTCTTGATATAATTA,28,3370179
ssnAp,0.7307692307692307,43,25,GCATTAGGCCTGTCAAGATG,18,3377574
ssnAp,0.23076923076923078,30,25,GCACGATTGGCGGCCACATC,5,3366004
ssnAp,0.7692307692307693,44,25,GACTGCCTAATTAGGATGTT,19,3361252
ssnAp,0.2692307692307692,31,25,GAACCTTGCGCCCGAAGTAC,6,3363303
ssnAp,0.5769230769230769,39,25,CTACTAGGCTTCATTTTAAT,14,3379183
ssnAp,0.07692307692307693,26,25,CCGTCAGCTATCAGGCTTGT,1,3365849
ssnAp,0.6923076923076923,42,25,CATCAAATGCAAGATACGTC,17,3398381
ssnAp,0.8076923076923077,45,25,CATAAGTCTTAACTTAGTCT,20,3382011
ssnAp,0.8846153846153846,47,25,CAGGGGTCTATGGAGAAAGG,22,3371129
ssnAp,2.3076923076923075,84,25,CACAAGCGGAGTGCGTTTAG,59,3399937
ssnAp,0.6153846153846154,40,25,ATGCGATAGGCATGTTCGGT,15,3395936
ssnAp,0.07692307692307693,26,25,AGGCCTACGTGAGAACGTGT,1,3388710
ssnAp,0.46153846153846156,36,25,ACATCCACCGGGAACCGGAC,11,3364638
ssnAp,0.46153846153846156,36,25,ACATAGATTATAGGACGTAC,11,3390307
ssnAp,0.46153846153846156,36,25,ACAGGGGTCGTATAATCTCT,11,3391152
ssnAp,0.4,33,24,TGGTTCCAACCACCGCCAGG,9,3366713
ssnAp,1.12,51,24,TGCGAGGATTCAGTAGGAAT,27,3369259
ssnAp,0.68,40,24,TCTGCAGGCCGGGTATAAGA,16,3361004
ssnAp,1.28,55,24,TATCTCCACCAACTTCTATG,31,3366557
ssnAp,7.64,214,24,GTTAGAAGCTTCAACCTATA,190,3364468
ssnAp,0.6,38,24,GTGCGAGCAGCTAAATTTGG,14,3365208
ssnAp,0.44,34,24,GGAGGCAGGACCATTCAGAA,10,3373331
ssnAp,0.72,41,24,CTGGACCAGGAGTAGAGTTG,17,3362099
ssnAp,0.44,34,24,CGGGTCGCGGTGCAAGAACT,10,3391066
ssnAp,0.6,38,24,CGGAGTGCTTTTAGCGTTGT,14,3384806
ssnAp,0.72,41,24,CGATCCTGTTAGAGGGTCAA,17,3375428
ssnAp,0.64,39,24,CCCTCGCGGGTTACCACCAA,15,3380885
ssnAp,0.48,35,24,CATACAGTTCGGCAAGGGGA,11,3387868
ssnAp,0.32,31,24,CAGTGAGCGCGAGGCCCTAG,7,3359872
ssnAp,0.44,34,24,ATATAATGTACCTTTTACAT,10,3376087
ssnAp,0.08,25,24,ATAGACGGCTATCTTCAGCA,1,3380185
ssnAp,1.16,52,24,AGCGGGTTTTTCGAAGATCA,28,3398304
ssnAp,0.8,43,24,AGATTAATAAGCTTACGGTT,19,3364618
ssnAp,1.48,60,24,AGAGAATGGTTTAGTATGAA,36,3400622
ssnAp,0.64,39,24,ACGAAGTATGGTTTGTCCGG,15,3360009
ssnAp,0.08,25,24,ACCACCTGTTGTCCGCTCTC,1,3402210
ssnAp,0.56,37,24,ACACGGTCTAAATATCGGTA,13,3382253
ssnAp,1.1666666666666667,50,23,TTCTGTAAAGGGAACACGAT,27,3364921
ssnAp,2.125,73,23,TTCTGCCATGGCATTTATGT,50,3373423
ssnAp,0.5416666666666666,35,23,TTCGGAGTAGACTCCGGATC,12,3384270
ssnAp,0.75,40,23,TGTCGCAGGGGAGCAAACTT,17,3370136
ssnAp,0.4166666666666667,32,23,TAGGCAATGCATTTTTGGAA,9,3366435
ssnAp,0.4583333333333333,33,23,TACCCGGTTAGTCAGTTCAA,10,3366996
ssnAp,1.0833333333333333,48,23,GTCTGGAAACGAGCGTGCGC,25,3388941
ssnAp,0.5,34,23,GCCCGTTTGCGTAGAATCCC,11,3366761
ssnAp,0.5416666666666666,35,23,GACTCGCATTCCACGTTAGT,12,3370679
ssnAp,0.08333333333333333,24,23,CTTCCTTACCGTCACACGAT,1,3360037
ssnAp,0.5833333333333334,36,23,CTGAAGCGGCCCAATCCGCA,13,3360186
ssnAp,0.7916666666666666,41,23,CTACGCACTAGATATTGCTA,18,3371336
ssnAp,0.2916666666666667,29,23,CGTACAGTGTCACGCGAGAT,6,3394397
ssnAp,1.0833333333333333,48,23,CGATACCTCGCGCGCGGATG,25,3369189
ssnAp,0.16666666666666666,26,23,CCCGCCATCAGAAGGAAACA,3,3367392
ssnAp,1.125,49,23,CCCCGTGCAACCCGACTCTT,26,3364012
ssnAp,1.5,58,23,CCATATTTGGTTCGGTTGGG,35,3385471
ssnAp,0.4583333333333333,33,23,CAGATTGGCAAGAATACTGT,10,3375504
ssnAp,0.375,31,23,ATTTTCACGGGTATAACAAA,8,3371738
ssnAp,0.75,40,23,AGGGATCACAAAATAGACAT,17,3374543
ssnAp,0.7083333333333334,39,23,AGGCACAGACCGCTCAATTA,16,3370230
ssnAp,2.7916666666666665,89,23,AGCGTGGTGTGGGCTGTAAA,66,3385723
ssnAp,0.9583333333333334,45,23,AGAACCGTGGACCCCAGCCT,22,3359680
ssnAp,1.0,46,23,AATCTTCGTGATTGGCAGGG,23,3372821
ssnAp,0.08333333333333333,24,23,AATCAGTGGCGATCGTCCCA,1,3397707
ssnAp,0.08333333333333333,24,23,AAATTCTTTTGGACCTGTAG,1,3376924
ssnAp,0.6521739130434783,36,22,TTAGTAGCTGCGCGATTACT,14,3377699
ssnAp,1.5217391304347827,56,22,TGGCCTTACATAATGTCTAT,34,3379268
ssnAp,0.5652173913043478,34,22,TGCGGCATGGAAGCGGCTCG,12,3364386
ssnAp,0.08695652173913043,23,22,TGCACGCATGTTATGTATTA,1,3393871
ssnAp,2.4347826086956523,77,22,TGACAAGCCATCCGAACCGA,55,3388747
ssnAp,0.43478260869565216,31,22,TCGTTGTCAACGAAAAGAGA,9,3369370
ssnAp,0.5652173913043478,34,22,TAGCCGACATCTGGGTCCGT,12,3364644
ssnAp,1.1304347826086956,47,22,TAATAAGAAGCTCAACGCGG,25,3374148
ssnAp,0.8695652173913043,41,22,GTCAAGACAACACACGGAGG,19,3399582
ssnAp,1.3043478260869565,51,22,GGTGCACGCTACTACTACCC,29,3375736
ssnAp,0.4782608695652174,32,22,GGTAGTCAGCTGCCGAGTTC,10,3369974
ssnAp,1.2173913043478262,49,22,GGCGGCAGTACTTTAGTTGC,27,3378058
ssnAp,0.5652173913043478,34,22,CTCAACTACCAGCGTTGGAA,12,3386809
ssnAp,1.2173913043478262,49,22,CTAATACAAGGAGGGAAGAA,27,3368871
ssnAp,0.08695652173913043,23,22,CGCCAACACTGCTCGATGCA,1,3374778
ssnAp,0.391304347826087,30,22,CGCAGGTCGAACCAGGGGTT,8,3365546
ssnAp,0.4782608695652174,32,22,CACCGGTACACAGTCTGGCA,10,3378451
ssnAp,0.6956521739130435,37,22,AGGCTTAGGGAAAAGCCAGA,15,3377116
ssnAp,0.7391304347826086,38,22,AGCTAGTTGAGAACGGTTCT,16,3377210
ssnAp,0.391304347826087,30,22,AATAGACTCGTATACTCGCG,8,3372342
ssnAp,0.4782608695652174,32,22,AAGTATGTGGCCCGGGGTCC,10,3394362
ssnAp,0.6956521739130435,37,22,AAGATGTGGATCCACCTCGT,15,3370486
ssnAp,1.2727272727272727,48,21,TTTTCATCTCGACCCAGAAT,27,3376025
ssnAp,0.2727272727272727,26,21,TTTGTCAGGATCTGATTCGA,5,3373129
ssnAp,2.3636363636363638,72,21,TTCCGATTGGAAGTTTCGCC,51,3379089
ssnAp,1.0909090909090908,44,21,TCAGAGATTGAATATTCGAG,23,3368575
ssnAp,0.09090909090909091,22,21,TCACGGGTATTATTCTCAAT,1,3387798
ssnAp,0.5909090909090909,33,21,TAGGTGGTGTGGCAGGCGGG,12,3366717
ssnAp,0.45454545454545453,30,21,GTCCTTATGGCCACGTTAAC,9,3364747
ssnAp,3.0,86,21,GGATCGCGACCGCTGGGGAA,65,3389385
ssnAp,0.09090909090909091,22,21,GCACCTAGTTCATTTATGTG,1,3371653
ssnAp,0.7272727272727273,36,21,CGTTGTGCGCTTAGCTTCCT,15,3373132
ssnAp,1.6818181818181819,57,21,CGGATAGAAGGTTCACGATT,36,3388168
ssnAp,1.4545454545454546,52,21,CGAGATTGTCTACAAACCTG,31,3377627
ssnAp,0.8636363636363636,39,21,CATCCGCAGTGGTCTCGTTT,18,3369222
ssnAp,0.7272727272727273,36,21,ATTTGTGCTCCGTTGTACAA,15,3378366
ssnAp,0.18181818181818182,24,21,ATGTACTGTCGGCCCATATA,3,3394862
ssnAp,0.7272727272727273,36,21,ATCATTTGCCTCTCTGGCCT,15,3367231
ssnAp,1.0909090909090908,44,21,AGGCTCGGTTGGATCTTTGG,23,3359979
ssnAp,0.22727272727272727,25,21,ACTGTGATCGCTATGTACAT,4,3366080
ssnAp,2.6818181818181817,79,21,ACGCGGGGCTCATCGTCACA,58,3376089
ssnAp,0.09090909090909091,22,21,AAGGGGTTATCCGCGTCTGA,1,3390689
ssnAp,0.09523809523809523,21,20,TTCTGGCGAAGTCTCATGCA,1,3363642
ssnAp,1.2380952380952381,45,20,TTCAGTGGGTCAGATATCCA,25,3370930
ssnAp,0.7142857142857143,34,20,TCGCGACGGTGGGTACTGGA,14,3374124
ssnAp,1.619047619047619,53,20,TCGCATATCCTTTGTACCTA,33,3381826
ssnAp,1.4285714285714286,49,20,TATCAGTGGGCTTATAGTAA,29,3377814
ssnAp,0.2857142857142857,25,20,TAGCGCGTCTGTGGGGATCA,5,3382064
ssnAp,0.14285714285714285,22,20,TAATGGGGGGACACGCAGAG,2,3394442
ssnAp,0.14285714285714285,22,20,TAAATTACGAGATTTGAAAG,2,3363441
ssnAp,0.14285714285714285,22,20,GTACTCTCGGCATCAGTTAG,2,3383850
ssnAp,1.0952380952380953,42,20,GGTATGAATTGACATCCATT,22,3385524
ssnAp,1.0476190476190477,41,20,GCAGACGGCAGGTCACCCAT,21,3370142
ssnAp,0.8095238095238095,36,20,CTTACTACTTTATAACGTCA,16,3365922
ssnAp,1.1904761904761905,44,20,CGGTCACAATGAACATTTAA,24,3373696
ssnAp,0.8095238095238095,36,20,CGGGTTTTTAGGACCGGTGT,16,3374370
ssnAp,2.0952380952380953,63,20,CGCGTCCTGGTTCATGATTC,43,3400171
ssnAp,0.6190476190476191,32,20,CCACTTCACATACTCTGGGA,12,3372061
ssnAp,0.5238095238095238,30,20,CATCACTATAAGAGACCGTA,10,3398272
ssnAp,1.8095238095238095,57,20,ATCAGGTGATACGCCTTCGT,37,3369717
ssnAp,0.42857142857142855,28,20,AGTATTGCGAGCAACTAATG,8,3391045
ssnAp,1.1904761904761905,44,20,AGGAGGCGAGAGCTAAGAAG,24,3376625
ssnAp,0.2857142857142857,25,20,ACTCAGCAGCTGGGTCCAGC,5,3377088
ssnAp,0.2857142857142857,25,20,AATGGTTCGTGGCGTCTCGA,5,3366605
ssnAp,0.14285714285714285,22,20,AAGTCGAAGCAAAACACCTA,2,3362315
ssnAp,1.1904761904761905,44,20,AAGGAGACCCCGGGGCCTAA,24,3376146
ssnAp,0.47619047619047616,29,20,AACTTCTGTGGGGTAAGTCA,9,3400889
ssnAp,1.5714285714285714,52,20,AAATTTTTGAGTACGAGCGT,32,3397509
ssnAp,1.0,38,19,TTTTTAACTTGCAGCACGGG,19,3363327
ssnAp,1.05,39,19,TTTGTAATGCCGTTTGTGAA,20,3361764
ssnAp,0.45,27,19,TTTGGAGTAAGGTAAATTGT,8,3400486
ssnAp,0.65,31,19,TTTCCATAGAACCTTTTTTC,12,3399533
ssnAp,0.55,29,19,TTGTGAGGGCAAAACGCGAA,10,3366710
ssnAp,0.5,28,19,TTCTCCTCACGCAACCATCT,9,3402583
ssnAp,0.3,24,19,TGTGTGGGGGCCGAGAAATG,5,3366253
ssnAp,0.5,28,19,TGACACATGGGGTGGAACGT,9,3365753
ssnAp,3.55,89,19,TCGTGCTCTAGGTCATATAA,70,3384648
ssnAp,1.05,39,19,TCCCGGTGAGTTCCGATGAG,20,3396426
ssnAp,0.8,34,19,TCCATTTAATTCGAACGTCC,15,3385323
ssnAp,0.75,33,19,TCAGGGTTTGAATATTAAAG,14,3365020
ssnAp,1.3,44,19,TCAGGGCTCAGGCCATAAAT,25,3363559
ssnAp,0.8,34,19,TACTCAGAAAATTGTGGCTA,15,3384034
ssnAp,1.0,38,19,TAAGCTCTTCCCAGTAAGAA,19,3384901
ssnAp,0.35,25,19,GTTTTGAGGTAGTGAAGTCT,6,3380988
ssnAp,0.75,33,19,GTGTGTGTGTTTCAACATGT,14,3385814
ssnAp,0.55,29,19,GTCTCCGCAATTGCAGTCTG,10,3370932
ssnAp,0.1,20,19,GTACCTAAACGGTCCCTTCA,1,3361512
ssnAp,0.55,29,19,GGCCTTCACAATAACGGCAA,10,3366369
ssnAp,0.6,30,19,GCTATCGTAAAGGTCAAAGT,11,3384500
ssnAp,0.4,26,19,GCGCTAGGATCATGCAAGCC,7,3368415
ssnAp,0.1,20,19,GATGTAAGGGAGGTAGGATT,1,3378974
ssnAp,0.85,35,19,GATATTGGGGCTACACGCTA,16,3383992
ssnAp,0.45,27,19,GACAGCGCTTTCAACATCTG,8,3374471
ssnAp,0.9,36,19,GAATAGACGTTTTTCCGCAG,17,3383419
ssnAp,0.1,20,19,CTATGATGGAGAACGTTGTA,1,3376239
ssnAp,1.15,41,19,CGTTCCAAAAGGTCGAGACT,22,3364639
ssnAp,1.75,53,19,CGGTGGGGAAACAGCCGGCC,34,3364384
ssnAp,0.95,37,19,CGATTTAGAGACTGGCAGCC,18,3361583
ssnAp,0.45,27,19,CGATAGTATCGTTCCCCCAT,8,3362619
ssnAp,0.65,31,19,CCGGATATAAATTGAAGGAT,12,3361371
ssnAp,0.75,33,19,CCGGAATAGACCTGTAGCAT,14,3396929
ssnAp,1.0,38,19,CCCGGGGGTGCGCTCCGGAA,19,3371566
ssnAp,1.25,43,19,CCCGCCAACCCGTGTATCGG,24,3367712
ssnAp,0.95,37,19,CCAGGGCATTTTCCGACCAG,18,3395212
ssnAp,1.2,42,19,CATACCGTCTCTACACGGGG,23,3373356
ssnAp,0.95,37,19,CAGCATAGAATAGGGCTTGT,18,3395882
ssnAp,0.65,31,19,CACTTCTTTGTAAGATGCAG,12,3372136
ssnAp,2.45,67,19,CACTAGATAACTGCTGGAGA,48,3371733
ssnAp,4.65,111,19,CACGTAAAGTGTCCTCGTCA,92,3377625
ssnAp,0.55,29,19,CACAGCACCAAGTCCATGCA,10,3384675
ssnAp,0.9,36,19,CAATGACCCCGGTTCGTTGT,17,3365786
ssnAp,0.85,35,19,ATCGGCACATAACCATCCTA,16,3377281
ssnAp,1.0,38,19,ATACGGTACACTTGACATGA,19,3385912
ssnAp,0.85,35,19,AGGCGATGGCTCGCAACCTC,16,3381604
ssnAp,1.0,38,19,AGCCACTGGCCTAGCTCGGT,19,3382730
ssnAp,1.25,43,19,AGCACTGACCACTTCGGTTC,24,3396757
ssnAp,1.0,38,19,ACCAAGGGGTTTAGCGACTT,19,3372981
ssnAp,2.25,63,19,ACAGGTACTAGAATACGTTG,44,3360103
ssnAp,0.4,26,19,ACACAAAGCAGTAAATGCCA,7,3368483
ssnAp,1.15,41,19,ACAAGCCTACCTAGTATATC,22,3365734
ssnAp,0.1,20,19,AATTAACATGAAGCCGAACT,1,3379447
ssnAp,0.1,20,19,AATCCCTTGGAGCAAAACAT,1,3374625
ssnAp,0.1,20,19,AATCAGAATCAGCAGAGCTT,1,3383027
ssnAp,1.0,38,19,AAGAGAAACCTGCGCCCGCA,19,3389552
ssnAp,2.15,61,19,AACTACTCTCCGGGGTTGGT,42,3383497
ssnAp,0.631578947368421,29,18,TTGGTCACAATTGGATCCCC,11,3395093
ssnAp,0.631578947368421,29,18,TTGCGCGAGTACAGGACATT,11,3385601
ssnAp,1.1578947368421053,39,18,TTCTATGGAGTGAACGGGTG,21,3385154
ssnAp,0.8421052631578947,33,18,TTCGACAAGGACCAATGAAA,15,3384455
ssnAp,5.105263157894737,114,18,TGCCAACGAAATTCGTGAAC,96,3366023
ssnAp,0.7894736842105263,32,18,TGACTTCAGTTATAGGAATC,14,3393379
ssnAp,1.2105263157894737,40,18,TGACTATGCTATTAATCTAT,22,3369556
ssnAp,1.5263157894736843,46,18,TCTTGGAATATCGCAACACG,28,3367090
ssnAp,0.631578947368421,29,18,TCTGATACGCAAGCCTATCG,11,3366005
ssnAp,1.368421052631579,43,18,TCGAGCGGACAGTTTCCAAA,25,3381135
ssnAp,0.42105263157894735,25,18,TCCTCTAGAGTCGGTAAAGC,7,3368551
ssnAp,0.21052631578947367,21,18,TCCGGAATAGGCACGCAAAT,3,3378949
ssnAp,0.42105263157894735,25,18,TCACTGGGTCTGACGTAGAC,7,3363139
ssnAp,1.1578947368421053,39,18,TCAATCACCACAATCTTCTT,21,3378273
ssnAp,1.0526315789473684,37,18,TACGACCTGGTTAGCGCGAG,19,3365512
ssnAp,0.8421052631578947,33,18,TACCGAGTGTTGCTTCGGCG,15,3382063
ssnAp,0.3157894736842105,23,18,TAAGTAATCGTTACAACAGA,5,3388002
ssnAp,1.2105263157894737,40,18,TAAGCGCCCGAGTCCATTGT,22,3380322
ssnAp,0.6842105263157895,30,18,GTTCCGAGTCCGACGGCGTA,12,3377259
ssnAp,0.10526315789473684,19,18,GTGATTATATACTCACATAT,1,3377790
ssnAp,0.5789473684210527,28,18,GTGATCGAACGGCGTAGTCA,10,3374571
ssnAp,0.42105263157894735,25,18,GTCTTAAGGCAGAAAACATT,7,3368672
ssnAp,0.6842105263157895,30,18,GTCGGTACGCTCTGGTCTAA,12,3391178
ssnAp,0.9473684210526315,35,18,GGGGGCGCGTTCTGTGGGAA,17,3376496
ssnAp,0.5789473684210527,28,18,GGCCGTGGAGGCGGAGCCCG,10,3388975
ssnAp,0.7368421052631579,31,18,GCTCGACTTTATAGGCAGCA,13,3392954
ssnAp,0.2631578947368421,22,18,GCTACCTGTCAGGGCTAGTG,4,3362542
ssnAp,0.8421052631578947,33,18,GCGGGAACCTGCCAACTCGT,15,3364456
ssnAp,0.6842105263157895,30,18,GATGTCGGCTACCAGGCCGC,12,3391677
ssnAp,0.42105263157894735,25,18,GATCTCACTAGAAGATGGCA,7,3372014
ssnAp,0.8947368421052632,34,18,GAGTGAGAGACTCATCGCCG,16,3401197
ssnAp,1.0,36,18,GAGGCCACACCGTATGAGCA,18,3368947
ssnAp,1.1578947368421053,39,18,GAAGGTATATCTCCGCAAGC,21,3376417
ssnAp,0.15789473684210525,20,18,CTTTATAGGGCTGAGGCTTA,2,3365063
ssnAp,1.368421052631579,43,18,CTCGACTCCCTTCGACCGCA,25,3375097
ssnAp,0.2631578947368421,22,18,CTCAAATGTCTTTTTTCATC,4,3366128
ssnAp,0.15789473684210525,20,18,CGTAGACCACCCTCCCTATA,2,3366436
ssnAp,0.8947368421052632,34,18,CGAGTCACGACAAGCAACGA,16,3382288
ssnAp,0.5789473684210527,28,18,CGAGACCTTTATGGAAGGTT,10,3396981
ssnAp,1.3157894736842106,42,18,CGAAGCATCTGGACCCTAAT,24,3391885
ssnAp,0.5263157894736842,27,18,CCGGCCACGGGCTGACTCAC,9,3394864
ssnAp,0.3684210526315789,24,18,CCGACTAGACAGGTTCAAAG,6,3367228
ssnAp,0.3684210526315789,24,18,CCCTTAGGCTCGCGGTAATA,6,3391750
ssnAp,0.10526315789473684,19,18,CCCTGATATACTGCTTTCTA,1,3362306
ssnAp,0.631578947368421,29,18,CCCGTAGTGGCGGTGTGACG,11,3365167
ssnAp,0.9473684210526315,35,18,CCAGGTTAGAGCTACGTATT,17,3402766
ssnAp,2.1052631578947367,57,18,CAGAACGTTAGCTGCTCTAT,39,3369257
ssnAp,0.631578947368421,29,18,CAAATTGGTCAGGAGGGAGA,11,3398169
ssnAp,0.10526315789473684,19,18,CAAAAGGGCCTCTCAGTGCT,1,3375576
ssnAp,0.5263157894736842,27,18,ATGAGCTGTTCGGAATTTAC,9,3393556
ssnAp,1.3157894736842106,42,18,ATCCATGCAGGCGTCAACTA,24,3402864
ssnAp,0.5789473684210527,28,18,AGGTGGGGGGTGTCCTAGCA,10,3364199
ssnAp,1.5789473684210527,47,18,ACCTTAGTTGCCAGCCACCA,29,3394991
ssnAp,0.6842105263157895,30,18,AATTAATTGTCTGACTTCGC,12,3363632
ssnAp,0.7368421052631579,31,18,AAACAGGGTGTTAAAAGTGG,13,3396599
ssnAp,2.1666666666666665,55,17,TTTTAAACTTCTGGGTGGCA,38,3367592
ssnAp,0.5,25,17,TTGGGGTGCTTGAGATCTCG,8,3384603
ssnAp,0.6111111111111112,27,17,TTCCCTTGTGATTAGACCTC,10,3364980
ssnAp,0.3888888888888889,23,17,TTAGTGATACCGTCCTACGA,6,3387205
ssnAp,1.5555555555555556,44,17,TGTCTGTAGGATTGGTCAGA,27,3360241
ssnAp,0.8888888888888888,32,17,TGCCATGTTCATGTCGCCTG,15,3391845
ssnAp,1.8333333333333333,49,17,TGACCAATGGGTCATCTTAA,32,3376163
ssnAp,0.8333333333333334,31,17,TCTTCGAGGGTTGTCGTCGT,14,3377737
ssnAp,1.5,43,17,TCTGGGACTTTAAGACACTA,26,3396811
ssnAp,1.1111111111111112,36,17,TCTCTTACTCCAAAAGGAGG,19,3398380
ssnAp,0.6111111111111112,27,17,TCGTTGGATAATGTGTAAGG,10,3402043
ssnAp,0.4444444444444444,24,17,TCGTTCCGACGTCTTTGGGA,7,3383990
ssnAp,0.4444444444444444,24,17,TCGGTAGTTATGGTGCGCCG,7,3360754
ssnAp,0.3888888888888889,23,17,TCGGCGACGTGAGATAAGAC,6,3368521
ssnAp,1.0,34,17,TCAGACTTAATCGGGTTGAA,17,3367236
ssnAp,0.6111111111111112,27,17,TAGATTCGCCTCAGCCTTAG,10,3373135
ssnAp,0.7222222222222222,29,17,GTTGGTTTTTTACCTCATTG,12,3366245
ssnAp,0.6666666666666666,28,17,GTAGACAGCTCCTACCGCCA,11,3386351
ssnAp,1.2222222222222223,38,17,GTACGACATTCTCCTAGTCT,21,3386389
ssnAp,0.1111111111111111,18,17,GGGTACTTCTCTTGCACATA,1,3365973
ssnAp,0.9444444444444444,33,17,GGGGAGCAGGTGAACAATTG,16,3391438
ssnAp,0.7777777777777778,30,17,GGAGAGTAGTTCTTAAAACG,13,3387580
ssnAp,0.9444444444444444,33,17,GGAAGGGCGTCTTATACAAC,16,3380745
ssnAp,0.7777777777777778,30,17,GCGGTGCTATTTGTCGCAGT,13,3389077
ssnAp,1.8888888888888888,50,17,GCCCGCGCTCCGTGCTTCAA,33,3383659
ssnAp,2.3333333333333335,58,17,GCCAGGGGTGTCGCGGTTAA,41,3391027
ssnAp,2.388888888888889,59,17,GCATGCCCCCGCTGACCCCA,42,3391982
ssnAp,0.2222222222222222,20,17,GATGCATGGGTGATGGTAGC,3,3396218
ssnAp,1.5,43,17,GATCGGATTCGGTGTACGCA,26,3385225
ssnAp,1.6111111111111112,45,17,GAGACCGTTATCAAGGGCTA,28,3372248
ssnAp,1.9444444444444444,51,17,CTTGAGTGTCTATGTCTAAA,34,3391834
ssnAp,0.7777777777777778,30,17,CTGGAGGAGAGTGACATTTG,13,3394374
ssnAp,1.0,34,17,CTGACCGCCTGCCTATAGTT,17,3369122
ssnAp,0.8888888888888888,32,17,CTCGTATAATCGTCCCGTTT,15,3363556
ssnAp,1.2777777777777777,39,17,CGTATACAGCTCTGTGACTT,22,3363257
ssnAp,1.4444444444444444,42,17,CGGTGCCGGCGAGCCAAAGT,25,3375530
ssnAp,0.7777777777777778,30,17,CGGGTACTCCCAGTTGCCTT,13,3366783
ssnAp,0.5555555555555556,26,17,CGCTTACGTTGGACAAAGCT,9,3389701
ssnAp,1.8333333333333333,49,17,CGCCTTTAAGAAGACCTCCA,32,3370545
ssnAp,1.2777777777777777,39,17,CCTGGAATCAATCTTTATCA,22,3389589
ssnAp,0.8333333333333334,31,17,CCTCAGAAAGTAAACCGTAT,14,3366661
ssnAp,1.1111111111111112,36,17,CCGTATCTGTAGCGAACGTA,19,3372986
ssnAp,0.2777777777777778,21,17,CCAGTGAAAGCGGCTGGACG,4,3382404
ssnAp,1.7222222222222223,47,17,CATAAAGGCGCGGAAAAGCA,30,3381230
ssnAp,0.1111111111111111,18,17,CAGGAGTCACGCATACGGAA,1,3378080
ssnAp,0.2222222222222222,20,17,CAGGACCACGGTACAACGCA,3,3373698
ssnAp,0.9444444444444444,33,17,CAGGAACTACGGAGAGTCTT,16,3389425
ssnAp,0.3888888888888889,23,17,CAAATGGTCGGTCGGACGTG,6,3391575
ssnAp,0.8888888888888888,32,17,ATGGTCGTAACTAGATACGT,15,3373822
ssnAp,1.9444444444444444,51,17,ATGCGTATATTGTGGGCTTG,34,3396594
ssnAp,1.1111111111111112,36,17,ATCGAGTTAGGAGATTGTAG,19,3359403
ssnAp,1.0,34,17,ATCCATAGTAGGCGGGCAGG,17,3368445
ssnAp,0.5555555555555556,26,17,AGGTTAGATGGATAATCTGT,9,3374008
ssnAp,2.611111111111111,63,17,AGGGGGAGAATATACGTGAC,46,3399896
ssnAp,1.1111111111111112,36,17,AGCGTGCGAAGAACACGCTG,19,3372241
ssnAp,0.9444444444444444,33,17,AGCGGGACGCTTTCTTTGTA,16,3362052
ssnAp,0.9444444444444444,33,17,AGAATCTCGCCGAGTGCAAG,16,3362374
ssnAp,2.2777777777777777,57,17,ACGCCTTCTGGTAGAGCCCG,40,3371194
ssnAp,1.3888888888888888,41,17,ACAGGTGTACCCCTTGGGCG,24,3367503
ssnAp,0.7222222222222222,29,17,ACAATAACCCGGGAGCAGAG,12,3383658
ssnAp,1.2777777777777777,39,17,AATTGTAGGGTGCAATTTTA,22,3361671
ssnAp,0.5,25,17,AAATGTTTACTTTAACGCTT,8,3398830
ssnAp,0.5882352941176471,25,16,TTTGTTTCGAGCTTATAAAA,9,3377425
ssnAp,2.7058823529411766,61,16,TTTGTCACCGGCATTGATTA,45,3364751
ssnAp,1.1176470588235294,34,16,TTCGCCGAGCGCGGGCAGCC,18,3364981
ssnAp,0.9411764705882353,31,16,TTCACAACCGGTCTTCTTAT,15,3374834
ssnAp,0.6470588235294118,26,16,TTATGCCGTCATCGGCGGTG,10,3364034
ssnAp,1.0,32,16,TGTAGATGTGCGGATAACTG,16,3375015
ssnAp,0.7647058823529411,28,16,TGCTCTTTCCTGGCCCAGCT,12,3368044
ssnAp,1.1176470588235294,34,16,TGCCTAAGTTGTTACAACTT,18,3395336
ssnAp,0.8235294117647058,29,16,TGCAAAAGTCCCCGAGGTGA,13,3375169
ssnAp,1.7647058823529411,45,16,TGAGCAAACATATCGGCCCG,29,3389358
ssnAp,1.6470588235294117,43,16,TCGCCTGCGTCGCCCATACA,27,3378183
ssnAp,0.29411764705882354,20,16,TCGCAAGCTCGATTGCTTTT,4,3380987
ssnAp,0.6470588235294118,26,16,TATGAGATTTTTAGCACGTT,10,3361197
ssnAp,0.8235294117647058,29,16,GTGCGCCACACCGATCAATC,13,3374906
ssnAp,0.8823529411764706,30,16,GTCCTCAGACCTTTCTACAG,14,3388080
ssnAp,0.35294117647058826,21,16,GTCCGCTCCCGCAAGGCGTG,5,3394816
ssnAp,1.411764705882353,39,16,GTCATAGGGTTTTATCATTA,23,3370847
ssnAp,0.5882352941176471,25,16,GTATGTACAGTATATCAGTA,9,3377576
ssnAp,0.6470588235294118,26,16,GTAGCTCTACTATAGCCTCT,10,3364234
ssnAp,0.35294117647058826,21,16,GTACACGCTCCTCCGTAGGA,5,3396928
ssnAp,0.47058823529411764,23,16,GTACAAGTGCCGAGTGTTCC,7,3378906
ssnAp,1.411764705882353,39,16,GGGCCGCCCGACCAAGTGTG,23,3390620
ssnAp,0.9411764705882353,31,16,GGCGCTGTATTACAAATTAT,15,3366370
ssnAp,0.11764705882352941,17,16,GGCACTCAGGGGCGTGGTCT,1,3377825
ssnAp,1.7058823529411764,44,16,GGAAACGTCGAACTCAGAAT,28,3366534
ssnAp,0.35294117647058826,21,16,GCTTGATGCTGAAGCGTAGA,5,3369188
ssnAp,0.5882352941176471,25,16,GCCTTTGTCACAGGATCCTA,9,3394811
ssnAp,2.0,49,16,GCATTAAGCTCTCCACGGTA,33,3378106
ssnAp,0.7647058823529411,28,16,GCACAGGAAATTGTGGCACC,12,3360078
ssnAp,1.4705882352941178,40,16,GATCGGGGCGACTTCACCAA,24,3400099
ssnAp,0.7647058823529411,28,16,GAGTGGCGCGTCTTGTCCCT,12,3362003
ssnAp,0.47058823529411764,23,16,GAACAGCAACGGTGCGCATG,7,3381104
ssnAp,3.176470588235294,69,16,CTTTAGCCGTCGCGAAACCT,53,3392372
ssnAp,3.235294117647059,70,16,CTTGTAAAATTGTATGCTCG,54,3377761
ssnAp,0.9411764705882353,31,16,CTTGGGACCCCGCCTACACC,15,3361248
ssnAp,1.0588235294117647,33,16,CTTCCCGGCGACGCGCATGA,17,3387280
ssnAp,0.7058823529411765,27,16,CTTCCCGAAGCATCTGGGCT,11,3366040
ssnAp,0.5882352941176471,25,16,CTTACGAGCTCTCCCAGACT,9,3369328
ssnAp,1.2352941176470589,36,16,CTGATAAGATGGGGCTTTTG,20,3375441
ssnAp,0.9411764705882353,31,16,CTCGATATGACGCAGTTCAT,15,3369760
ssnAp,1.4705882352941178,40,16,CTATCGTATGCAATTCTTCG,24,3375024
ssnAp,1.0,32,16,CGTCGCGCTGCTTTAACGTA,16,3359703
ssnAp,0.9411764705882353,31,16,CGGTGGAACAATAGGCCGAT,15,3372919
ssnAp,1.2352941176470589,36,16,CGGTCAACCTGCAAGGTTAG,20,3380559
ssnAp,0.8823529411764706,30,16,CGCCGGGCAGGCATTCTTAT,14,3366522
ssnAp,0.29411764705882354,20,16,CGCCCCGTTTTCTCTTGAAA,4,3364455
ssnAp,1.2352941176470589,36,16,CGAATGCGCGCACCTCATGC,20,3380891
ssnAp,1.0,32,16,CGAACCTCCCTACCTCTGCG,16,3371298
ssnAp,0.5294117647058824,24,16,CCTGGCCTGTATGGATACCG,8,3366812
ssnAp,0.7647058823529411,28,16,CCCGAGCCGTTCCCGTAACT,12,3383491
ssnAp,3.4705882352941178,74,16,CCACCTTACATGTCCTAGCT,58,3375901
ssnAp,0.8823529411764706,30,16,CCACCACCAGTCGTGGTATC,14,3364714
ssnAp,0.4117647058823529,22,16,CATTCCCCGGATGTGTTGAT,6,3396794
ssnAp,0.8235294117647058,29,16,CATGCTGGCCGACTTGCGGT,13,3361538
ssnAp,1.0,32,16,CATGACACTGACGAGGCCTT,16,3375675
ssnAp,0.7647058823529411,28,16,CACTTTATATGGATCCACGT,12,3377375
ssnAp,0.8235294117647058,29,16,ATAGTCTGCGTAGGCCCCCT,13,3376482
ssnAp,1.2352941176470589,36,16,ATAGGATGCAGATGGGCCGG,20,3359606
ssnAp,0.8235294117647058,29,16,ATAGCAGCCTGCCTCGGGAT,13,3363901
ssnAp,2.0,49,16,AGTCGTTCGCCATTCCTGTG,33,3368950
ssnAp,0.7647058823529411,28,16,AGATTCAAAAAAGCCCTCAA,12,3376216
ssnAp,0.7647058823529411,28,16,AGACTCCTTCCGTTGCTCCT,12,3367614
ssnAp,0.9411764705882353,31,16,AGACCAGGGTGCGCCAGCTC,15,3361467
ssnAp,0.35294117647058826,21,16,ACTGGCTGACCACAATGTTC,5,3370377
ssnAp,1.6470588235294117,43,16,ACTCGTTTGATCTGGACGTG,27,3367108
ssnAp,0.5294117647058824,24,16,AATTTTGTTATGCATTGGAC,8,3372621
ssnAp,0.9411764705882353,31,16,AATGATACTTGGTAATAGAG,15,3371952
ssnAp,2.1176470588235294,51,16,AATCAAATAAGCAATGAATA,35,3383548
ssnAp,0.9411764705882353,31,16,AAGTCATCACCCTGTGTCAG,15,3364591
ssnAp,0.8235294117647058,29,16,AAGCCAAAGTTGGCACCCCT,13,3376528
ssnAp,4.882352941176471,98,16,AAGAGCAACCCCCAGATGCC,82,3370512
ssnAp,1.411764705882353,39,16,AACCGGCCGAGTGCTCTGCG,23,3361373
ssnAp,1.8125,43,15,TTTCATTCCTATACAGTTCA,28,3363531
ssnAp,1.625,40,15,TTGCATCACTCTCTCGGGCT,25,3400420
ssnAp,1.0,30,15,TTCCATGACGTCCATGATCT,15,3369286
ssnAp,0.125,16,15,TTCACGAAAGGCTCTAGAGC,1,3365419
ssnAp,0.9375,29,15,TGGCAACATGAGCACTCGTA,14,3366328
ssnAp,1.75,42,15,TGCTAAGCACAGTAATAGAG,27,3387472
ssnAp,0.75,26,15,TGCATTCAGTGTGGGGGGTG,11,3372484
ssnAp,0.625,24,15,TGCAATTAAAGAACCGGAGA,9,3401387
ssnAp,0.5,22,15,TGACCTAACTGAGCCCCAGC,7,3384599
ssnAp,1.375,36,15,TGAAAGGGGGTGCGAGCTCC,21,3360609
ssnAp,2.125,48,15,TCTGGTGCCTTCGTAAAGGG,33,3387923
ssnAp,1.1875,33,15,TCGTGGCACGGACCGACTTA,18,3399136
ssnAp,1.1875,33,15,TCGGGTGTCGGGCGATTTTT,18,3363071
ssnAp,1.0,30,15,TCGACGGCGAGCGGCCAAGT,15,3365629
ssnAp,0.625,24,15,TCCCGGTACTATTGGAATGA,9,3378362
ssnAp,1.0625,31,15,TCACCTCCCAACACATGCCG,16,3367681
ssnAp,0.5,22,15,TATCTAACCACCTCTCGGAA,7,3375067
ssnAp,0.1875,17,15,TATACGCTTGTTTATGCAAA,2,3362194
ssnAp,2.5625,55,15,TAAGCTCGGCACTCTGGGAT,40,3390434
ssnAp,0.875,28,15,GTTCCCGTCTGTTTTATTAC,13,3398548
ssnAp,2.9375,61,15,GTTAGAGGTCATCGGATCAA,46,3398318
ssnAp,1.4375,37,15,GTCATAGGCGACACAAAATG,22,3359750
ssnAp,0.125,16,15,GGTAATAACCTGGGGACACA,1,3363287
ssnAp,0.375,20,15,GGCTTGGTACGAGCTACTTT,5,3368841
ssnAp,2.0,46,15,GGAGGGCCGCAATAGTAATT,31,3362457
ssnAp,3.8125,75,15,GCCGGGCTGAGGCCATATAC,60,3402058
ssnAp,0.8125,27,15,GCCCGTCATATCTGCCGGAA,12,3394522
ssnAp,0.6875,25,15,GCAGATTTAGCATACCTCTA,10,3382529
ssnAp,0.5,22,15,GATTCCTATATCCTGCCGTG,7,3378916
ssnAp,1.125,32,15,GATTCCGCACTCGACCAGTT,17,3390718
ssnAp,1.0625,31,15,GATACGTTTGATGAGTGAAC,16,3379661
ssnAp,2.0625,47,15,GACGGCTGAATTTGTAACTT,32,3402242
ssnAp,0.125,16,15,GAAACAACTGCGGCCTTCCG,1,3394764
ssnAp,0.875,28,15,CTTTGCAAAGTTTTTAACAG,13,3365929
ssnAp,1.375,36,15,CTTCATTACGTATATGCAGA,21,3366554
ssnAp,0.6875,25,15,CTGTCCCCGATGGGAAGCGC,10,3389668
ssnAp,0.6875,25,15,CTCTGGCAAAAGACCATGTG,10,3393352
ssnAp,1.0625,31,15,CTACGACCTAAAGAACGCAG,16,3381931
ssnAp,0.8125,27,15,CGTGGTAGATGCGAATTACG,12,3365004
ssnAp,1.0,30,15,CGTCCGCATGGACGATGAGT,15,3369384
ssnAp,0.125,16,15,CGTCCAGGGAGCGAGAGTTA,1,3373284
ssnAp,1.125,32,15,CGGCTAGCTTTCAGTGAGTC,17,3369742
ssnAp,0.625,24,15,CGCTACACCAGAAGCGTTGT,9,3377918
ssnAp,0.125,16,15,CGACGCTAGCATGTGTCATA,1,3369906
ssnAp,0.75,26,15,CCTATGAACTCCTGGCGCGT,11,3383547
ssnAp,0.125,16,15,CCGACATGTGCAGGGGATAC,1,3368828
ssnAp,1.875,44,15,CCAGGTGTGGAACACAATCC,29,3367680
ssnAp,0.125,16,15,CATTTTTCGGTTTAGCATTC,1,3390896
ssnAp,1.0625,31,15,CACCAACTTTAGGCGGGGCA,16,3364457
ssnAp,0.75,26,15,ATGTGGGATTAGAGTTATTA,11,3360585
ssnAp,0.8125,27,15,ATGTAGGGACGGTCAGTCCC,12,3369931
ssnAp,3.0625,63,15,ATGTACTTTTCATTGGTTAG,48,3371588
ssnAp,0.6875,25,15,ATGCTTGTTGTTACTTTATT,10,3365356
ssnAp,0.125,16,15,ATCGGTGTAGTGTGTTCATT,1,3385787
ssnAp,2.25,50,15,ATCCGCTTAAGTGGTCGGCA,35,3377185
ssnAp,1.5,38,15,ATAGTATGGGGTGCGGTGTC,23,3387285
ssnAp,0.75,26,15,ATAGGTTCTTATCAATTTCC,11,3376175
ssnAp,1.8125,43,15,AGTCTCCCGTGACCCCGGTG,28,3372851
ssnAp,3.125,64,15,AGTCTCACCTGGTTGCGGAT,49,3362793
ssnAp,0.625,24,15,AGGCATTCCAGGACTCATTG,9,3359461
ssnAp,1.0625,31,15,AGCGACTTCGACCAGTTCGC,16,3366599
ssnAp,0.5625,23,15,AGATTTTGTCAAAATCGTTC,8,3385778
ssnAp,1.3125,35,15,AGACCATGCCATCCTAACAG,20,3385180
ssnAp,0.75,26,15,ACTGCACTATTGAGAACACT,11,3400497
ssnAp,1.125,32,15,ACTCTACACAGAAGTACTGA,17,3389860
ssnAp,2.0625,47,15,ACTCGGGGGAAAATCCGTTT,32,3397349
ssnAp,0.875,28,15,ACGCTTTTGGACATGGGAAG,13,3366176
ssnAp,0.5,22,15,ACCGGATGAATGACCCCCTG,7,3366025
ssnAp,2.4375,53,15,ACAGTCGCTGGGCCGGGGGG,38,3398887
ssnAp,1.0625,31,15,ACAAGAAGAGAGCTGTTCGA,16,3395662
ssnAp,1.4375,37,15,AATTTTAGGATTGATGGTGT,22,3369719
ssnAp,0.625,24,15,AATGATTAAGCGCGAGGTAA,9,3399991
ssnAp,1.0625,31,15,AAGGCCTTGTAACTTCGTTT,16,3362945
ssnAp,1.1875,33,15,AAAGTATGGTCCGAAGTCCC,18,3381650
ssnAp,1.0,28,14,TTTATATAATTGTGGTGTAC,14,3373498
ssnAp,0.13333333333333333,15,14,TTCCCCACGGTTGTCCTAGT,1,3364332
ssnAp,0.8,25,14,TTATCGCTAGGAGGTGTTAA,11,3387586
ssnAp,0.8,25,14,TGTCAGCACCGGCACTGATT,11,3402251
ssnAp,0.8666666666666667,26,14,TGTCACGTGACCGCTTAGCT,12,3375748
ssnAp,0.13333333333333333,15,14,TGTAACCTGCCGGATAAGAA,1,3363944
ssnAp,4.266666666666667,77,14,TGGAGGAGGCTCGTTATGGG,63,3393384
ssnAp,0.6,22,14,TGCGAGATAGTACCAGCGGC,8,3389774
ssnAp,0.13333333333333333,15,14,TGCCCGAATACGTGACCATA,1,3401806
ssnAp,0.8666666666666667,26,14,TCGGAAGCGCCTAGAGAAGA,12,3386241
ssnAp,0.5333333333333333,21,14,TCGCGCGGGGTTCGGCTTTG,7,3394400
ssnAp,1.9333333333333333,42,14,TCCAGAGGAAAGCAGGTCTA,28,3402003
ssnAp,0.8666666666666667,26,14,TCATGCCCACACGCTGAGGG,12,3371813
ssnAp,0.5333333333333333,21,14,TATTCGAGCAAAAAAAGGCC,7,3374938
ssnAp,0.8666666666666667,26,14,TAGGTAACCGCACTGGGACA,12,3377705
ssnAp,1.1333333333333333,30,14,TAGATAGGTTCAATAGGTTA,16,3370711
ssnAp,1.4666666666666666,35,14,TACTCCTTCTTCTAACGGCT,21,3370895
ssnAp,1.0,28,14,GTTGGCAGCCTATGACGTAG,14,3364927
ssnAp,0.13333333333333333,15,14,GTGGTTCGTCACCAAATGTG,1,3398825
ssnAp,0.9333333333333333,27,14,GTGGAATAGACAAAGAGCAT,13,3374508
ssnAp,0.3333333333333333,18,14,GTGCATCATTTCCGCGGTGG,4,3397614
ssnAp,1.0,28,14,GTCGAATCCCGGTGACGTTG,14,3381828
ssnAp,0.6666666666666666,23,14,GTAGCGATGTCCACCACGTT,9,3400326
ssnAp,2.3333333333333335,48,14,GGTATCTCAACAACAGCTTT,34,3390310
ssnAp,0.8,25,14,GGCGAGATCAAGACAGCGGT,11,3372277
ssnAp,1.1333333333333333,30,14,GGAAACGTCGGCCGCTAACA,16,3389841
ssnAp,1.0,28,14,GCGGCTGATACTAAATTCTA,14,3368776
ssnAp,0.6,22,14,GCGAGAGCCTTCGACATATA,8,3389531
ssnAp,0.7333333333333333,24,14,GCCTCCACCAGCGATGCCTA,10,3368477
ssnAp,1.2666666666666666,32,14,GCCAATTAGGCAGGAGATCT,18,3402222
ssnAp,0.8666666666666667,26,14,GCACCGTACCATTCTCAATA,12,3367919
ssnAp,1.0666666666666667,29,14,GCACCCTAGCGGGGATCGTC,15,3386908
ssnAp,0.9333333333333333,27,14,GACATTTGGCCCATTATTGA,13,3365851
ssnAp,1.4666666666666666,35,14,GAATTGTAATCTGCCCATAG,21,3371572
ssnAp,1.3333333333333333,33,14,GAACGATGCCGGACGTACCA,19,3368881
ssnAp,1.6666666666666667,38,14,GAACATTGAGTAAACTCAGT,24,3397185
ssnAp,1.1333333333333333,30,14,GAAAGGGATGCGGCCCTCCC,16,3390636
ssnAp,1.4,34,14,CTTGGGCTACCTCCCCTAAT,20,3376856
ssnAp,0.13333333333333333,15,14,CTTCTGTCCATGCACGGGCA,1,3367148
ssnAp,0.7333333333333333,24,14,CTGTCCGTCGAGTGATAGCG,10,3371882
ssnAp,1.7333333333333334,39,14,CTCCTCCTATCGCTGTGGCA,25,3382075
ssnAp,0.8,25,14,CTAGGCCATGCGGTCGGCTA,11,3397394
ssnAp,1.2,31,14,CGTTTGGATTTGTCAGCTCG,17,3362509
ssnAp,0.6666666666666666,23,14,CGTCCCAAGTATCCAGGTTA,9,3391807
ssnAp,0.4666666666666667,20,14,CGTCAAAGTGACAGAATCAT,6,3396729
ssnAp,0.13333333333333333,15,14,CGGGACCGCACGTGGTGAGT,1,3397191
ssnAp,0.9333333333333333,27,14,CGGCGCGCGTCAGCCAAGTG,13,3376498
ssnAp,2.4,49,14,CGGATTAGACTTTGTGTGTT,35,3396347
ssnAp,0.26666666666666666,17,14,CGATAGCAATGTTCCAAACA,3,3364312
ssnAp,1.0666666666666667,29,14,CGAATCCGTCCTTTGAGTGA,15,3380985
ssnAp,0.8666666666666667,26,14,CCTCGAAACCCCACGTATCT,12,3363772
ssnAp,1.2666666666666666,32,14,CCGTAGCGCCCCTTGAGTTG,18,3374598
ssnAp,1.2,31,14,CCCGATGAAGCCTGGCGAAT,17,3396477
ssnAp,1.5333333333333334,36,14,CCCATATCGAGGGGATTGAA,22,3392996
ssnAp,1.0666666666666667,29,14,CCCAGCTGGAACGACACTCC,15,3363837
ssnAp,1.0,28,14,CATGATGGTACATACAAGGG,14,3385277
ssnAp,1.5333333333333334,36,14,CATCAGTAGAATTTTTCAGG,22,3387013
ssnAp,1.3333333333333333,33,14,CAGGCCGGCCCATCACGCCC,19,3375243
ssnAp,1.8,40,14,CACTCACTGGCACTTAGCGG,26,3376562
ssnAp,0.13333333333333333,15,14,CAACTTAGGCCCCGGATCTT,1,3388123
ssnAp,1.6666666666666667,38,14,ATTCGATCTTCCGCGAAACA,24,3373053
ssnAp,1.8,40,14,ATTCATTGATTAATGCCCAC,26,3402842
ssnAp,2.0,43,14,ATGTGGACCCTGTAGCTCCT,29,3371690
ssnAp,1.0666666666666667,29,14,ATCCAACTTTCGTTCGCCCT,15,3381137
ssnAp,0.5333333333333333,21,14,ATAGACGTTAGGTGTCGTCT,7,3377258
ssnAp,1.0,28,14,ATACCGTATAAGGTCAGAGA,14,3392049
ssnAp,0.9333333333333333,27,14,AGGGAGAGTCGGCTATCCAT,13,3369909
ssnAp,0.5333333333333333,21,14,AGCCGTGGCTAACGTCCGCG,7,3385000
ssnAp,1.4,34,14,AGCCCGGAGCGAGAGTGGTA,20,3373130
ssnAp,0.8,25,14,ACTATCGTCTGGGGCGGATT,11,3363443
ssnAp,1.4,34,14,ACGTTGATTAAAGAATCTTC,20,3386029
ssnAp,0.3333333333333333,18,14,ACCAGGAATTAAGGGTGCGC,4,3378789
ssnAp,1.2,31,14,ACATTGAAGTGTGCATTCTC,17,3398875
ssnAp,0.8,25,14,AATTACAATGACCTCAGTCC,11,3379874
ssnAp,0.7333333333333333,24,14,AAGTGACACGATAAAACTCC,10,3397329
ssnAp,1.3333333333333333,33,14,AAGCCTTCTCTAACAGACGA,19,3378031
ssnAp,1.6,37,14,AAGACCATGGTATCGGGAAA,23,3396844
ssnAp,1.2666666666666666,32,14,AAATGTGCCCCCGAGCGAAT,18,3391597
ssnAp,1.1333333333333333,30,14,AAAGCGTGCCCGTCAGCGAC,16,3402241
ssnAp,1.7333333333333334,39,14,AAACAGGTCGCCGCCGGTAT,25,3380566
ssnAp,1.5714285714285714,34,13,TTTACGCACGATCTGGCCGT,21,3362606
ssnAp,0.8571428571428571,24,13,TTGTAGCCCACTGGTCGAGG,11,3362010
ssnAp,0.35714285714285715,17,13,TTGACGTTGTCTATGAGCTC,4,3372759
ssnAp,0.6428571428571429,21,13,TTCTACTTTGCGACGAACAA,8,3361257
ssnAp,3.357142857142857,59,13,TTCCTGTAAGAACTTCCCTA,46,3381582
ssnAp,1.7857142857142858,37,13,TTCCGTCCGGTCGGAATCAC,24,3380465
ssnAp,0.21428571428571427,15,13,TTAGGGGATGTGTAGAGCCA,2,3375803
ssnAp,0.5,19,13,TTAACTGGTAGTCACGATTG,6,3361011
ssnAp,1.1428571428571428,28,13,TGTGCGACGAGACTTAGTTT,15,3401026
ssnAp,0.14285714285714285,14,13,TGTGACAGCGAACTTGGCAT,1,3364387
ssnAp,1.9285714285714286,39,13,TGGATTGAAAATAGAATCCC,26,3395511
ssnAp,1.4285714285714286,32,13,TGCTCGCAGCTGGTATAATG,19,3368697
ssnAp,0.2857142857142857,16,13,TGCGGCGGAGCCCCATATGA,3,3383141
ssnAp,0.5,19,13,TGATACTTATGCCGCTTGAT,6,3396307
ssnAp,0.14285714285714285,14,13,TCTCTGGACCGCTTAGGGCA,1,3381869
ssnAp,0.14285714285714285,14,13,TCTAACCCAGCCCCTTCAGC,1,3375328
ssnAp,0.7142857142857143,22,13,TCCTACAATTCAAAGTATGA,9,3399993
ssnAp,2.2142857142857144,43,13,TCCGTATTACGTGTTAGCGA,30,3367591
ssnAp,1.3571428571428572,31,13,TCCACCTATGTCTAGGAGCA,18,3402915
ssnAp,0.8571428571428571,24,13,TCATAGGGGAATGCAACAAT,11,3375213
ssnAp,0.8571428571428571,24,13,TCAGTCTGCTTTGCTCTGTT,11,3368605
ssnAp,1.1428571428571428,28,13,TACCGAAAGTGTTTTTAAGG,15,3391792
ssnAp,2.142857142857143,42,13,TAAGGCAATGAGTGCTGCAT,29,3388459
ssnAp,0.5714285714285714,20,13,TAAAGCCTTGGTTCTCGCCA,7,3391099
ssnAp,2.9285714285714284,53,13,GTTGATAAGTTTTGGGGCAA,40,3387006
ssnAp,0.5,19,13,GTGTTCCAGCATCTTGCCAG,6,3396029
ssnAp,1.1428571428571428,28,13,GTGCTGCAGTCGGGATGTTC,15,3384271
ssnAp,1.0714285714285714,27,13,GTACGTCGTGGAGGGTGTTA,14,3378841
ssnAp,2.0,40,13,GGTTATGACGCAAAGACCTC,27,3393426
ssnAp,2.7857142857142856,51,13,GGGACTCTTGCTCGGAATAT,38,3369852
ssnAp,1.2857142857142858,30,13,GGCGTGATAAATCGTGGGGG,17,3393045
ssnAp,1.5,33,13,GGCGATGGTCAGGCTTTTCA,20,3370641
ssnAp,3.5,61,13,GGACGGACAGGCGATTTCTA,48,3399261
ssnAp,0.9285714285714286,25,13,GCTTGGCACAAGATGTCAAT,12,3382290
ssnAp,0.5714285714285714,20,13,GCTCGAATGTGACCAGCACA,7,3398632
ssnAp,1.3571428571428572,31,13,GCTCCGGGAATCGCTCCAGA,18,3377961
ssnAp,1.3571428571428572,31,13,GCTCCCATGGCTCGTCGTAT,18,3390892
ssnAp,0.2857142857142857,16,13,GCTCAGGATGAACCCCCTTT,3,3384822
ssnAp,1.2142857142857142,29,13,GCGTAACGGTTAAATCCCGT,16,3373824
ssnAp,1.0714285714285714,27,13,GCATACCTGACAAGAAATTG,14,3374100
ssnAp,0.7857142857142857,23,13,GATTTCCGTTGATCTATTAT,10,3387465
ssnAp,1.4285714285714286,32,13,GACACGCCGCCTCCAAGTGA,19,3398919
ssnAp,1.3571428571428572,31,13,GAACTAGCTGATACGTCATC,18,3389429
ssnAp,0.7142857142857143,22,13,GAACGTAGTGCAGACGTCCA,9,3398584
ssnAp,1.7142857142857142,36,13,CTTTATGGGAACGGAGCGTT,23,3372760
ssnAp,0.9285714285714286,25,13,CTTCAAGCGCGTATACCGGC,12,3371135
ssnAp,1.0714285714285714,27,13,CTGATGTCACAGCGAAATGT,14,3371099
ssnAp,1.5714285714285714,34,13,CTATGTTAGTAGAACTCCGT,21,3380181
ssnAp,0.7857142857142857,23,13,CTACGTGAATCTAACCGTTT,10,3384105
ssnAp,0.14285714285714285,14,13,CGTCTTAAAGAAGGGCGCCC,1,3362657
ssnAp,0.14285714285714285,14,13,CGGCAACAGGGGATGGGAAA,1,3372197
ssnAp,0.35714285714285715,17,13,CGACCTAAAATGTCATCGCA,4,3359816
ssnAp,0.14285714285714285,14,13,CCACCGAGATGAGAAGCTGG,1,3400558
ssnAp,2.7857142857142856,51,13,CCAAAGGTTTCCGTATGCCT,38,3383657
ssnAp,2.2857142857142856,44,13,CATTCCTCTGGAACTCTCCG,31,3363125
ssnAp,0.35714285714285715,17,13,CACTCGCAGACACCTATCTC,4,3364627
ssnAp,1.6428571428571428,35,13,CACCGACAGTTGCCAGTTAA,22,3359877
ssnAp,1.3571428571428572,31,13,CACCCTCGTTGGAGACTTCC,18,3383558
ssnAp,1.2142857142857142,29,13,CAACTGAGGGATATCCAGGC,16,3363686
ssnAp,1.2857142857142858,30,13,CAAATTAAATGCCTTGCAAA,17,3388376
ssnAp,0.42857142857142855,18,13,ATGTTTCCCGACCTTTGATA,5,3389186
ssnAp,0.5714285714285714,20,13,ATGGGATAGTCCTAATGCTT,7,3359530
ssnAp,2.642857142857143,49,13,AGGGTCGTCCATTAATATCT,36,3382870
ssnAp,1.1428571428571428,28,13,AGGGTATGGATCGTCGATTT,15,3371524
ssnAp,1.4285714285714286,32,13,AGGGGTCCTCAGCTATTCTT,19,3387174
ssnAp,0.7857142857142857,23,13,ACGTTGATATCTGAGAAGAC,10,3396555
ssnAp,0.5,19,13,ACGGAGGAAGTACGGAATAC,6,3390188
ssnAp,0.14285714285714285,14,13,ACGCGGGAAGCATAGTATTA,1,3397288
ssnAp,0.14285714285714285,14,13,ACCGTCAGACAAGTCCATCG,1,3402180
ssnAp,1.0714285714285714,27,13,ACCGCGTCCCCACCCGCAGG,14,3376291
ssnAp,1.9285714285714286,39,13,ACCCGCTAATCGACCGGTCG,26,3362221
ssnAp,1.2857142857142858,30,13,ACAGGGTGAGCATGAGTAAA,17,3376627
ssnAp,2.5714285714285716,48,13,AATACGGAGCGGGTAGATCA,35,3397773
ssnAp,2.2857142857142856,44,13,AAGTACTAGTGGCGGGTCTT,31,3397472
ssnAp,0.7142857142857143,22,13,AACTTTCAGGGTGTCCCCGG,9,3401436
ssnAp,1.0714285714285714,27,13,AAAAGAAGACCTTAAACCAT,14,3392511
ssnAp,2.230769230769231,40,12,TTTGTTGGCCCCGACATCCC,28,3378405
ssnAp,3.3076923076923075,54,12,TTGCAGCGGGAGTGCATTAA,42,3393480
ssnAp,1.6153846153846154,32,12,TTGCACACACGTTTCGCAAA,20,3366305
ssnAp,1.3846153846153846,29,12,TGGTGAAATGCGCTCACTGA,17,3363304
ssnAp,0.7692307692307693,21,12,TGGGCTCAGGCATTTAGATG,9,3372989
ssnAp,0.5384615384615384,18,12,TGGCTTTAGTACACGGTATT,6,3371383
ssnAp,1.8461538461538463,35,12,TGGCAGTCTAGGCGTTATAG,23,3375031
ssnAp,1.0769230769230769,25,12,TGCGGCTAGCATATAGAGCA,13,3378274
ssnAp,2.0,37,12,TGATATACGGGTTACGTAAG,25,3364015
ssnAp,1.4615384615384615,30,12,TCTATTGAGGAATTCCGGAT,18,3400473
ssnAp,0.6153846153846154,19,12,TCGTAACGGAATTGCGATGA,7,3383100
ssnAp,2.230769230769231,40,12,TCCCTGACAGGACGTGTACA,28,3400849
ssnAp,0.6153846153846154,19,12,TATCGTGGTCTGGCTAGGCT,7,3377147
ssnAp,0.5384615384615384,18,12,TACGCTTCCCACTTGCATCA,6,3382359
ssnAp,1.5384615384615385,31,12,TAATCTCTCACGACTAGCCT,19,3377990
ssnAp,2.3076923076923075,41,12,GTTGTACCATGATCGGCGAT,29,3388484
ssnAp,1.3846153846153846,29,12,GTTGGTATAGTGAGCCGAAT,17,3371363
ssnAp,2.4615384615384617,43,12,GTTCTTACAGCTGTTGCTTA,31,3389130
ssnAp,0.38461538461538464,16,12,GTTATGCTCGTGAGACGCCA,4,3397532
ssnAp,1.3076923076923077,28,12,GTGTGAGGGTCTTAGGGATA,16,3366442
ssnAp,1.1538461538461537,26,12,GTGCTCTTGAGACCTTCTTG,14,3362627
ssnAp,1.4615384615384615,30,12,GTGCGGTAGAATGTGCTTAA,18,3374966
ssnAp,0.5384615384615384,18,12,GTATCCCGTGTCGAGGGTTG,6,3373473
ssnAp,1.0769230769230769,25,12,GTACGAGAACCTCACCGGGT,13,3387399
ssnAp,1.6153846153846154,32,12,GGGTCCGCCGCATGTGTAAG,20,3379851
ssnAp,0.15384615384615385,13,12,GGCCTTTAGCCCGATATCAA,1,3392153
ssnAp,0.9230769230769231,23,12,GGAGATCCGGGGCCACGTAG,11,3377283
ssnAp,1.4615384615384615,30,12,GCTTCCCATGACTGCAACCG,18,3359980
ssnAp,1.9230769230769231,36,12,GCGTAGTAAGGGCGTACCAG,24,3374540
ssnAp,1.3076923076923077,28,12,GCGCAAGTTTCGTTTAAATA,16,3365886
ssnAp,0.8461538461538461,22,12,GCGAGGGTGATAACACTGCT,10,3369121
ssnAp,1.4615384615384615,30,12,GCCGATCAGGGCCGCAGGTT,18,3384380
ssnAp,1.0,24,12,GCAGTGTCTTCGGCGACTAA,12,3371156
ssnAp,3.3846153846153846,55,12,GATTGTGGTTCCATGCCCAG,43,3372985
ssnAp,1.0769230769230769,25,12,GATGTTGAGAGCAATGATAG,13,3383021
ssnAp,3.8461538461538463,61,12,GATGGGTCGGTCTCAGAACG,49,3396270
ssnAp,2.0,37,12,GATGCGGTCACTGGTTGAAA,25,3387329
ssnAp,0.9230769230769231,23,12,GAGTGCCAGCCCAACCCTAA,11,3360399
ssnAp,0.6923076923076923,20,12,GAGGGTGGGGTACGACAGAA,8,3377752
ssnAp,0.8461538461538461,22,12,GACGGGCGGACTCGCCAGTA,10,3368373
ssnAp,0.15384615384615385,13,12,GACCGGGTCATGAAGTCAAC,1,3367364
ssnAp,1.2307692307692308,27,12,GAACTGTGTTAGCGGGATCT,15,3392266
ssnAp,1.9230769230769231,36,12,GAACCCTGTGACTTCGAACC,24,3399623
ssnAp,2.3846153846153846,42,12,CTTGTTACGTTGTTTCCGTT,30,3365669
ssnAp,2.3076923076923075,41,12,CTGCTTAGTTAAAGTGCCCA,29,3396428
ssnAp,0.15384615384615385,13,12,CTCCGGATGCTCAGCACTTC,1,3378190
ssnAp,0.46153846153846156,17,12,CTCACGTCGCGTCGTGCTTA,5,3401386
ssnAp,1.4615384615384615,30,12,CTATGCATTGGCCAAAACAG,18,3367415
ssnAp,1.0769230769230769,25,12,CGTTCTACTATTCACGGCTC,13,3396065
ssnAp,0.7692307692307693,21,12,CGTGTTAGGAGCCGAGTCAG,9,3387091
ssnAp,0.8461538461538461,22,12,CGGTGATGACCTCCTGGTGC,10,3372704
ssnAp,1.4615384615384615,30,12,CGCCTTCCCTCACAGTGGCC,18,3362125
ssnAp,2.230769230769231,40,12,CGCCTTAAAGAACACTTTGG,28,3369219
ssnAp,4.0,63,12,CCGCCACGACCCACCAGGTC,51,3368696
ssnAp,2.1538461538461537,39,12,CCCTCGGATCGGAATTCGTA,27,3362281
ssnAp,1.0769230769230769,25,12,CCCAAGTTGGACAGATGCAT,13,3364060
ssnAp,1.7692307692307692,34,12,CCATTCACATAGTCACGCGT,22,3399291
ssnAp,0.8461538461538461,22,12,CCACGAGCCTGCGTCGTTGA,10,3368223
ssnAp,1.0,24,12,CCACAAGCAAGATCTGCGAA,12,3373256
ssnAp,1.1538461538461537,26,12,CATGAGGCAACGGGTAACGG,14,3373634
ssnAp,1.1538461538461537,26,12,CATGACTGCCTCACCAAATA,14,3365534
ssnAp,0.3076923076923077,15,12,CATCTTTGACTTAGACCGCA,3,3384547
ssnAp,1.1538461538461537,26,12,CAGCTCATCCCCGGAGTTTG,14,3393561
ssnAp,2.3076923076923075,41,12,CACGGTCTCTGGTCGGGGTT,29,3381168
ssnAp,0.5384615384615384,18,12,CAATAATCGAAGGACCGCTG,6,3401173
ssnAp,2.3846153846153846,42,12,CAAGCGTCAACAACCCCAGT,30,3394949
ssnAp,3.3076923076923075,54,12,CAAGACACCAGACACTCTTT,42,3388951
ssnAp,1.0769230769230769,25,12,CAACTAGGATAGTCTACCAA,13,3380950
ssnAp,1.3846153846153846,29,12,CAAAGTGACCGGACTCAAGA,17,3388439
ssnAp,0.3076923076923077,15,12,ATGTGCCGCTTTGTCCCACG,3,3390598
ssnAp,1.0,24,12,ATGATACTGCCATCTAGTCG,12,3367644
ssnAp,3.3076923076923075,54,12,ATCGAATCGTGCGGTTGCCT,42,3377735
ssnAp,1.0,24,12,ATATCCGTACGGGTAGCTAT,12,3401685
ssnAp,1.2307692307692308,27,12,AGTAGGCTTATTTTTGTTGT,15,3397681
ssnAp,2.1538461538461537,39,12,AGGTTGTTGTAGTGGTCAGC,27,3373694
ssnAp,2.230769230769231,40,12,AGGTGTATGAATCCGCCTCA,28,3386600
ssnAp,1.5384615384615385,31,12,AGGTGAAGGGACTGGAAGTG,19,3372403
ssnAp,1.1538461538461537,26,12,AGGGTTCTAGGAGTCAAGCA,14,3393772
ssnAp,0.38461538461538464,16,12,AGGCTCAGCTCTTCTGGTGT,4,3400662
ssnAp,3.4615384615384617,56,12,AGGCGAACGTATGCAGATAT,44,3396788
ssnAp,1.2307692307692308,27,12,AGCTTTCTAGGGATTAACGA,15,3397378
ssnAp,2.4615384615384617,43,12,AGATCTCTCCTAAACCAGTG,31,3362849
ssnAp,1.0,24,12,AGACTCAATAGCTAAAGCCT,12,3395186
ssnAp,1.1538461538461537,26,12,AGAATACTCGCATCCACACC,14,3367987
ssnAp,0.46153846153846156,17,12,ACTCGGGACTCCTTACTAGA,5,3364079
ssnAp,1.1538461538461537,26,12,ACTATGCTCCGTGCGGGGCT,14,3372660
ssnAp,1.3846153846153846,29,12,ACACTGGCTGTAGACACTAG,17,3361031
ssnAp,0.6923076923076923,20,12,AATTTTCATGCATCTAAGAG,8,3390984
ssnAp,1.0769230769230769,25,12,AATGAACCTTCGACACAGAG,13,3399588
ssnAp,1.4615384615384615,30,12,AAGTGATGGCGACCGGTGGT,18,3373332
ssnAp,1.4615384615384615,30,12,AAGCTGGGCTCGTTACCTCT,18,3374143
ssnAp,0.15384615384615385,13,12,AAGATCATAAGATAAAACCT,1,3389698
ssnAp,1.3333333333333333,26,11,TTGGCCGATCGGGATTCGTG,15,3384871
ssnAp,0.75,19,11,TTGCGTCACCAGCCGCGTAA,8,3363137
ssnAp,0.16666666666666666,12,11,TTCTGGAACGGGTACACTAT,1,3401146
ssnAp,1.1666666666666667,24,11,TTCTCCGTCTAACCGCTCTC,13,3390937
ssnAp,0.5833333333333334,17,11,TTCGTACCGTCTATGACGCT,6,3378245
ssnAp,2.6666666666666665,42,11,TTCGAACTTCGATACGGCCT,31,3395493
ssnAp,1.75,31,11,TTCCCAAAAGGCGGACCTGA,20,3379942
ssnAp,1.0833333333333333,23,11,TTCAATAGGGCCTATCGTCT,12,3400297
ssnAp,0.9166666666666666,21,11,TTAGGCCTGGAGCTATTTGA,10,3390462
ssnAp,1.0833333333333333,23,11,TGTAATGTTGCGAAATTTAG,12,3374039
ssnAp,2.0,34,11,TGCTAGAACTATTCAGGGGA,23,3390690
ssnAp,2.5,40,11,TGCCTATGCTCGGATAATAT,29,3393398
ssnAp,2.75,43,11,TGATAAAGGGTTGTGGAACT,32,3395374
ssnAp,1.0833333333333333,23,11,TCTTATATGTACGAGAAGTC,12,3393800
ssnAp,1.3333333333333333,26,11,TCTATGAGGCCCTTTTCTAG,15,3395977
ssnAp,3.1666666666666665,48,11,TCGTGTCCTAACACTGACGG,37,3371477
ssnAp,0.4166666666666667,15,11,TCCGGGTCTCTCATTGCTAC,4,3390463
ssnAp,1.6666666666666667,30,11,TCCACGGCCAAGGGTGGGTA,19,3364585
ssnAp,1.9166666666666667,33,11,TCATTATCATAAGATACCGT,22,3381330
ssnAp,1.0,22,11,TATACTCTGCAGTTACTGGT,11,3387237
ssnAp,0.8333333333333334,20,11,TACATCGCTAGCTACTGGAT,9,3392235
ssnAp,1.8333333333333333,32,11,TAAGATCTTAGTTGGCCTGG,21,3397194
ssnAp,1.5,28,11,TAACCTCGATGTCCATTTAT,17,3375481
ssnAp,1.0,22,11,GTTGCAGAGACTAACTCCGA,11,3398305
ssnAp,1.0833333333333333,23,11,GTGGGGGATATTATCAGGGG,12,3383102
ssnAp,3.6666666666666665,54,11,GTGCTAATGAGTATTGCCCT,43,3375539
ssnAp,0.16666666666666666,12,11,GTGACATGTGTCCACCCCCG,1,3367197
ssnAp,0.8333333333333334,20,11,GTCTTACGTACGCAATAGAC,9,3376660
ssnAp,0.25,13,11,GTATGCGTCCTACTGCGTCG,2,3367913
ssnAp,1.25,25,11,GTAACTACCTAACCCCTGGA,14,3386426
ssnAp,3.0833333333333335,47,11,GTAACGCTCTAGGCTCCCGG,36,3382297
ssnAp,1.75,31,11,GGTTTGAAACTAGGAACGAG,20,3360642
ssnAp,2.8333333333333335,44,11,GGTATCTATTTGCGGTGACA,33,3367833
ssnAp,2.5,40,11,GGTACAGGCAAGCATGTCAG,29,3395115
ssnAp,0.8333333333333334,20,11,GGGCTCCGCGGTTTCGAGTC,9,3360314
ssnAp,0.25,13,11,GGGCAGGCTATCCCGGGGAT,2,3360895
ssnAp,1.6666666666666667,30,11,GGCGCACGGGCAACAACGGC,19,3397308
ssnAp,1.4166666666666667,27,11,GGATGTGAGTCACGGTCCAA,16,3402123
ssnAp,1.4166666666666667,27,11,GGACGAACAGGAAGATATAT,16,3392952
ssnAp,1.3333333333333333,26,11,GCTTAGTCACTCAACGTTTC,15,3360865
ssnAp,0.25,13,11,GCTCATTGGCATGTCAAAAG,2,3368821
ssnAp,1.8333333333333333,32,11,GCCCGTACGGAGGCGTTCTT,21,3365803
ssnAp,1.5,28,11,GCATCCGCTGAGCTTGTATT,17,3362422
ssnAp,1.5833333333333333,29,11,GCAAAGGTTTTCGCCATTCA,18,3375438
ssnAp,1.6666666666666667,30,11,GATTGCCACGTTCCCCCGTG,19,3374545
ssnAp,2.5833333333333335,41,11,GATGTTTGATTATTGAGGTC,30,3373998
ssnAp,0.75,19,11,GAGCAAGGCTATAGACCTAT,8,3382507
ssnAp,0.25,13,11,GAGAGGTGCTAGTCCCGATT,2,3397926
ssnAp,0.5,16,11,GACTTTGCGCGAGTGGCATT,5,3393722
ssnAp,2.5833333333333335,41,11,GACTGGTAAGCGGAATAACT,30,3364458
ssnAp,0.75,19,11,GACACCTACGACACACTGAC,8,3370213
ssnAp,1.4166666666666667,27,11,GAATCCGCTGAACGAAAATC,16,3399198
ssnAp,1.75,31,11,GAAGGTCCTGGCCTGGATCG,20,3380538
ssnAp,1.0,22,11,CTTTTCCAGGTTCAGAGTCA,11,3377616
ssnAp,0.8333333333333334,20,11,CTTGGGGAGGGTTTTCACGG,9,3400074
ssnAp,1.1666666666666667,24,11,CTTCAATCTAAAAACTCTCG,13,3374156
ssnAp,0.8333333333333334,20,11,CTGGATCAATAGGACTCGGA,9,3369327
ssnAp,2.8333333333333335,44,11,CTGAGTTCGGTATGTACAGC,33,3370768
ssnAp,4.083333333333333,59,11,CTCTTAGTACTAATAGAACA,48,3360727
ssnAp,0.5,16,11,CTCTGGCTAATTGCCTAGCT,5,3376974
ssnAp,0.4166666666666667,15,11,CTAGGGGGAAACTTAGAGGT,4,3381029
ssnAp,1.4166666666666667,27,11,CTACCTTACATTTCCGGGAG,16,3384232
ssnAp,0.16666666666666666,12,11,CGTCCAGTTCAAATTTTTAT,1,3375372
ssnAp,1.0833333333333333,23,11,CGGCTCTGTCCGCACACCAC,12,3391663
ssnAp,2.3333333333333335,38,11,CGCTCTAGCTCTCCGTTACA,27,3365101
ssnAp,1.1666666666666667,24,11,CGCGTGAAGCTCGGGGTCAT,13,3368668
ssnAp,1.5833333333333333,29,11,CGCACAAAGGAGACATGTGA,18,3378276
ssnAp,0.16666666666666666,12,11,CGACATGTCAAGTAAATGGT,1,3368862
ssnAp,1.75,31,11,CCTCGCCTTCGTACTTCTCG,20,3393325
ssnAp,0.6666666666666666,18,11,CCTACTTAGGCGACTGTTTA,7,3390505
ssnAp,2.9166666666666665,45,11,CCGAATAATCAGTTACCAAT,34,3389633
ssnAp,1.1666666666666667,24,11,CCCGTTCCCAGATGTCCAAA,13,3381395
ssnAp,0.9166666666666666,21,11,CCCCCGTTGTAGTAATACAA,10,3377433
ssnAp,0.6666666666666666,18,11,CCCATTAAACACATTCAGAC,7,3397501
ssnAp,2.6666666666666665,42,11,CCATGGTTACTCAAGACAAT,31,3365374
ssnAp,0.75,19,11,CCAGGGGACACAGCCTCGAT,8,3393987
ssnAp,1.25,25,11,CCACACGTGAAAGGGAAACA,14,3385144
ssnAp,1.5,28,11,CCAAGGGCTTCGCGGAGTGA,17,3390419
ssnAp,0.8333333333333334,20,11,CATCAGGGCACGCGTATGCA,9,3386935
ssnAp,0.25,13,11,CAGAGCTGAACTTTACACGC,2,3364675
ssnAp,0.75,19,11,CACTAATGGACACGGGCTTG,8,3395361
ssnAp,0.8333333333333334,20,11,CACATTACACCGGTGGTTGT,9,3395586
ssnAp,0.16666666666666666,12,11,ATTTACTTTGACCTCGCTTA,1,3397581
ssnAp,3.5833333333333335,53,11,ATTGGGACGGGATCACAATT,42,3375014
ssnAp,0.6666666666666666,18,11,ATTCAGCCCTACTCACCTCA,7,3375173
ssnAp,2.5,40,11,ATGGTCTGCGAGTCGTTGAT,29,3374542
ssnAp,1.0,22,11,ATGCTTCGAAGCACGGAGGC,11,3387518
ssnAp,1.5,28,11,ATCCGAGCATCTCAGCTTTG,17,3399687
ssnAp,1.5,28,11,AGTCCAGAGTAGATGCAGTC,17,3392468
ssnAp,0.8333333333333334,20,11,AGGGCGTATAGTAGTGTATT,9,3398612
ssnAp,1.5833333333333333,29,11,AGGGAGTCTTCCAGTTAGTA,18,3400781
ssnAp,1.6666666666666667,30,11,AGGACTTACACTTTTTCGAG,19,3396813
ssnAp,2.5,40,11,AGAAGCCAGGTCACTGTGAA,29,3382536
ssnAp,3.1666666666666665,48,11,AGAACGCTGCCCATAACTAT,37,3359960
ssnAp,1.0833333333333333,23,11,ACTCCGGTCAGAAGGGCACT,12,3378395
ssnAp,2.8333333333333335,44,11,ACTAGACCGGGCGGACGGTG,33,3366611
ssnAp,0.5,16,11,ACTACTTACCTTTTTCGGAT,5,3376119
ssnAp,0.75,19,11,ACGTGCCAGTTAGTGGAGGG,8,3370073
ssnAp,0.3333333333333333,14,11,ACGATGTATAGGCGATACAT,3,3371094
ssnAp,1.6666666666666667,30,11,ACCTTCACCACAGAATCCTT,19,3385014
ssnAp,0.4166666666666667,15,11,ACATTAACCAAACAAGCTGT,4,3401950
ssnAp,1.4166666666666667,27,11,ACACTTATGGCACCACTAAA,16,3367700
ssnAp,0.9166666666666666,21,11,ACAAACCCGGCAAACGAACT,10,3399182
ssnAp,1.5,28,11,AAGTGGCCCGAAAAAATTGT,17,3378962
ssnAp,0.6666666666666666,18,11,AACATCTTACCCCATCTGCT,7,3398977
ssnAp,2.25,37,11,AAACTGCGAGATACATAGGT,26,3398463
ssnAp,0.75,19,11,AAAAGCTATGTGTTTTACAT,8,3398776
ssnAp,1.1818181818181819,22,10,TTTCTAATTACGCTATACTT,12,3393319
ssnAp,1.2727272727272727,23,10,TTGCTAGAGGCAGGGATCAC,13,3396532
ssnAp,1.0,20,10,TTGCCGTCAAGCTCGGAAAC,10,3388279
ssnAp,2.272727272727273,34,10,TTGATGTGGGCGTTCACCGT,24,3384300
ssnAp,0.18181818181818182,11,10,TTCTCCGGAGCCCAAGGAGC,1,3397323
ssnAp,1.3636363636363635,24,10,TTACCCGCATAGGAGCTGTG,14,3368221
ssnAp,0.45454545454545453,14,10,TTACAGCTTGAGCGCAGCTG,4,3383487
ssnAp,1.0,20,10,TGTACCGTAAAACATAGCGT,10,3383715
ssnAp,0.2727272727272727,12,10,TGGGGGTTCGATCACGGTGA,2,3383831
ssnAp,2.090909090909091,32,10,TGGGACCCTTGCAAGACCGC,22,3397268
ssnAp,0.36363636363636365,13,10,TGGACGCGGTTTGGGAGAGC,3,3377727
ssnAp,1.0909090909090908,21,10,TGCGACCGGTGTCTCACGAT,11,3372623
ssnAp,1.3636363636363635,24,10,TGCAATAAGGACCCAAATTT,14,3364822
ssnAp,1.5454545454545454,26,10,TGATCAAGCGAGGGACCTGT,16,3366720
ssnAp,1.1818181818181819,22,10,TGAGCCAATAGGGGAAGGTC,12,3396346
ssnAp,0.9090909090909091,19,10,TGAGCAAACCCCCAGCGGTA,9,3365332
ssnAp,1.0,20,10,TGAACAACTGTACAAAGCCT,10,3371348
ssnAp,1.2727272727272727,23,10,TCGCTGCGAGTTTATTACAG,13,3388493
ssnAp,2.4545454545454546,36,10,TCCCAAGTCAGTCTATTTTG,26,3399115
ssnAp,0.9090909090909091,19,10,TCCACGGCAGTGGCACGGGG,9,3379135
ssnAp,0.6363636363636364,16,10,TATCTATTCAGATGAAACGA,6,3397033
ssnAp,2.5454545454545454,37,10,TAGAAGATACATTAGAAATC,27,3366322
ssnAp,0.18181818181818182,11,10,TACGATCAGCATCTTAATTC,1,3385704
ssnAp,0.18181818181818182,11,10,GTTCCGTGTCATACCAGCCA,1,3362781
ssnAp,1.4545454545454546,25,10,GTGGTCAGGGAACTTGCTAG,15,3383847
ssnAp,2.6363636363636362,38,10,GTGGGGCTTGGGATCGGGGG,28,3373927
ssnAp,3.0,42,10,GTCTAGAAAGCATAGGTCTC,32,3387778
ssnAp,0.8181818181818182,18,10,GTCGCGCAGAAGTCCGCTTC,8,3398187
ssnAp,1.0,20,10,GTCGAAGGGCGCGCGGCCGT,10,3360556
ssnAp,0.18181818181818182,11,10,GTACGGCAAGGAGCAGAAGT,1,3370542
ssnAp,1.6363636363636365,27,10,GGTTCGGGTGGATGCCGGAC,17,3361938
ssnAp,1.0,20,10,GGTAATGTCAGTACTTTTTC,10,3377344
ssnAp,1.0909090909090908,21,10,GGGGGAGAGACGTCACTGAG,11,3394703
ssnAp,0.2727272727272727,12,10,GGGCAACTGGTGGCCAATAG,2,3368882
ssnAp,0.8181818181818182,18,10,GGCTAGGTCAGGCTAATACA,8,3375540
ssnAp,1.1818181818181819,22,10,GGCGTGCCTTTAACACATTT,12,3400598
ssnAp,1.0,20,10,GGCAACTAGACAGAGGTCAG,10,3380284
ssnAp,1.0,20,10,GGAGCGAGACGCATCCTGTA,10,3363946
ssnAp,3.0,42,10,GCTGTTCGAGTCTCAGAGTG,32,3381167
ssnAp,0.2727272727272727,12,10,GCTACTCAATCAACGCTTGA,2,3382954
ssnAp,1.8181818181818181,29,10,GCGCTAGGGGTTCCGGAGTG,19,3364823
ssnAp,1.3636363636363635,24,10,GCGAGTCAGTGTCTTTTTGT,14,3365630
ssnAp,1.1818181818181819,22,10,GCATTCGGTCCATTCGTCCT,12,3390015
ssnAp,1.9090909090909092,30,10,GCAGCCAACCACGGCGGTTT,20,3369159
ssnAp,0.18181818181818182,11,10,GATCTGGGTTTGGTCTTCAC,1,3374672
ssnAp,1.0909090909090908,21,10,GATAGCCATGGGATTACGAG,11,3378283
ssnAp,1.0,20,10,GAGGGTTCCAGACTCTGGGA,10,3378790
ssnAp,1.7272727272727273,28,10,GACTAAGAACATTTCTAGCC,18,3391501
ssnAp,2.272727272727273,34,10,GACCCACTTGGGAAGCGTAT,24,3363140
ssnAp,0.6363636363636364,16,10,GAAGGTCGGAAGATAGATTG,6,3366823
ssnAp,0.2727272727272727,12,10,GAAGCGAGGTGTGAATGTAA,2,3384357
ssnAp,0.7272727272727273,17,10,CTTCATACCACCAGTCCGGC,7,3374394
ssnAp,1.4545454545454546,25,10,CTTACCTAGGGCCAACTCGG,15,3372040
ssnAp,1.6363636363636365,27,10,CTGAACCTGGGGCTTCCGTG,17,3389990
ssnAp,2.272727272727273,34,10,CTCGACGATCGTAACGAGCA,24,3366137
ssnAp,0.45454545454545453,14,10,CTATTCCGAAAATATTCTTG,4,3392098
ssnAp,1.4545454545454546,25,10,CTATAGGCCCTTAGTCCTCC,15,3375420
ssnAp,1.2727272727272727,23,10,CTACGGACTAGCAGTTCCTA,13,3386679
ssnAp,0.6363636363636364,16,10,CGTTCTCCAGCGAGGTACTA,6,3367022
ssnAp,0.7272727272727273,17,10,CGTATAGATCCAGGCCTCAC,7,3361856
ssnAp,0.6363636363636364,16,10,CGTACGCATGTCTAAGCGCC,6,3401958
ssnAp,1.0,20,10,CGGGGACTTAGGCCAAATTC,10,3375121
ssnAp,0.5454545454545454,15,10,CGGACCCTGCAACCCGGGAC,5,3378327
ssnAp,3.5454545454545454,48,10,CGCAATCTGGCGCTTCAGAT,38,3383710
ssnAp,4.0,53,10,CGCAATCTAACAATTCATGA,43,3384649
ssnAp,1.0909090909090908,21,10,CGAGGTCTGTCGCTCTGTCA,11,3362648
ssnAp,3.090909090909091,43,10,CGACCTGTTAGCGGATACTG,33,3376169
ssnAp,1.5454545454545454,26,10,CCTGCGTGGCAACAGGTGGT,16,3361232
ssnAp,2.272727272727273,34,10,CCGTCATCCTAAAGGTCGTA,24,3376982
ssnAp,1.0,20,10,CCGGACAAATAAGTGCGAAA,10,3382708
ssnAp,1.4545454545454546,25,10,CCGATTACGATTGGAAATCC,15,3376921
ssnAp,1.7272727272727273,28,10,CCCACTATGTTTCAGGATCT,18,3380001
ssnAp,1.5454545454545454,26,10,CCAGGTTTGTATGCGCCTGT,16,3370955
ssnAp,0.9090909090909091,19,10,CATTTAGCTCATAGGGTGAA,9,3388875
ssnAp,0.36363636363636365,13,10,CATCTAGTTGGTCTTCTTCT,3,3389038
ssnAp,3.0,42,10,CATCACCTCAACGGTCCCGA,32,3385221
ssnAp,1.2727272727272727,23,10,CATATACTTGCCCGTCGTGC,13,3402627
ssnAp,0.7272727272727273,17,10,CATACCACTGGGTTCATAGA,7,3378489
ssnAp,1.6363636363636365,27,10,CAGTCCGGCTAAACCTTTTC,17,3364482
ssnAp,0.9090909090909091,19,10,CAGGCCACGAGCGGAATTGC,9,3387097
ssnAp,1.6363636363636365,27,10,CAGCGGTCCAAAAGGATAAC,17,3399506
ssnAp,2.5454545454545454,37,10,CACTGCTCCAATCAGAACTA,27,3367824
ssnAp,0.18181818181818182,11,10,CACTCCTCAGGTGGTATTAG,1,3365268
ssnAp,1.7272727272727273,28,10,CACGGGCTTTCCGTCGCTAC,18,3391564
ssnAp,2.0,31,10,ATGTGGTTCAAGACACCTTA,21,3375404
ssnAp,0.8181818181818182,18,10,ATGTCGTCCCTCGAGTGAAC,8,3360833
ssnAp,0.5454545454545454,15,10,ATGGGACAGTGAATTTTGCA,5,3385956
ssnAp,1.7272727272727273,28,10,ATCCGGATAGATGAGATGTG,18,3381592
ssnAp,0.2727272727272727,12,10,ATCATCGCTGCCTGGCTCCC,2,3378791
ssnAp,1.0909090909090908,21,10,ATCATATCTTTAGTCACTGT,11,3393399
ssnAp,2.4545454545454546,36,10,ATAATCCCCCTAGGAGAATG,26,3392792
ssnAp,3.909090909090909,52,10,ATAAACCGATGTCATGGTAG,42,3386665
ssnAp,1.5454545454545454,26,10,AGTCACGACCTCGTAAGTTT,16,3379111
ssnAp,0.8181818181818182,18,10,AGGGCCAAAGATAACACACA,8,3382766
ssnAp,2.272727272727273,34,10,AGGCTATCCGGGTGTCTAAC,24,3395464
ssnAp,0.8181818181818182,18,10,AGCGGGTCTCCCTCTTAGTT,8,3374221
ssnAp,0.45454545454545453,14,10,AGCCGACGCATGAACCTCAG,4,3401200
ssnAp,1.5454545454545454,26,10,AGATTTAGTACGAGGATGGT,16,3371625
ssnAp,1.9090909090909092,30,10,AGATTGGAGCAACATCTCAA,20,3369565
ssnAp,1.1818181818181819,22,10,ACTGGGCATGCGTCCATCGT,12,3389258
ssnAp,1.5454545454545454,26,10,ACTCGGTCCATATCCTAAGA,16,3375489
ssnAp,0.8181818181818182,18,10,ACTAGGATGGACTCGCTGAA,8,3373287
ssnAp,2.8181818181818183,40,10,ACTACCTTAGTAGTCGTCAG,30,3365366
ssnAp,0.7272727272727273,17,10,ACGTTCGGTCGTGCTCAGCA,7,3365722
ssnAp,2.090909090909091,32,10,ACGTCGGGCTTTCGTACGTG,22,3386564
ssnAp,2.272727272727273,34,10,ACGGGGCACTGTAAAAGTCG,24,3376177
ssnAp,0.18181818181818182,11,10,ACGGCGACCGGAAGCTTAGT,1,3393442
ssnAp,0.7272727272727273,17,10,ACCTACGTGGAGGCAATTGA,7,3361610
ssnAp,0.5454545454545454,15,10,ACCCGTATGGATTATTCTTT,5,3374093
ssnAp,1.8181818181818181,29,10,ACATTAGGGAGGGGTGCGTT,19,3394463
ssnAp,0.9090909090909091,19,10,ACAACCCGAGGTTTCCGGAT,9,3359876
ssnAp,1.0,20,10,AATCTATCCTCGTGGATGAT,10,3365910
ssnAp,0.5454545454545454,15,10,AAGGGCGATCGATATGCACT,5,3392917
ssnAp,0.8181818181818182,18,10,AAGCTTATTATTTTTATCGC,8,3384204
ssnAp,0.36363636363636365,13,10,AACGGTCTGACAAGCTAAAT,3,3394588
ssnAp,0.18181818181818182,11,10,AACAACGTATGGATATAAAG,1,3395085
ssnAp,1.8,26,9,TTTTAGCTCAGTTAATCCCC,17,3365698
ssnAp,2.0,28,9,TTTGCGCCGAGTTATTAAAG,19,3386573
ssnAp,5.2,60,9,TTTCGTTCCCTCTCAGGAAA,51,3389141
ssnAp,0.3,11,9,TTTCCTGCTTTGCTGGACGA,2,3398137
ssnAp,1.0,18,9,TTTAAACCTCGACCTTACTA,9,3389669
ssnAp,1.0,18,9,TTGGCCTTCTAGAGGGGTTC,9,3368137
ssnAp,2.4,32,9,TTGCCTGTTGTCTTTCCCAG,23,3375806
ssnAp,0.8,16,9,TTCCGGACCGAAGGAATCTA,7,3387554
ssnAp,3.0,38,9,TTCCCTTCGCCAGTGATATT,29,3359232
ssnAp,0.3,11,9,TTCCACACACCGCGTAACTG,2,3364945
ssnAp,1.3,21,9,TTACAACCCCCCTTACATAG,12,3372864
ssnAp,2.2,30,9,TTACAAACGGATCTCGTGAT,21,3376210
ssnAp,0.4,12,9,TTAAAATCGAGGGGTCCCCT,3,3390794
ssnAp,1.3,21,9,TGTTTTCGATGGGGCACAAC,12,3394371
ssnAp,1.9,27,9,TGGTCACAACTACGACGCCT,18,3399113
ssnAp,1.0,18,9,TGGGCCTGAACGCTCTAATT,9,3372994
ssnAp,1.1,19,9,TGGCGCCGCAACCTTGAAAT,10,3370849
ssnAp,1.2,20,9,TGGAAGAAAGGTGTGGGTCC,11,3376886
ssnAp,2.6,34,9,TGCTGTGTGTCTCGGGTAGT,25,3362622
ssnAp,0.6,14,9,TGCGAAATCGGGTGCAAGAA,5,3393882
ssnAp,1.6,24,9,TGATGCTATAGCATTGCGCT,15,3397624
ssnAp,1.9,27,9,TGACTTGTTGCGTCATCAGC,18,3383674
ssnAp,0.5,13,9,TGACGTGTGCTGCTCAATAA,4,3363478
ssnAp,1.0,18,9,TCTTACTCGGCGACCTATGT,9,3364325
ssnAp,1.7,25,9,TCGTTAATAGGTCTGGGATA,16,3373697
ssnAp,1.4,22,9,TCGCTTAGGCGTCCAAGGAA,13,3386635
ssnAp,1.1,19,9,TCGCGGATCCGTGCCGCGTT,10,3370042
ssnAp,0.2,10,9,TCGCGCTCGCTATCGTGGGA,1,3364712
ssnAp,1.9,27,9,TCGACATTGAGTTCGACCAA,18,3380938
ssnAp,1.2,20,9,TCCCTGTACCGCTCTTGTGT,11,3397245
ssnAp,1.0,18,9,TCATGGATTCCTTATATAGA,9,3390383
ssnAp,2.7,35,9,TCAGGTCGGTGGCCGGACCT,26,3375753
ssnAp,0.7,15,9,TCAGGGATAGTCTCAGCGGA,6,3363165
ssnAp,2.2,30,9,TATTTCTAGGAGTCTCTGGT,21,3388796
ssnAp,1.6,24,9,TATCATGCAAAGTTATACAC,15,3382353
ssnAp,1.2,20,9,TAGCTTCGGATTGTCAGGCT,11,3378303
ssnAp,1.9,27,9,TAGAGGGATCGAAGCAAGTT,18,3372941
ssnAp,0.9,17,9,TACGATAAATCAGTCTTTTT,8,3363262
ssnAp,2.5,33,9,TACAGAGTTGCAGAAGCCCT,24,3395490
ssnAp,1.5,23,9,TAACCGGGTGGTAATCTAAA,14,3372020
ssnAp,3.0,38,9,GTTCTTAGTGACCATCGACC,29,3365668
ssnAp,2.4,32,9,GTTCTGGAACGTGGCCATCT,23,3379535
ssnAp,3.2,40,9,GTGTTGAAACTCGCCACGCT,31,3368649
ssnAp,2.5,33,9,GTGTATGACACCCTCTGTGA,24,3372894
ssnAp,1.2,20,9,GTCTTAACGTTATGGCCCCA,11,3392623
ssnAp,2.7,35,9,GTCGACCCGCGTCCAACTCG,26,3376898
ssnAp,1.5,23,9,GTATTGTATCGTCGCGCATG,14,3381252
ssnAp,1.7,25,9,GTATTGGTAGGTTTGCAAGT,16,3385711
ssnAp,1.0,18,9,GTAATCGGGCCTGTGAAGTT,9,3379697
ssnAp,1.0,18,9,GTAACGGGATACCTTAATTT,9,3360482
ssnAp,3.3,41,9,GGTGTCACAGTAAGGATTGC,32,3389092
ssnAp,2.7,35,9,GGTAGCCTAATGCTCTAGGA,26,3389801
ssnAp,1.1,19,9,GGACGATCTGAACGGTGCGC,10,3390002
ssnAp,0.2,10,9,GCTTACTGAGGCTCAGGAGT,1,3394067
ssnAp,3.0,38,9,GCTGCACAATGAGAGTAGGT,29,3362617
ssnAp,2.0,28,9,GCGTACACGCCTGTAAGATA,19,3398999
ssnAp,1.1,19,9,GCGGCGGGCACTCACTTAGC,10,3362248
ssnAp,0.9,17,9,GCGCATCATTACTGTTCAGA,8,3373202
ssnAp,1.2,20,9,GCGATCAATTATCAGCGCGT,11,3365102
ssnAp,0.4,12,9,GCCCGGACAGCCCACTTGTA,3,3383234
ssnAp,1.8,26,9,GCCACCGCGATCGCGCCGCC,17,3364686
ssnAp,1.5,23,9,GCATCCGTTTCCCGGAAGAT,14,3384969
ssnAp,1.3,21,9,GCAACAGCCCGTGTCTCTTC,12,3383064
ssnAp,1.1,19,9,GATTCTTTAGATATCAGTAA,10,3399021
ssnAp,2.1,29,9,GATCGAGATCAGGGATCGTC,20,3395202
ssnAp,3.1,39,9,GATCAGTACCGATAACTCGG,30,3395583
ssnAp,1.3,21,9,GAGTTGCAGATTCTTGAGTT,12,3398154
ssnAp,1.1,19,9,GAGTATAGAATGCACTTACG,10,3379225
ssnAp,1.4,22,9,GACAACAGTACGCTCTGACT,13,3389013
ssnAp,1.8,26,9,GAACATCCACGTACATATAA,17,3400263
ssnAp,2.2,30,9,CTTTGATTGATATTTTTATA,21,3377732
ssnAp,1.8,26,9,CTTGAACGAAGTGAGTGATC,17,3395954
ssnAp,2.0,28,9,CTGTATCCCGCCATTTGTAG,19,3372761
ssnAp,0.3,11,9,CTGCAGAAGCGATTAAGTAT,2,3370426
ssnAp,1.8,26,9,CTCGCCCAGGTGCCTTTTCA,17,3395593
ssnAp,0.9,17,9,CTCCGTCTCTATCATCGTTC,8,3378528
ssnAp,1.7,25,9,CTCCCAAAGTGGGCGCAGTA,16,3375973
ssnAp,3.2,40,9,CTCCAATCATGTGGGCGCAA,31,3383853
ssnAp,2.8,36,9,CTCAATGTTTACCTTGGAAG,27,3396273
ssnAp,3.0,38,9,CTATGGTATAACATGTCGGG,29,3400402
ssnAp,0.8,16,9,CTAACCCGGCACCCAAGATG,7,3362058
ssnAp,2.5,33,9,CGTGTTCAGACCATCATGTT,24,3387369
ssnAp,1.1,19,9,CGTGCTGACCGATCCACGGT,10,3366601
ssnAp,1.1,19,9,CGTCTTTGACTACTATAGGT,10,3377486
ssnAp,1.5,23,9,CGTCAATTGATAGGAGACAT,14,3376101
ssnAp,2.1,29,9,CGTCAAAGCAAAAAGTGGGG,20,3391788
ssnAp,1.7,25,9,CGGGGTACGAGCAAGTTCGC,16,3375542
ssnAp,2.0,28,9,CGGGAACTAAGAGGGCCTAG,19,3359299
ssnAp,0.2,10,9,CGGATATATTACTTGCTGAG,1,3370562
ssnAp,1.5,23,9,CGCTCGAAACGGTTCCCGTT,14,3398055
ssnAp,1.4,22,9,CGATTAAATTGCTATGCATC,13,3365853
ssnAp,0.2,10,9,CGAGGATGTACGCTTGCTTG,1,3368883
ssnAp,1.6,24,9,CGAATCACTGATGGGTAGCG,15,3396405
ssnAp,0.2,10,9,CGAAGGTGCCAGCTCAACAA,1,3368615
ssnAp,0.9,17,9,CCTTGAATGACGGGTCGGTC,8,3390969
ssnAp,2.8,36,9,CCGTGCCTTAGCTCTTCGTG,27,3395646
ssnAp,1.1,19,9,CCGGCCATATTAACTTGCGT,10,3361176
ssnAp,2.5,33,9,CCGCGCCGTCTTTCCTAGAC,24,3377350
ssnAp,2.2,30,9,CCGAACCTATGGTGTTTTCC,21,3361711
ssnAp,1.2,20,9,CCACCGCGCGTGGACTGTTA,11,3384719
ssnAp,2.8,36,9,CCAAACTTCACTCTCAATGA,27,3369578
ssnAp,0.2,10,9,CATTGCCCGTTGTAACGGTT,1,3378465
ssnAp,3.8,46,9,CATATATGAGAAGAGTTTTC,37,3389784
ssnAp,0.2,10,9,CAGGGATAGATCGGGAAAAG,1,3392027
ssnAp,2.3,31,9,CACTCTAGCACTATCTTGTA,22,3378254
ssnAp,1.1,19,9,CACTACAGCTTCTGAACGGT,10,3367606
ssnAp,0.8,16,9,CACCTGCCCCGTCGCGATTA,7,3381583
ssnAp,0.6,14,9,CAAGGAAGCGCTACAAGCGG,5,3383822
ssnAp,1.6,24,9,CAAGCATGCCGATGTGTACT,15,3386447
ssnAp,4.1,49,9,ATTTAGAGGCGCTTGCAGCA,40,3366900
ssnAp,1.1,19,9,ATTGCCGCTTTTTAAACTGA,10,3362104
ssnAp,0.6,14,9,ATTATAGTAACGCTCGATAG,5,3378987
ssnAp,1.5,23,9,ATGTCCATCCGCGTTGTGGT,14,3391125
ssnAp,2.3,31,9,ATGCTGAGGTTATAATATCC,22,3370043
ssnAp,0.5,13,9,ATGATGATTGCTTCTCGGAT,4,3370376
ssnAp,1.7,25,9,ATCTACTATTGTAACCTTAC,16,3370944
ssnAp,1.1,19,9,ATCATTAGTATGGAAGGTGT,10,3394511
ssnAp,1.7,25,9,ATCATGCTGCGTCCGTACAC,16,3385447
ssnAp,2.1,29,9,ATATTTTGGAAGTGGTGTCA,20,3364470
ssnAp,1.3,21,9,ATATACTAAGGAAATGGCGT,12,3377835
ssnAp,1.0,18,9,ATATAACAAAGTATCATCTA,9,3368673
ssnAp,0.2,10,9,ATAGCTGCTTCCCGGTTATC,1,3374416
ssnAp,2.1,29,9,ATAGATCAGAGCTGTATCGT,20,3375125
ssnAp,0.6,14,9,ATAGAGCGGGCGACTAGCCC,5,3394813
ssnAp,0.2,10,9,ATACACAGCGATCCGATGAA,1,3365670
ssnAp,1.2,20,9,AGTCTTGCAATCTCCGCGTT,11,3367754
ssnAp,1.1,19,9,AGGCTCCGCATAAACCTGGT,10,3388709
ssnAp,2.6,34,9,AGATTCCTACATATTGAGGT,25,3388180
ssnAp,3.5,43,9,AGACATGTTTTGCGACCTTC,34,3400619
ssnAp,0.6,14,9,ACTCGCATGGCCTTAACAAA,5,3378490
ssnAp,2.2,30,9,ACTCAGGTACTTCAGGCGAT,21,3383216
ssnAp,0.3,11,9,ACCTTGGCTAGGCGATGGAT,2,3376975
ssnAp,1.8,26,9,ACCAGGCAGTTACTTCGAAT,17,3401976
ssnAp,0.2,10,9,ACCACTCGTTTGCTCGCGTA,1,3365801
ssnAp,0.9,17,9,ACAGGTAGATCCTCGACTGG,8,3399691
ssnAp,3.8,46,9,ACACGTGATCATCGAACGGG,37,3380557
ssnAp,0.8,16,9,ACACACTGCTTATGCAGTCC,7,3382860
ssnAp,1.9,27,9,AATTTCGAGTAACAACCATG,18,3397469
ssnAp,5.5,63,9,AATTGTAATCAAGAACGACC,54,3380944
ssnAp,1.0,18,9,AATTAGCGCTTCTCTTGACA,9,3360967
ssnAp,0.7,15,9,AATGATCAAGGCGGGATGCC,6,3393626
ssnAp,1.5,23,9,AATAGTCACCACCTGAGAGC,14,3365180
ssnAp,1.8,26,9,AATAAGCATCTTAACTATAA,17,3381309
ssnAp,2.8,36,9,AAGGGTGATAATCAATCTTG,27,3392430
ssnAp,0.9,17,9,AACAAACCTGGCCCGTTGTG,8,3370936
ssnAp,0.8,16,9,AAAGCCGGAGACCGTGATGA,7,3388280
ssnAp,0.8,16,9,AAAAACGCCTGTAAGGATGG,7,3396385
ssnAp,1.4444444444444444,20,8,TTTGTGGAGGCTAGGGAAAA,12,3364331
ssnAp,1.7777777777777777,23,8,TTTCTGGCAGGACAGGAAAT,15,3360403
ssnAp,1.4444444444444444,20,8,TTTCACACGAATGACATTTT,12,3377115
ssnAp,1.3333333333333333,19,8,TTTAGAGAACGCTAAATCCA,11,3365909
ssnAp,0.4444444444444444,11,8,TTGGGCAAAAATGGCTTGAC,3,3371568
ssnAp,1.2222222222222223,18,8,TTGGCGCCTCGACTATACGA,10,3396612
ssnAp,1.8888888888888888,24,8,TTCCGTATCTCGACCCGTAT,16,3390124
ssnAp,1.1111111111111112,17,8,TTAGTGCGGCATGTGACCTA,9,3391682
ssnAp,1.2222222222222223,18,8,TTAACCCGTATCGAGAAGAA,10,3383885
ssnAp,0.3333333333333333,10,8,TGTTATGCGTCATATAGGTT,2,3384546
ssnAp,3.3333333333333335,37,8,TGTTAATAACTGCAAGTCCT,29,3370651
ssnAp,1.1111111111111112,17,8,TGTCGAGTGGGTTAGCTGCA,9,3380875
ssnAp,3.3333333333333335,37,8,TGTCCTTCATGCTCACAGGT,29,3396661
ssnAp,0.6666666666666666,13,8,TGTCACCGGCCTAATACGCA,5,3379024
ssnAp,1.3333333333333333,19,8,TGGTGTTCCGGTTCTAGGAA,11,3390835
ssnAp,1.6666666666666667,22,8,TGGGTTTCAGCGAGGAATTA,14,3372024
ssnAp,1.0,16,8,TGCTCTAGATTCAAGATAAT,8,3401876
ssnAp,2.5555555555555554,30,8,TGCGTCTATGTTACGGCTAA,22,3396833
ssnAp,0.2222222222222222,9,8,TGATCCAGACGATGAATGGG,1,3383654
ssnAp,1.0,16,8,TGAGTCGTGGAACACTTTGG,8,3384740
ssnAp,4.777777777777778,50,8,TCTGGTCTACCCGCAAACCC,42,3390395
ssnAp,0.4444444444444444,11,8,TCCTCTCTACCGACTCGCTA,3,3396662
ssnAp,2.111111111111111,26,8,TCCCATTATTCTTGGCGATA,18,3359807
ssnAp,1.1111111111111112,17,8,TCCCAAGTAAACAGCGGCTA,9,3385696
ssnAp,1.1111111111111112,17,8,TCCAGTCCGTTAAACGTCAG,9,3392242
ssnAp,2.4444444444444446,29,8,TCATAACGTTCTTGGGTGCT,21,3370906
ssnAp,1.8888888888888888,24,8,TCATAAACTCCTGGAGAGAG,16,3402580
ssnAp,0.2222222222222222,9,8,TCAGTCTTGCAAGTACCCCG,1,3374559
ssnAp,1.6666666666666667,22,8,TCAGGGATGAGTGCAAAAAA,14,3378256
ssnAp,1.3333333333333333,19,8,TCAATTATTACGGGCCGTAT,11,3396165
ssnAp,0.2222222222222222,9,8,TCAACGTTCGGAACTATCAT,1,3362013
ssnAp,0.7777777777777778,14,8,TCAACGGTGGTCTGAAGCGT,6,3379180
ssnAp,1.6666666666666667,22,8,TATGGGGTCCGTCTTAAGGG,14,3360559
ssnAp,0.7777777777777778,14,8,TATGCGGGAAGCCTGGCCGT,6,3383481
ssnAp,3.888888888888889,42,8,TACTCCAGGGCAGCACAGCT,34,3379192
ssnAp,2.111111111111111,26,8,TACCTTGGTGTGCCGCCGGA,18,3387720
ssnAp,3.2222222222222223,36,8,TAACCACTGAACGAGAACTG,28,3370713
ssnAp,0.2222222222222222,9,8,TAAAGGGCGAGGAGGTACTG,1,3362331
ssnAp,1.2222222222222223,18,8,GTTTTACTGCGGAAAATATG,10,3361374
ssnAp,2.2222222222222223,27,8,GTTTGGTTAGCGCGGCCCTA,19,3363955
ssnAp,0.2222222222222222,9,8,GTTGCGTAAGTGGTCCTCTA,1,3359468
ssnAp,1.6666666666666667,22,8,GTTGACCTGTTGCCAGTCTT,14,3388468
ssnAp,2.2222222222222223,27,8,GTTATGTCTTGGCGTATGCC,19,3399139
ssnAp,2.3333333333333335,28,8,GTTAGACACGACATGTCGAA,20,3381227
ssnAp,1.7777777777777777,23,8,GTGTTCACGACTACCGTGCT,15,3363963
ssnAp,1.3333333333333333,19,8,GTGCTTACCAGGTGTGGCTG,11,3388705
ssnAp,1.1111111111111112,17,8,GTGCGGCGTTTCCAACCCAT,9,3394590
ssnAp,2.3333333333333335,28,8,GTGAATGAGCTGGTATAAAA,20,3377535
ssnAp,2.5555555555555554,30,8,GTCCTCTTTGCTATCATAGT,22,3379713
ssnAp,1.8888888888888888,24,8,GTCCTAAGACCGCAATAAGC,16,3392897
ssnAp,1.4444444444444444,20,8,GTCAGGCTGGCGTCGCAGGA,12,3384602
ssnAp,2.0,25,8,GTATATGTTCCACGATTACG,17,3399079
ssnAp,2.3333333333333335,28,8,GTAGTGGGAAATGTTCCCTC,20,3393201
ssnAp,0.5555555555555556,12,8,GTAACTTCCGGGTTCTATCC,4,3362588
ssnAp,1.4444444444444444,20,8,GTAAAGTCAAGGCTAGAACG,12,3367646
ssnAp,3.0,34,8,GGTACAGGTTAACCATCGGC,26,3371368
ssnAp,1.7777777777777777,23,8,GGACGGGATATCGGGCGGTC,15,3373722
ssnAp,1.1111111111111112,17,8,GCTTTCGGGCGCATCGGTAC,9,3389943
ssnAp,2.6666666666666665,31,8,GCTGAAGCAAATAGGCCAAG,23,3369256
ssnAp,1.1111111111111112,17,8,GCTCTGTACTGCACCGCTGT,9,3363637
ssnAp,2.111111111111111,26,8,GCTCGATCCCGGGTAGAGCG,18,3380535
ssnAp,2.6666666666666665,31,8,GCTAGGATCGAGTATGGTGA,23,3361446
ssnAp,1.4444444444444444,20,8,GCGGTCCCTCCTATGGTTAC,12,3391967
ssnAp,1.6666666666666667,22,8,GCGGCTGGCGACAAACGAAG,14,3384802
ssnAp,1.5555555555555556,21,8,GCGGCTGACAGAAGTTCTGT,13,3372651
ssnAp,1.6666666666666667,22,8,GCGAGTGTGCAATCGTTGGA,14,3362249
ssnAp,4.777777777777778,50,8,GCGAGGTTTTTTTATGTGAG,42,3397030
ssnAp,1.6666666666666667,22,8,GCCTGATGCCATCTATACTT,14,3364167
ssnAp,1.0,16,8,GCCCAGGGCACCAACCCTCT,8,3385782
ssnAp,2.4444444444444446,29,8,GCCAGACGGTTATCCCGAGG,21,3380032
ssnAp,2.3333333333333335,28,8,GCAGCCTGGCAGACGTCTCC,20,3368990
ssnAp,1.3333333333333333,19,8,GATTTTATGTTTGCGCCTTC,11,3397186
ssnAp,2.888888888888889,33,8,GATTATGGCACGCTAACAGA,25,3376629
ssnAp,0.2222222222222222,9,8,GATCAGGACTTGACGAAGGT,1,3362512
ssnAp,0.5555555555555556,12,8,GATAATCAGGCGAAAATTTG,4,3372022
ssnAp,2.3333333333333335,28,8,GAGTAGGGTAGCCATCTGTG,20,3402408
ssnAp,2.7777777777777777,32,8,GAGGTGTTTATCATCAAGCG,24,3381528
ssnAp,0.6666666666666666,13,8,GAGCTGGCACTGCAGTGGGC,5,3367095
ssnAp,2.888888888888889,33,8,GACGTTAGTCTGCTCGCCTT,25,3383821
ssnAp,0.3333333333333333,10,8,GACCTGTTAGTGAAAAGTCA,2,3372137
ssnAp,0.8888888888888888,15,8,GAAGGGCCTGTATGAAAGCT,7,3383568
ssnAp,3.888888888888889,42,8,CTTTTCTCATAGATTGTGCA,34,3379023
ssnAp,0.8888888888888888,15,8,CTTTGTTTTTAATCCCAATG,7,3376187
ssnAp,1.1111111111111112,17,8,CTTGCCGAAACGGAAAACGC,9,3388485
ssnAp,0.7777777777777778,14,8,CTTGATGGAGCGGTAAAATA,6,3380101
ssnAp,4.555555555555555,48,8,CTTCGCGCACCCTCCTTAAA,40,3373802
ssnAp,2.5555555555555554,30,8,CTTATCGAGGGCACGATTCA,22,3383775
ssnAp,0.3333333333333333,10,8,CTTAATCCGTCGGGTTATAC,2,3374851
ssnAp,3.4444444444444446,38,8,CTGCTAATATGCTTCCCTTC,30,3379139
ssnAp,3.2222222222222223,36,8,CTCTCCATCAGAATGTTTAT,28,3362844
ssnAp,1.1111111111111112,17,8,CTCGACGTCTCGCCACGAGA,9,3377055
ssnAp,3.4444444444444446,38,8,CTCACCTGGTCGCGAGAGTA,30,3392305
ssnAp,1.2222222222222223,18,8,CTAGTCTAGAGGATGCCTCA,10,3380859
ssnAp,0.5555555555555556,12,8,CTACTATTATCAATAAACAT,4,3393294
ssnAp,4.666666666666667,49,8,CGTTCATGCTCGGTAAACGG,41,3369589
ssnAp,3.111111111111111,35,8,CGTCTAGAACCGAATAGACG,27,3359374
ssnAp,1.3333333333333333,19,8,CGTCAGCTATACCATGGCAG,11,3377475
ssnAp,0.7777777777777778,14,8,CGGTAGCGTACACACTGGTT,6,3393580
ssnAp,0.2222222222222222,9,8,CGGCAGCTTAGGGCGTAGAT,1,3367837
ssnAp,2.2222222222222223,27,8,CGGACCGGATTTTATACGTA,19,3381444
ssnAp,1.0,16,8,CGGACCAATCCTGGGGCCAA,8,3368975
ssnAp,1.3333333333333333,19,8,CGCAACGAAAAGCTTGGTTG,11,3391582
ssnAp,0.7777777777777778,14,8,CCTGTAGCACTCGCATTGCT,6,3381605
ssnAp,0.6666666666666666,13,8,CCTCGGCCTAACGAATAAGA,5,3396288
ssnAp,1.0,16,8,CCGAATTAGGACATGTGTAA,8,3383022
ssnAp,2.2222222222222223,27,8,CCAGCAAACGTTCCCAGACT,19,3372240
ssnAp,2.2222222222222223,27,8,CCACGCGAACACTCAGGCAG,19,3377451
ssnAp,2.3333333333333335,28,8,CATCTTTAAATCTCTGTCCC,20,3363943
ssnAp,2.111111111111111,26,8,CAGTCCCTCGCTATTGTTGG,18,3363721
ssnAp,1.4444444444444444,20,8,CAGACTAACCGCTAGTCGAA,12,3399056
ssnAp,1.3333333333333333,19,8,CACTGAAGAACCCTTAACAA,11,3389528
ssnAp,1.0,16,8,CACCGCCCCGATCTAGGATG,8,3372158
ssnAp,0.8888888888888888,15,8,CACCATGCGCAGCCTCTAGG,7,3388548
ssnAp,0.2222222222222222,9,8,CACATATCGATGGTTCCGAC,1,3381025
ssnAp,1.1111111111111112,17,8,CAAGGTATTAGTTCCCGCTG,9,3371250
ssnAp,1.5555555555555556,21,8,CAAGAACCTCTATTCTCTCA,13,3394349
ssnAp,1.4444444444444444,20,8,CAACGCCGCCTTTCGCGTAT,12,3380325
ssnAp,1.0,16,8,CAACGACCAAGAAAAAACGG,8,3386501
ssnAp,1.2222222222222223,18,8,CAAACAACCTTTCCGGAGGC,10,3385991
ssnAp,2.888888888888889,33,8,ATTTTCGAAGCGTTACGGGT,25,3363089
ssnAp,1.0,16,8,ATTTGCGAAGGGTTTACGTA,8,3402323
ssnAp,2.111111111111111,26,8,ATTCTCCCTATCCCTAGACG,18,3382915
ssnAp,0.4444444444444444,11,8,ATTCGGAGGCACACTGTTAT,3,3363460
ssnAp,0.2222222222222222,9,8,ATTAGCTGTAACTATTTTTC,1,3397164
ssnAp,1.4444444444444444,20,8,ATGTGCTGTCTACCGTTTAA,12,3382704
ssnAp,0.5555555555555556,12,8,ATGTCAAAGGTCCGAGATCG,4,3398389
ssnAp,1.4444444444444444,20,8,ATGGCTAACTTATGTAAAAG,12,3364244
ssnAp,0.2222222222222222,9,8,ATCTACCGCACGCTGAACAA,1,3367827
ssnAp,2.111111111111111,26,8,ATCATACGCGAATTTGAGAT,18,3365844
ssnAp,0.5555555555555556,12,8,ATATATTGTAAGAGGCCCGT,4,3371226
ssnAp,3.3333333333333335,37,8,ATAGTATGCTCTCCCGAGTC,29,3396061
ssnAp,3.2222222222222223,36,8,ATACCGCCCGTCCAGGACGA,28,3376743
ssnAp,0.8888888888888888,15,8,ATAATTGAGACCAGCGTTTT,7,3394332
ssnAp,1.2222222222222223,18,8,AGTACCTCCGTTCTCTGCCC,10,3359371
ssnAp,2.111111111111111,26,8,AGGTACGTAAATAGTATCAA,18,3381628
ssnAp,0.6666666666666666,13,8,AGGGCATTACTTTCTAGCCT,5,3392992
ssnAp,0.8888888888888888,15,8,AGGCGTTTTACCGAGCAGTG,7,3366603
ssnAp,1.5555555555555556,21,8,AGGCGGCCTGGTGCCGCGAA,13,3390139
ssnAp,1.7777777777777777,23,8,AGCGCTGCTCGATCGTTGGC,15,3381630
ssnAp,3.111111111111111,35,8,AGCGCGGAAATCGCGACTCC,27,3364693
ssnAp,2.111111111111111,26,8,AGCATAGAGACAGATCCGAG,18,3392965
ssnAp,1.2222222222222223,18,8,AGATCTATAGCCGGCTTAAC,10,3384963
ssnAp,1.2222222222222223,18,8,ACCTTTGCATAATGATTGGA,10,3366883
ssnAp,1.8888888888888888,24,8,ACCTACTGAGTCGGACCGAT,16,3396756
ssnAp,1.5555555555555556,21,8,ACCGTAGGTGAGGTAGACTT,13,3369027
ssnAp,1.1111111111111112,17,8,ACCATGGTACCCTGCCGGGA,9,3371017
ssnAp,0.7777777777777778,14,8,ACCATCACTATTTTCTGGAT,6,3394017
ssnAp,1.8888888888888888,24,8,ACATTTGTTACGCGGTTAAT,16,3367727
ssnAp,2.4444444444444446,29,8,ACATCAGAGCTCGGCGGAAA,21,3397566
ssnAp,0.2222222222222222,9,8,AATTCAGGCCCCCAAGCATG,1,3387537
ssnAp,1.6666666666666667,22,8,AATGTAATGAAAGAAAGAAA,14,3395889
ssnAp,1.1111111111111112,17,8,AATGATTCATCGTCGCGAAT,9,3365852
ssnAp,0.3333333333333333,10,8,AATACCAGCCCTAGTTGACG,2,3383360
ssnAp,0.7777777777777778,14,8,AACTAACGTTCTGGTAAGGG,6,3389632
ssnAp,2.3333333333333335,28,8,AACATGCTCCTTATGCCTAA,20,3396038
ssnAp,1.3333333333333333,19,8,AACACATAGAAATCACAACG,11,3372637
ssnAp,0.25,8,7,TTGGGCTTCCCAAGGTCGTT,1,3397089
ssnAp,0.25,8,7,TTGAGTAAATATGTGCGGGG,1,3372069
ssnAp,2.0,22,7,TTCTTTCTGCGCGCTTCACG,15,3360678
ssnAp,3.875,37,7,TTCTCGGACCCTGCAATGCC,30,3373470
ssnAp,1.0,14,7,TTCCTAGGGAAGGATTATAA,7,3372622
ssnAp,2.25,24,7,TTCATATGTAACGGACCTTC,17,3383743
ssnAp,3.625,35,7,TGTGCCGTTGCGGGCATTAG,28,3391130
ssnAp,0.25,8,7,TGTACCGTTCAGAAGTAGAA,1,3389308
ssnAp,0.25,8,7,TGTAAAATGGTGTATTTCGC,1,3388470
ssnAp,0.25,8,7,TGGGATGAGAGCGCTCCTTA,1,3370957
ssnAp,1.625,19,7,TGGACGTCCACGCCTAGAGA,12,3401818
ssnAp,1.625,19,7,TGCTCCATCTAGATACGCTA,12,3399171
ssnAp,2.0,22,7,TGCACGCTCATAGCACTTTC,15,3371816
ssnAp,4.25,40,7,TGAAAAGGGAGCCCTCGAGT,33,3395489
ssnAp,1.25,16,7,TCTGTGCCTGTGCTTGCCTA,9,3379750
ssnAp,2.125,23,7,TCTGTAATCCGGTCATCGAT,16,3391979
ssnAp,1.125,15,7,TCTGGTTGCGAACAATCTTG,8,3381401
ssnAp,1.625,19,7,TCTCGATTGGGCAACGCATA,12,3374377
ssnAp,1.125,15,7,TCTATCCCGTTGCCCAACCA,8,3361395
ssnAp,0.625,11,7,TCTATCCCGTGGTGAGTAAC,4,3392020
ssnAp,0.25,8,7,TCGTTTCCTGGCCTGGTCCC,1,3397986
ssnAp,1.75,20,7,TCGTCGAAGTCATCGGCAAT,13,3360612
ssnAp,2.5,26,7,TCGGTTAAATGCATTCCTGA,19,3380255
ssnAp,0.5,10,7,TCGGTCCTCCGATAGTTACT,3,3365484
ssnAp,1.75,20,7,TCGGTCACCGCACGCTTTGC,13,3385015
ssnAp,3.0,30,7,TCGCACTAGCTAATAGGACT,23,3377473
ssnAp,1.0,14,7,TCGATTGAGACCCCCCTACT,7,3365362
ssnAp,1.625,19,7,TCCTGTAAAAACGGGATGGT,12,3362139
ssnAp,0.625,11,7,TCCTGCAGCTGCCTAAGCAT,4,3381525
ssnAp,1.5,18,7,TCCTACTTCTTAATCGCGAG,11,3386208
ssnAp,2.125,23,7,TCCGGCCTGAGAGGCTCGCA,16,3368724
ssnAp,0.625,11,7,TCCCAGTGGCATGTATCGTA,4,3367935
ssnAp,2.5,26,7,TCAGATCGCCTAACGGGTTA,19,3365641
ssnAp,5.5,50,7,TCAGATAGCTTGGCCGCTAA,43,3384313
ssnAp,3.25,32,7,TAGCACCTTTTGGAGGGTCC,25,3384292
ssnAp,2.0,22,7,TACCGATCTTCACACTCGCT,15,3375002
ssnAp,1.375,17,7,TACACCAATGACCGCCTAGC,10,3389915
ssnAp,2.25,24,7,TAATTTGGTCCCACGATGCG,17,3381351
ssnAp,1.625,19,7,TAATGACTACGAACGCAACG,12,3363907
ssnAp,1.875,21,7,GTTTTTAATCCGAATTACAA,14,3401645
ssnAp,2.75,28,7,GTTTATGGGTCGTGTAGGGA,21,3363065
ssnAp,2.875,29,7,GTGTAAGAGCTATATATTAT,22,3366026
ssnAp,2.625,27,7,GTCTCAGGATAGACTTTCGC,20,3373340
ssnAp,1.625,19,7,GTCTAGTTCCATGGTTAGGT,12,3386833
ssnAp,0.625,11,7,GTCCTTGCAGGACCGGAAAA,4,3379788
ssnAp,0.25,8,7,GTCCCGCTCTTGGATAGTTC,1,3378137
ssnAp,2.0,22,7,GTCCCCTATGTGGCCCGATG,15,3365132
ssnAp,0.25,8,7,GGTTCGCGGTATCAGGAGGC,1,3397140
ssnAp,2.375,25,7,GGTTCAACACTCGTTCACGC,18,3398874
ssnAp,0.625,11,7,GGTGCTTCGCTTAGCGACGA,4,3368176
ssnAp,0.25,8,7,GGTCCTGCTGTAATCCATTC,1,3364111
ssnAp,0.5,10,7,GGTAGTCAATTTCGGCTGAA,3,3380892
ssnAp,1.25,16,7,GGTAATGTTTATGAGGGCTC,9,3385462
ssnAp,3.25,32,7,GGGTTACTTAACATGGCGTG,25,3382442
ssnAp,0.25,8,7,GGGAATACCGTTATCGGCTG,1,3373638
ssnAp,2.125,23,7,GGCATCCATGGGCTACCTTG,16,3396951
ssnAp,3.875,37,7,GGATCGCGGTGGGGGACCGT,30,3380246
ssnAp,1.75,20,7,GGAATGCCTCAACACTCGAG,13,3379538
ssnAp,1.25,16,7,GCTCCACATGTAGTTTTATC,9,3359618
ssnAp,2.875,29,7,GCGTGTCTCACAACTACGCG,22,3372327
ssnAp,1.125,15,7,GCGGGTAATGCAGCGCGCGG,8,3390151
ssnAp,1.5,18,7,GCGGGGCATGGGTTTCTACA,11,3397039
ssnAp,2.5,26,7,GCGGAGCCTGGTAAATACCA,19,3366961
ssnAp,4.0,38,7,GCGCGTCATTTGCAGCGCAT,31,3383688
ssnAp,2.5,26,7,GCGCCCGACCGACATACGTT,19,3399492
ssnAp,2.25,24,7,GCGACGTTGTACCGTTTGGT,17,3396053
ssnAp,0.25,8,7,GCCCATACGGGTGAGTGGCT,1,3393304
ssnAp,0.25,8,7,GCCACCGCTTCCCGAATGTT,1,3381774
ssnAp,1.5,18,7,GCACAGGAATACAGAGACTC,11,3385856
ssnAp,2.0,22,7,GCACAGAGGACTCCCTGGTC,15,3384379
ssnAp,2.625,27,7,GCAACGGACGATAGACCGTC,20,3360189
ssnAp,2.0,22,7,GATTCTGCTTACTTTCTTAG,15,3368325
ssnAp,0.25,8,7,GAGTCATGCCGTAAGTGTTC,1,3395366
ssnAp,1.0,14,7,GAGCATACGATTGCGTGTGA,7,3393526
ssnAp,4.375,41,7,GAGCACATGTACGAACAGCA,34,3363416
ssnAp,2.25,24,7,GACTCTGATCAGTACCCTCG,17,3383852
ssnAp,3.375,33,7,GACCTATGGCCTATGCTGAT,26,3401595
ssnAp,2.125,23,7,GACCGATCGAACAGCGCAGT,16,3380691
ssnAp,2.125,23,7,GACAGGTTTAAGTCCAAGGT,16,3398899
ssnAp,1.875,21,7,GAAGTCACACAATAAACATT,14,3369933
ssnAp,0.25,8,7,GAACCTAGGGTCCTGGAAAC,1,3361040
ssnAp,0.25,8,7,GAAACACTGTCGGGTCACCC,1,3396780
ssnAp,2.75,28,7,CTTTTAAAACGCCTCTCCCC,21,3397925
ssnAp,6.0,54,7,CTTTCTTGTCCGCGTCACTA,47,3382533
ssnAp,3.375,33,7,CTTCAGATGACAGTACAAGT,26,3376284
ssnAp,2.125,23,7,CTTACTACGCAAGGATGAGT,16,3385442
ssnAp,1.875,21,7,CTTAAATTCCAGTAGCTCCC,14,3388360
ssnAp,1.875,21,7,CTGATATACTCCTACCGAGG,14,3386233
ssnAp,3.125,31,7,CTCCCGCTTAAGTATGTGTC,24,3379914
ssnAp,2.875,29,7,CGTGGCGCCGTATAAGTGTT,22,3396472
ssnAp,0.25,8,7,CGCTGCGGGCCTAACGTACG,1,3387968
ssnAp,2.5,26,7,CGCGTAGCAAAAGTTTCAAA,19,3383211
ssnAp,1.125,15,7,CGCGAATCTGTTATCATCGG,8,3391289
ssnAp,1.375,17,7,CGCAGATAGCTTTTGGTGTG,10,3389365
ssnAp,0.625,11,7,CGATTCAGGCCGTCTGCCGT,4,3386472
ssnAp,2.125,23,7,CGAAACACGTCCTGTATGAA,16,3375635
ssnAp,1.625,19,7,CCTTGACCCTAGATCCATTG,12,3394290
ssnAp,1.75,20,7,CCTATGTCACTTCGGTCAAG,13,3373249
ssnAp,1.5,18,7,CCTACACAACAGGACCGTCT,11,3382141
ssnAp,0.375,9,7,CCTAAAGTAAATCCGTGTGC,2,3380640
ssnAp,3.875,37,7,CCGCTCGATAAGTAGGCTTC,30,3381024
ssnAp,3.25,32,7,CCGCTAATGTAGAATGATCG,25,3374048
ssnAp,1.625,19,7,CCGCGACTTACTGATGGCTA,12,3361633
ssnAp,2.125,23,7,CCCTTTCTTAAGGGTCTGAA,16,3385095
ssnAp,2.375,25,7,CCCGTGCCTTGTAGTGGCTT,18,3386131
ssnAp,2.25,24,7,CCAACAAGGGTATAGCCATG,17,3359707
ssnAp,2.0,22,7,CATTTGTTGTCCAATCAGAT,15,3372877
ssnAp,1.625,19,7,CATGCCGCGGCATGAGGTCC,12,3359331
ssnAp,2.75,28,7,CATGATTGTAACCTAGTATG,21,3393593
ssnAp,2.875,29,7,CAGTCTGCGGATTGATAGCA,22,3365037
ssnAp,1.25,16,7,CACTATCAGAGAAAGCGATA,9,3370118
ssnAp,2.5,26,7,CAATGGACGAGCTTTATAAT,19,3368093
ssnAp,1.5,18,7,CAAGGCCATAGGTGGTTTCC,11,3392552
ssnAp,2.25,24,7,CAACGTGCTGCAGTCCCCCA,17,3361900
ssnAp,1.5,18,7,CAACAACTGACCTTGTTATT,11,3373578
ssnAp,0.25,8,7,CAAAACCCTGCCCACACGCT,1,3369865
ssnAp,1.75,20,7,ATTGGATACAGGGTCAACCT,13,3401513
ssnAp,1.5,18,7,ATTCGTAGGGCCAGAGGGCT,11,3390942
ssnAp,1.625,19,7,ATGGTAATTGTATGGGTTAC,12,3392193
ssnAp,1.5,18,7,ATGCTTTAGCTGGAGTCAAA,11,3375531
ssnAp,1.5,18,7,ATGCTCTATATGCCAAGATG,11,3359177
ssnAp,1.25,16,7,ATGCAAAGGGCAGGGCTTGA,9,3392653
ssnAp,1.75,20,7,ATCGGCTCTTGGATATATAT,13,3362432
ssnAp,2.875,29,7,ATCCCTGCAATCTTATACAT,22,3360817
ssnAp,4.625,43,7,ATCCCGACAATGACGACGGC,36,3374463
ssnAp,3.625,35,7,ATCCCAAAAGTGCTAGTGCT,28,3398855
ssnAp,1.375,17,7,ATAGGCCGTGGTTTAATAAC,10,3367400
ssnAp,0.875,13,7,ATAGCCGTCACTCTCGCTTT,6,3376270
ssnAp,2.375,25,7,ATAAGAATCGTGGGATGGCT,18,3402422
ssnAp,1.75,20,7,AGTAGTGTCCGCGAGAAGAT,13,3369882
ssnAp,1.375,17,7,AGTACCGACACTGTGAGAAT,10,3390755
ssnAp,0.5,10,7,AGGGTTTGCCCTGCAAATCT,3,3369679
ssnAp,0.25,8,7,AGGGTATCTCAATGCCAGGG,1,3371881
ssnAp,0.25,8,7,AGGCCCCAACGTCTACAATA,1,3398729
ssnAp,1.25,16,7,AGGATTGGAGGGAGCGTCTA,9,3400142
ssnAp,2.125,23,7,AGGATATGCACCGCTTTAAT,16,3383761
ssnAp,3.875,37,7,AGCTTCGTCGGCAGAATCAC,30,3387242
ssnAp,1.625,19,7,AGCGCTTATCCTGGATTCCC,12,3391699
ssnAp,0.75,12,7,AGATAAGCATTGGTTCTGCT,5,3366175
ssnAp,0.25,8,7,ACTGTTACGTTTATTAGCGT,1,3379242
ssnAp,3.25,32,7,ACTCAGGGGGTTGAACTAGA,25,3388697
ssnAp,1.125,15,7,ACGTCTAGAGTCAGTACGTT,8,3386487
ssnAp,1.125,15,7,ACGATGCGGTTACATCTCAA,8,3362264
ssnAp,0.25,8,7,ACCGGCCTCGAGCACCGGAA,1,3396889
ssnAp,1.875,21,7,ACCCTAATCTACAAACACAA,14,3371414
ssnAp,2.75,28,7,ACAGCCAGGGTCTGCTATAA,21,3398835
ssnAp,1.25,16,7,ACAGCAACACCACAGGTCCA,9,3400688
ssnAp,1.75,20,7,ACAGACGCGCCATGTACGGT,13,3402566
ssnAp,2.75,28,7,ACACGCAGACCTGGTGCACA,21,3398123
ssnAp,1.375,17,7,ACACATCATTTGAGTGGCAT,10,3370549
ssnAp,2.25,24,7,AATTACTCCTCATTGACTTC,17,3396998
ssnAp,0.625,11,7,AATCCAATATGTTACATGGG,4,3398307
ssnAp,1.625,19,7,AATCACCAGGTGTCACTGTT,12,3383682
ssnAp,3.0,30,7,AATACAGTACCCACTCATCT,23,3383034
ssnAp,2.75,28,7,AAGTGGCATATCATCCCAAT,21,3375117
ssnAp,2.125,23,7,AAGGTCGCCAGTGGTCGTGG,16,3367233
ssnAp,0.625,11,7,AAGGAGTCCCCGGGGCCTAA,4,3376158
ssnAp,2.375,25,7,AAGCGGCTGGTGTACGGCTA,18,3379726
ssnAp,0.25,8,7,AAGCCGGTCTGACAACAGGT,1,3361309
ssnAp,1.875,21,7,AAGACTGCCTGTCTATGATA,14,3372376
ssnAp,2.125,23,7,AAGAACAGGATCTACCCAGC,16,3363500
ssnAp,1.375,17,7,AACGGTAGTGTAGGCCAGCT,10,3372488
ssnAp,1.375,17,7,AACAGGTAAATGGAGAACTC,10,3392698
ssnAp,2.0,22,7,AAATTGACTTTTGAACCGAT,15,3378115
ssnAp,1.375,17,7,AAATCAGCTAGGATAGACAT,10,3383268
ssnAp,1.375,17,7,AAAGTGGCCAAACTTCCATT,10,3393698
ssnAp,2.142857142857143,20,6,TTTTGGGTATGGAACGCACC,14,3366600
ssnAp,2.0,19,6,TTTTATGTTTAGCGACACTA,13,3384197
ssnAp,2.0,19,6,TTTCTATAAGCTAGTGCGTT,13,3382289
ssnAp,3.5714285714285716,30,6,TTGTTGCTCGAGTCACGATG,24,3385172
ssnAp,1.2857142857142858,14,6,TTGCTGTAGCTAGCCTGATA,8,3370471
ssnAp,2.7142857142857144,24,6,TTGCGCCTGACTATCTCAGG,18,3374343
ssnAp,1.0,12,6,TTGCCATATGATAGCTGTGG,6,3370466
ssnAp,1.7142857142857142,17,6,TTCTTAATATAACTGCCATA,11,3360343
ssnAp,1.1428571428571428,13,6,TTCTCGTCAGTGTGAGGGGT,7,3362303
ssnAp,1.0,12,6,TTCCATAAACCTACGACGTT,6,3375526
ssnAp,1.8571428571428572,18,6,TTCATTTTGATACACAATCC,12,3394270
ssnAp,1.4285714285714286,15,6,TTATTAAGCAGTACAAAAAG,9,3395741
ssnAp,1.0,12,6,TTAGGGTCTTTATACGACTG,6,3367320
ssnAp,1.1428571428571428,13,6,TGTTATATTTTCCATAGTGA,7,3394787
ssnAp,2.4285714285714284,22,6,TGTTAGGTCTGCAACGGCTC,16,3391014
ssnAp,1.7142857142857142,17,6,TGTCGCACTACAGTTCGAGG,11,3389048
ssnAp,2.2857142857142856,21,6,TGTAGCCGCACATAGCCCAT,15,3386724
ssnAp,3.5714285714285716,30,6,TGGTAAACTTGTACTGTCGG,24,3362250
ssnAp,2.2857142857142856,21,6,TGGACTTCCGCTACTAGGGG,15,3366742
ssnAp,2.5714285714285716,23,6,TGCGTTTGGTTTATCTCGAA,17,3379421
ssnAp,2.7142857142857144,24,6,TGCCTTAAGCGAACCGACGA,18,3391142
ssnAp,0.2857142857142857,7,6,TGCCGCCCCTGAACATACTA,1,3371180
ssnAp,0.2857142857142857,7,6,TGCCACGTAAATCATTTAGT,1,3378517
ssnAp,2.0,19,6,TCTTTATACACGCTACGCAA,13,3390722
ssnAp,1.1428571428571428,13,6,TCTTAATTTCGATGATCCCC,7,3381976
ssnAp,0.2857142857142857,7,6,TCTCTCTGCCACCAAACGTA,1,3398046
ssnAp,3.0,26,6,TCGTGTCCGTACCATGCAGT,20,3369135
ssnAp,2.5714285714285716,23,6,TCGTGCACGCTGGAAAGCGT,17,3366242
ssnAp,0.42857142857142855,8,6,TCGTCGCCTGATTTGAGGGA,2,3359965
ssnAp,2.2857142857142856,21,6,TCGGTGTATCAAGCAGCTAT,15,3392140
ssnAp,3.142857142857143,27,6,TCGGGTTGCTATTGCGTCAT,21,3378762
ssnAp,3.857142857142857,32,6,TCGGAGAGCTCCTTGTCATC,26,3389912
ssnAp,3.142857142857143,27,6,TCCTGGGGATGGTTAGAAGT,21,3377378
ssnAp,2.7142857142857144,24,6,TCCGTAGTGAGAACTGCGAG,18,3400620
ssnAp,5.142857142857143,41,6,TCCGGCCTACCCATGACTGC,35,3361920
ssnAp,1.4285714285714286,15,6,TCCCATTTCCTCGACCTCCC,9,3376803
ssnAp,3.0,26,6,TCACTAGGGTTGCTCTTGTT,20,3402275
ssnAp,2.2857142857142856,21,6,TCAAATGAGTATAGTTCTTG,15,3362440
ssnAp,2.857142857142857,25,6,TATTCTACGGTCTCGATGTC,19,3391419
ssnAp,1.4285714285714286,15,6,TATTAGTGCATTGCGTCCTT,9,3387333
ssnAp,4.714285714285714,38,6,TATGCCACACTGGGGGCTCA,32,3366558
ssnAp,1.8571428571428572,18,6,TATCCGAGTGTTTCGTGTAT,12,3399446
ssnAp,5.428571428571429,43,6,TAGGCAACACACAGGATCCA,37,3391678
ssnAp,0.2857142857142857,7,6,TAGGATGACAAAGTTAAGCT,1,3375630
ssnAp,1.1428571428571428,13,6,TAGGACCCAATGAGATGTAC,7,3366238
ssnAp,3.2857142857142856,28,6,TACTTGTACGCCCCGATACC,22,3371447
ssnAp,1.4285714285714286,15,6,TAAGCGAGCTGCTCATCTAA,9,3372328
ssnAp,1.7142857142857142,17,6,GTGGCAATCGGGTTAAGGAC,11,3396466
ssnAp,2.0,19,6,GTGAGGTGCCGCTCCCACGA,13,3396991
ssnAp,1.4285714285714286,15,6,GTCTTACTAATTGGAGGGAT,9,3397942
ssnAp,2.2857142857142856,21,6,GTCTGTGTCAATGGTGGCGT,15,3394597
ssnAp,1.5714285714285714,16,6,GTCTGGATATGTAATCTTTA,10,3376431
ssnAp,0.7142857142857143,10,6,GTCCGCCAAACCTCAATTCT,4,3392724
ssnAp,2.7142857142857144,24,6,GTCATAGAATTGGGGACTAT,18,3366247
ssnAp,1.1428571428571428,13,6,GTCACCTCACCTTTATCAGT,7,3377089
ssnAp,1.5714285714285714,16,6,GTCAACGCGAGCCCCTACTT,10,3396231
ssnAp,5.142857142857143,41,6,GTATTGATGGTTCATGGTAA,35,3361352
ssnAp,1.8571428571428572,18,6,GGTGCACTGGCTTCAGGTGA,12,3372150
ssnAp,5.571428571428571,44,6,GGTCAAGCAGTAATACCAGA,38,3371119
ssnAp,0.5714285714285714,9,6,GGCTTTAGGCAACAGATGGG,3,3388813
ssnAp,5.857142857142857,46,6,GGCTAGAATCTATGACATCG,40,3401271
ssnAp,1.0,12,6,GGCGCGCCACAAAACTCCAC,6,3369828
ssnAp,1.0,12,6,GGCCCAGTGTCGTCCGCAGC,6,3394885
ssnAp,1.2857142857142858,14,6,GGATTTGCGATCCGTAACGA,8,3373657
ssnAp,1.7142857142857142,17,6,GGATGGTCAGCCTTCACTTA,11,3394654
ssnAp,2.0,19,6,GGAGACGCAGAACTTTTCTA,13,3375399
ssnAp,5.714285714285714,45,6,GCTTTTATGCATGTGACGCA,39,3370733
ssnAp,1.1428571428571428,13,6,GCTTGTGGGCGGTTATGGGT,7,3373375
ssnAp,2.857142857142857,25,6,GCTCTTGACACGTGGCTATC,19,3402500
ssnAp,3.142857142857143,27,6,GCTATTTTCGTGTGGAAGAG,21,3375245
ssnAp,0.2857142857142857,7,6,GCGTGGAGAACTGTGACCGC,1,3387752
ssnAp,6.714285714285714,52,6,GCGTCAAACAGCTTGATTTC,46,3365628
ssnAp,2.142857142857143,20,6,GCGGTGCGGGCTAGTGCAGC,14,3385859
ssnAp,3.142857142857143,27,6,GCGGATTACTGCGGGTGCGG,21,3375805
ssnAp,1.5714285714285714,16,6,GCGCGCCATACGGCTTTGTA,10,3362252
ssnAp,2.142857142857143,20,6,GCGATCTTGCACCTATGGGT,14,3386396
ssnAp,4.285714285714286,35,6,GCGAGTCCACTTTCCGGGTC,29,3368267
ssnAp,0.2857142857142857,7,6,GCCGTCACCGCGCCTGGACT,1,3369126
ssnAp,0.7142857142857143,10,6,GCCCAGATCGAGACAGGGCA,4,3381689
ssnAp,1.8571428571428572,18,6,GCCAGTTGCTGCTGTTTATA,12,3362854
ssnAp,6.285714285714286,49,6,GCAGACCAGATCACACTCTA,43,3383750
ssnAp,2.5714285714285716,23,6,GCAATTACCGCATTGAGTAT,17,3382790
ssnAp,6.428571428571429,50,6,GCAAGGTGCATGACATGTCA,44,3397031
ssnAp,1.2857142857142858,14,6,GATATTTTGTCTCACGAGTG,8,3399119
ssnAp,1.2857142857142858,14,6,GATAGTTAGGTCATTTGTGT,8,3367149
ssnAp,2.0,19,6,GAGTCCGCGGGAAATCTTTA,13,3363341
ssnAp,2.7142857142857144,24,6,GAGGAAGCACCGCATTACAA,18,3392573
ssnAp,1.1428571428571428,13,6,GAGAGCGGGTCGAAAACGCG,7,3387684
ssnAp,1.7142857142857142,17,6,GAGAATGACCGGTGGAGTGC,11,3391119
ssnAp,1.5714285714285714,16,6,GACGTCACACCACGCCCGTT,10,3361772
ssnAp,0.8571428571428571,11,6,GACACACCAGGTACGAATGT,5,3359916
ssnAp,2.5714285714285716,23,6,GAAGACGGGGCCACATAGTG,17,3402042
ssnAp,3.0,26,6,GAACTTTTATGCCTATGAGC,20,3386392
ssnAp,1.0,12,6,GAACCTTGCGCGCGTAGCCC,6,3359315
ssnAp,2.142857142857143,20,6,GAAAGCGTTTGAATTCCATC,14,3390594
ssnAp,0.2857142857142857,7,6,GAAAAAGCATGGCTCATAAA,1,3359751
ssnAp,0.2857142857142857,7,6,CTTTTTACCCAGTGGTTGGG,1,3371856
ssnAp,0.7142857142857143,10,6,CTTGGTTGGGTGATTCCACT,4,3397777
ssnAp,3.5714285714285716,30,6,CTTCGGCGAAGACCGAGTAC,24,3374835
ssnAp,2.5714285714285716,23,6,CTTATTCGGACGTATGAGAT,17,3398566
ssnAp,2.0,19,6,CTGTGGGCTATCTGGGCTCA,13,3369158
ssnAp,2.142857142857143,20,6,CTGTCCCTAAGCATGCACCT,14,3384389
ssnAp,0.2857142857142857,7,6,CTGTACCTCTGGACGACTAG,1,3371990
ssnAp,2.857142857142857,25,6,CTGGCGTTCGTGGTACACCT,19,3386011
ssnAp,5.428571428571429,43,6,CTGCGGTTGGCCCCTTAGCT,37,3374298
ssnAp,1.7142857142857142,17,6,CTCGGCATGCGACCAAATAT,11,3401930
ssnAp,1.4285714285714286,15,6,CTCCGTAGGTATCCCAAAAC,9,3379747
ssnAp,1.1428571428571428,13,6,CTCCACTCATGTGCGGTATA,7,3390288
ssnAp,1.5714285714285714,16,6,CTAGTGGTACGATCCTTGTG,10,3393783
ssnAp,1.2857142857142858,14,6,CTAGGGCGACTCCCCCGGTA,8,3362708
ssnAp,2.0,19,6,CTAAGCTTTGTACGCTTAGA,13,3379197
ssnAp,3.857142857142857,32,6,CTAAATTCAAAGGTTAAGCC,26,3388797
ssnAp,3.4285714285714284,29,6,CGTTTTCTATTGCCGGCTTA,23,3388711
ssnAp,3.142857142857143,27,6,CGTCTAGTGGAACAAATTCG,21,3359463
ssnAp,3.2857142857142856,28,6,CGTATATTAATAAGTGGGTC,22,3376529
ssnAp,5.0,40,6,CGTACCCCGGTTAATCCGTT,34,3386081
ssnAp,2.2857142857142856,21,6,CGGTCCGGAACACGGTTTGT,15,3372119
ssnAp,0.8571428571428571,11,6,CGGTCCCGGGCGTCGGTGAT,5,3382318
ssnAp,1.8571428571428572,18,6,CGCTTCTATTATCTCCCCTG,12,3370885
ssnAp,0.2857142857142857,7,6,CGCTCAGGTGGCAATGTGAC,1,3372653
ssnAp,2.5714285714285716,23,6,CGCGTACACTCCAGTAGAAT,17,3399356
ssnAp,1.1428571428571428,13,6,CGCCAGCATACGCTAGTGTT,7,3369597
ssnAp,2.7142857142857144,24,6,CGCATGTGGTTGGGATTCAC,18,3402954
ssnAp,4.428571428571429,36,6,CGCAGAAGCCGAAATCGAAA,30,3366295
ssnAp,0.2857142857142857,7,6,CGATCCGGAAGGTTTGGTAT,1,3397732
ssnAp,1.7142857142857142,17,6,CGAAACAAGGTTCCCCCGCG,11,3362610
ssnAp,2.5714285714285716,23,6,CGAAAAGGCAGCGCCGGTTA,17,3362513
ssnAp,2.5714285714285716,23,6,CCTTCTTTTGAAGTCTGGGG,17,3388464
ssnAp,2.857142857142857,25,6,CCTCTCATATGGGGTAGCAA,19,3378840
ssnAp,1.4285714285714286,15,6,CCTCATCGGTGCCGCTGCAA,9,3397372
ssnAp,2.2857142857142856,21,6,CCGTCTGTGCCTTGCGATGA,15,3371405
ssnAp,2.2857142857142856,21,6,CCGGATCGAAACTCACTACG,15,3388929
ssnAp,0.2857142857142857,7,6,CCGGACATTAGTAGGTGAGT,1,3369258
ssnAp,0.42857142857142855,8,6,CCGATATCCGTGTCTGCAAT,2,3390386
ssnAp,1.8571428571428572,18,6,CCGAACGCCCCGACACAGGT,12,3392748
ssnAp,3.5714285714285716,30,6,CCCTCTATTGTGTGCGCCCT,24,3392460
ssnAp,0.2857142857142857,7,6,CCCGTTTTACGAGGCAGGTA,1,3380601
ssnAp,0.2857142857142857,7,6,CCCCTTCAGAGCTGGCAGGA,1,3367828
ssnAp,1.4285714285714286,15,6,CCCCGCAGGAATCGCATCGT,9,3377008
ssnAp,0.2857142857142857,7,6,CCCCAGAAGCACGTATCGCG,1,3361060
ssnAp,2.142857142857143,20,6,CCAATGATCGTGGAACTAAG,14,3372513
ssnAp,0.2857142857142857,7,6,CCAATAGGGCTTTTAAGGCC,1,3380747
ssnAp,2.5714285714285716,23,6,CATAGGGGCAGAGGTGCTGG,17,3386346
ssnAp,3.0,26,6,CATAACGTGTCTTGCAAGCC,20,3377193
ssnAp,1.4285714285714286,15,6,CAGGCGAATGAAGGCGCGAT,9,3396904
ssnAp,0.8571428571428571,11,6,CACTTTACTTGCAGGAAGAT,5,3380251
ssnAp,2.2857142857142856,21,6,CACTTGGCTCCTGGCGACCG,15,3376834
ssnAp,3.7142857142857144,31,6,CAATTGGTGCGACTTCCTTT,25,3397246
ssnAp,2.2857142857142856,21,6,CAAGCTCTAGAATGGTCCTA,15,3376861
ssnAp,0.8571428571428571,11,6,CAAGACGCACCTTGCTTCAG,5,3391325
ssnAp,1.7142857142857142,17,6,CAAACGTTTCAACGGCTCCT,11,3383922
ssnAp,2.142857142857143,20,6,ATTAGCTGGATGACATTTGG,14,3366813
ssnAp,2.2857142857142856,21,6,ATGGGGGGAAGAGAGTCGGA,15,3389040
ssnAp,1.4285714285714286,15,6,ATGGGCCTCGCTGTCAATTA,9,3402186
ssnAp,2.5714285714285716,23,6,ATGGCGCTGTGTATCTTTAA,17,3392836
ssnAp,0.2857142857142857,7,6,ATGATTATAAAGTGCGACCC,1,3360244
ssnAp,0.2857142857142857,7,6,ATGATAGGGTGGTTGTGTAA,1,3402948
ssnAp,1.8571428571428572,18,6,ATGACCAGGTATCGAATCCA,12,3365333
ssnAp,2.7142857142857144,24,6,ATCTTTTGGGCAACTCACTC,18,3386877
ssnAp,1.4285714285714286,15,6,ATCTCCTATTGCGACCCGTT,9,3382513
ssnAp,0.7142857142857143,10,6,ATCCTGTCTTTCAACCGTTG,4,3364313
ssnAp,1.7142857142857142,17,6,ATCCAAATGAAGGTGGGAAC,11,3379483
ssnAp,0.8571428571428571,11,6,ATCATAGGTGAGGAATGATG,5,3376774
ssnAp,0.2857142857142857,7,6,ATCACAAGCAAATTGGTGTA,1,3367716
ssnAp,2.142857142857143,20,6,ATATTGCCTGTTACCCTCAT,14,3389861
ssnAp,1.4285714285714286,15,6,ATACGGCTGGGCACTATAAA,9,3374396
ssnAp,0.2857142857142857,7,6,AGTTACGGTTGAGTACCCAC,1,3361274
ssnAp,1.4285714285714286,15,6,AGTGGAAGTGATGGAGCCTG,9,3394791
ssnAp,3.5714285714285716,30,6,AGTCCAGTTAAGTTTATCGA,24,3371433
ssnAp,0.2857142857142857,7,6,AGGTGACTGTAATGCACCGT,1,3369786
ssnAp,1.2857142857142858,14,6,AGATGGTGCGACAGGTTTTC,8,3360968
ssnAp,0.7142857142857143,10,6,AGATCGTGATCTGTGAACTG,4,3396178
ssnAp,2.4285714285714284,22,6,AGAGAACCAATGCCTCTTGA,16,3370234
ssnAp,0.2857142857142857,7,6,ACTTGGGTCCCGCTAACAGC,1,3360847
ssnAp,1.4285714285714286,15,6,ACTATTAATTGAAGTACGTA,9,3366187
ssnAp,1.1428571428571428,13,6,ACTAGCTCCGAGATTTTCGA,7,3396142
ssnAp,0.42857142857142855,8,6,ACGGGGAGAAGGACCTAATG,2,3382113
ssnAp,1.2857142857142858,14,6,ACGCCAAACTGAAGGAGTAA,8,3359986
ssnAp,1.5714285714285714,16,6,ACCTTGAGCAGAGCTTAGAT,10,3384347
ssnAp,1.7142857142857142,17,6,ACCTTCGCTGACGTCTGGGT,11,3388461
ssnAp,2.5714285714285716,23,6,ACCTGGATCTGGATGTTTAG,17,3380643
ssnAp,4.285714285714286,35,6,ACCTCAGCGTGAGTAATCTG,29,3387841
ssnAp,1.4285714285714286,15,6,ACCGTGATGCACTTCCATGA,9,3365857
ssnAp,0.8571428571428571,11,6,ACCGCTCGTTCGTATGCATG,5,3390325
ssnAp,1.2857142857142858,14,6,ACCCCAGAGTTGGGTTTAAG,8,3378765
ssnAp,1.7142857142857142,17,6,ACCAACTATCAACGCGTATC,11,3374570
ssnAp,4.0,33,6,ACACAGGGCCAGAGAACTAG,27,3377854
ssnAp,0.8571428571428571,11,6,AATTCGGCCGTTTTTACGGT,5,3370984
ssnAp,0.2857142857142857,7,6,AATTAATGATCTACGAACGG,1,3378302
ssnAp,0.8571428571428571,11,6,AATGTCCATGGGTGCTCTCT,5,3383861
ssnAp,1.4285714285714286,15,6,AATGAAGATACTCCTCAAGG,9,3402666
ssnAp,1.1428571428571428,13,6,AAGTCTGAGTTTAAACAGAA,7,3374116
ssnAp,0.2857142857142857,7,6,AAGGCTTAGGCCGCAAACGT,1,3375549
ssnAp,1.7142857142857142,17,6,AAGATGGGCGTTACTGGCAA,11,3400922
ssnAp,0.42857142857142855,8,6,AAGATGGCTACTTTCCACTT,2,3368537
ssnAp,3.5714285714285716,30,6,AAGAGAGCACCGCCAATGGT,24,3367532
ssnAp,1.2857142857142858,14,6,AACTTCAGTTAATCGGCAGG,8,3377222
ssnAp,3.142857142857143,27,6,AACCGGGCTTACCCTGGAAT,21,3388549
ssnAp,1.7142857142857142,17,6,AACAGCATTCTATGGGTATA,11,3389401
ssnAp,2.857142857142857,25,6,AAATTGTCCAGTCCTGGGTC,19,3362645
ssnAp,2.2857142857142856,21,6,AAAGGCGTTTTCCGCGTAAT,15,3401541
ssnAp,1.2857142857142858,14,6,AAAGGAACAGCGTGCGAAGA,8,3389447
ssnAp,3.0,26,6,AAACGGTCGAATCGCCATCT,20,3387279
ssnAp,1.8571428571428572,18,6,AAACCTACTGTCACCAAAGG,12,3385913
ssnAp,3.4285714285714284,29,6,AAACATATTGACCCGCGGCC,23,3366250
ssnAp,2.8333333333333335,21,5,TTTTTCACAGGTTGTTGGGC,16,3382247
ssnAp,3.1666666666666665,23,5,TTTCCAGGGTTCCCATCTTA,18,3381845
ssnAp,1.8333333333333333,15,5,TTTCACGGTACTATGTCTTA,10,3394798
ssnAp,2.3333333333333335,18,5,TTTAGCTGCTTCGGTACTCC,13,3377186
ssnAp,1.1666666666666667,11,5,TTTACTGTTAGCAACAAACT,6,3399804
ssnAp,8.166666666666666,53,5,TTGGTTCAAAGTTCAAAGGG,48,3381477
ssnAp,2.5,19,5,TTGAGCGGCGGCTTCTTTTT,14,3374870
ssnAp,2.0,16,5,TTCGTACAGCTCCACATATA,11,3393827
ssnAp,7.166666666666667,47,5,TTCCTGACACCGGTATATTT,42,3402617
ssnAp,1.5,13,5,TTCATTCGTCCCTGGATACT,8,3381571
ssnAp,3.8333333333333335,27,5,TTCAACGCGTCGCGTGGTGC,22,3366719
ssnAp,5.833333333333333,39,5,TTATTCATATCCTCCCGCTG,34,3395767
ssnAp,0.6666666666666666,8,5,TTAGTTGGGGGTTTACCGGT,3,3360697
ssnAp,2.3333333333333335,18,5,TTAGTGACATGTGCGGACAC,13,3396107
ssnAp,4.0,28,5,TTAGCCTTCCGCTATTGATT,23,3397196
ssnAp,3.3333333333333335,24,5,TTAAGAATATATCGAAACGA,19,3391681
ssnAp,1.6666666666666667,14,5,TGTCGCAGAAGCAAAGGTAG,9,3391846
ssnAp,3.0,22,5,TGTCCATGCCTCAGACCTTT,17,3402378
ssnAp,3.5,25,5,TGTCCAGGTAGGCGACAAAG,20,3369443
ssnAp,3.5,25,5,TGGTCCGCGAATCATTGAAT,20,3383283
ssnAp,1.3333333333333333,12,5,TGGGATCAGGTGGAAGCCGT,7,3394916
ssnAp,2.3333333333333335,18,5,TGGCCTCCTGCTGTATTCGC,13,3396087
ssnAp,2.8333333333333335,21,5,TGGCACTCTGGACCGGCTCT,16,3372825
ssnAp,0.3333333333333333,6,5,TGCTTCCGAATTATATAGAA,1,3382520
ssnAp,2.3333333333333335,18,5,TGCTGCAATAAGATGAATAG,13,3402543
ssnAp,2.3333333333333335,18,5,TGCGTTATAATGGTCTCGTC,13,3361540
ssnAp,2.5,19,5,TGCGTCACATTCATGTTCAT,14,3397951
ssnAp,2.0,16,5,TGCACAATTCGCCATTTTTC,11,3394368
ssnAp,1.5,13,5,TGACAAACGTTAGGCGGTTT,8,3389887
ssnAp,0.3333333333333333,6,5,TCTTGATATGGATGGACAAA,1,3377122
ssnAp,3.1666666666666665,23,5,TCTTCGAACGGAAGCAGATC,18,3397880
ssnAp,2.8333333333333335,21,5,TCTGCTTAATACTCGCAAAA,16,3384843
ssnAp,3.1666666666666665,23,5,TCTGCAAACCATATCTATAG,18,3383698
ssnAp,1.1666666666666667,11,5,TCTCTTTCCTCATTCGTACA,6,3375336
ssnAp,3.1666666666666665,23,5,TCTCCTGCCGCGACACGGCT,18,3361131
ssnAp,0.3333333333333333,6,5,TCGGTTCTCGCGAGCGGCAG,1,3377400
ssnAp,2.0,16,5,TCGGATTAGGCTCAATTCAG,11,3360989
ssnAp,1.3333333333333333,12,5,TCGCGAGGATCTATGTACTA,7,3366526
ssnAp,8.166666666666666,53,5,TCATCATAAGCGTTTCCAGT,48,3369653
ssnAp,1.5,13,5,TCAACGAAACTAAGTTTCAA,8,3400656
ssnAp,1.5,13,5,TATTGACGCTAGGCAAACGA,8,3380259
ssnAp,2.8333333333333335,21,5,TATGGCCCAACCGGTAACGC,16,3374896
ssnAp,1.5,13,5,TATATCCGAATCGCCACATA,8,3361206
ssnAp,3.1666666666666665,23,5,TAGGTTTATATCAGGAATGT,18,3371888
ssnAp,3.5,25,5,TAGGAACGGCCGAATAGTCG,20,3399495
ssnAp,1.3333333333333333,12,5,TAGCCAATTGCGTAGCTCTC,7,3361645
ssnAp,3.1666666666666665,23,5,TAGACGAGACGGGGTGTTTC,18,3375177
ssnAp,1.1666666666666667,11,5,TACGTGTCAATCATCCCTCC,6,3369081
ssnAp,2.1666666666666665,17,5,TACGAGTTTATCCCAGGTGT,12,3387359
ssnAp,3.8333333333333335,27,5,TACAGCCAATTCATGTAGAT,22,3368391
ssnAp,1.5,13,5,TAATGCGTGTTGTGCAAGTG,8,3397459
ssnAp,0.6666666666666666,8,5,TAAGAAAATGAGTAGATGTT,3,3396337
ssnAp,2.0,16,5,TAACTCGCTCGGACAAAATT,11,3396521
ssnAp,2.0,16,5,TAACCGATCGAACTGGTAAA,11,3368335
ssnAp,1.6666666666666667,14,5,TAACAGGTCACCGGTTATCG,9,3379968
ssnAp,5.666666666666667,38,5,TAAAGGGACAGCGGACGAAG,33,3361438
ssnAp,2.8333333333333335,21,5,GTTGTGGGAGGCATGCATTG,16,3386791
ssnAp,2.3333333333333335,18,5,GTTGGCGGCCTGAATATGCC,13,3372004
ssnAp,2.1666666666666665,17,5,GTTAAAGCGTTATGCCAGTA,12,3368330
ssnAp,1.8333333333333333,15,5,GTGTATCCGGCCTCATGTAA,10,3399998
ssnAp,2.5,19,5,GTGGGGGTACTCTAATGCAA,14,3371340
ssnAp,1.6666666666666667,14,5,GTGCGTAATTATTGGTGACC,9,3393534
ssnAp,2.1666666666666665,17,5,GTGCCCCCGTACGTACTCTA,12,3394902
ssnAp,0.3333333333333333,6,5,GTGAGTATGCGGCCCTATAG,1,3376657
ssnAp,1.0,10,5,GTCTTCTTCGTTTGTCGTTA,5,3368641
ssnAp,6.0,40,5,GTCTCTCTAAACTGTGAGGA,35,3367097
ssnAp,1.0,10,5,GTCGCTAATGATTGCCGTGT,5,3363800
ssnAp,4.166666666666667,29,5,GTCCTGACTTGGCCCTCGTT,24,3384033
ssnAp,2.3333333333333335,18,5,GTATTGGTTCTTGCGGGAGT,13,3396444
ssnAp,0.3333333333333333,6,5,GTATTACATTGCCTACGGTA,1,3371076
ssnAp,1.3333333333333333,12,5,GTATCTCAGCCAAATTCCTT,7,3360419
ssnAp,2.5,19,5,GTAGAGGATGTAAAACTTAT,14,3386785
ssnAp,3.5,25,5,GTACTGATAGCTAGTTGCTT,20,3365224
ssnAp,2.6666666666666665,20,5,GTACAGCTTATCCTGGTGTC,15,3363306
ssnAp,0.3333333333333333,6,5,GGTTACGCCGACTACGACAT,1,3394445
ssnAp,2.6666666666666665,20,5,GGTGACTCAATGATTGCATC,15,3369973
ssnAp,2.8333333333333335,21,5,GGGGGAACTATTTTATCGGA,16,3392909
ssnAp,2.1666666666666665,17,5,GGGGATACGGTTAGGAATAC,12,3390578
ssnAp,3.0,22,5,GGGCAAGTACCGCCAATTTG,17,3388720
ssnAp,2.6666666666666665,20,5,GGGATAGCAACTCGGACCTC,15,3390845
ssnAp,3.1666666666666665,23,5,GGCTTCATGCCTTCAGGGCA,18,3394812
ssnAp,1.5,13,5,GGCACGCTTGAGAATGTTCC,8,3370728
ssnAp,1.5,13,5,GGCACGAACAGACGAACATG,8,3365130
ssnAp,2.3333333333333335,18,5,GGAGCTTGCATTCTTTTCAA,13,3369474
ssnAp,6.666666666666667,44,5,GGACTCTTTGGTCGAGCCAT,39,3397540
ssnAp,3.6666666666666665,26,5,GGACGGTAGCACGTCCAGTA,21,3395307
ssnAp,5.5,37,5,GGAAGTTGAATCCGGATTCG,32,3383748
ssnAp,2.3333333333333335,18,5,GCGGACGAGGCTTCAAGCCA,13,3381202
ssnAp,1.6666666666666667,14,5,GCGCCGCCCTCAGGGGTTTA,9,3383340
ssnAp,2.5,19,5,GCCGGCCGACGGGAATCTAA,14,3360411
ssnAp,3.6666666666666665,26,5,GCCGAAATTTTCTTCAGAAA,21,3364843
ssnAp,3.6666666666666665,26,5,GCCCGGATGCGCCCTAACCC,21,3394863
ssnAp,3.3333333333333335,24,5,GCCCGCATAAATACATAATT,19,3397894
ssnAp,3.1666666666666665,23,5,GCCCCCCGCTGTCCAGAGTA,18,3367340
ssnAp,1.6666666666666667,14,5,GCCCCCATTCGAGTCAACGA,9,3389416
ssnAp,3.3333333333333335,24,5,GCCCACGGTAGGGGTTTTAC,19,3389592
ssnAp,4.333333333333333,30,5,GCCCAACTCCCTATGTTGAA,25,3369605
ssnAp,0.3333333333333333,6,5,GCCACGGCACGAGCCTTCCT,1,3390996
ssnAp,0.5,7,5,GCCAAGCCAGGAAATGTATT,2,3383434
ssnAp,4.333333333333333,30,5,GCACTGAAACGCGAGTACAT,25,3390149
ssnAp,1.1666666666666667,11,5,GCACGTTCAACAATAGCGGT,6,3363989
ssnAp,2.3333333333333335,18,5,GCACGATTCGTACGCCCCAG,13,3401208
ssnAp,3.3333333333333335,24,5,GCACAGGATGGAGGTGACAC,19,3374192
ssnAp,0.3333333333333333,6,5,GCAAGTAACCTGTTTTTGAT,1,3377387
ssnAp,2.0,16,5,GATTTGTAACGTAATGACTG,11,3399257
ssnAp,0.3333333333333333,6,5,GATTTGCATGAATGGGTAGT,1,3401337
ssnAp,1.0,10,5,GATTGGGAGTTTATATATGA,5,3395665
ssnAp,2.3333333333333335,18,5,GATTGCTACATAAGATTCCA,13,3374700
ssnAp,3.1666666666666665,23,5,GATGTAGGATCCGGAGTCCC,18,3400576
ssnAp,3.5,25,5,GATGCCCACCCCAAACCCAC,20,3379928
ssnAp,2.6666666666666665,20,5,GAGTGGACTGGCCGTTAAGG,15,3386780
ssnAp,2.5,19,5,GACCGTCCGCCAGCTGAAGA,14,3359967
ssnAp,1.0,10,5,GACAAGTCAGATCATTAAAA,5,3377895
ssnAp,1.5,13,5,GAATTCTGTTAACAACTGCT,8,3389842
ssnAp,3.0,22,5,GAACACCGTTTATAGATTAC,17,3361449
ssnAp,3.0,22,5,CTTTTTTATATAATACAACC,17,3369194
ssnAp,1.5,13,5,CTGTTCCCACTCTGAGTTGA,8,3374422
ssnAp,1.3333333333333333,12,5,CTGATTTCGCAGTTGCGCAA,7,3396702
ssnAp,2.1666666666666665,17,5,CTCGGCCCAGACTCCTGTGT,12,3380703
ssnAp,2.1666666666666665,17,5,CTAGGCCCTCCTCAGCTCAT,12,3364678
ssnAp,6.166666666666667,41,5,CGTTAATATGAACATGGAGA,36,3401366
ssnAp,3.1666666666666665,23,5,CGGTCAGGGTTGGCGTCAGC,18,3374142
ssnAp,1.5,13,5,CGGCGCTCCTTGTTGATTAT,8,3399258
ssnAp,0.5,7,5,CGGCCTCGCGTTTAATACCA,2,3381033
ssnAp,2.1666666666666665,17,5,CGGAAGCGTTCTCATTCGCA,12,3374185
ssnAp,0.8333333333333334,9,5,CGGAAATTGTAGCCGATTCA,4,3391679
ssnAp,4.666666666666667,32,5,CGCTCCCAGATTAAGCGCCC,27,3384441
ssnAp,1.0,10,5,CGCCTGGATCAGGATACCAA,5,3402837
ssnAp,3.1666666666666665,23,5,CGCATAGAAGTCGCTAGAAA,18,3371939
ssnAp,3.6666666666666665,26,5,CGCACGGCGGACATCAGGAG,21,3393147
ssnAp,1.8333333333333333,15,5,CGAGAGTTAGCACCACAAGT,10,3377530
ssnAp,3.3333333333333335,24,5,CGACTTCAGCGGTGTTGACA,19,3396931
ssnAp,3.1666666666666665,23,5,CGACATGACACGCTCACGCT,18,3386803
ssnAp,2.6666666666666665,20,5,CGAATAGTCGCCTAAGCGAC,15,3369107
ssnAp,1.3333333333333333,12,5,CCTGGATATGATACTGCACC,7,3367396
ssnAp,1.8333333333333333,15,5,CCTGCCTTCATTTGGAAATA,10,3373529
ssnAp,2.0,16,5,CCTCTGTAGTGGCGTAGTAC,11,3391710
ssnAp,2.5,19,5,CCTCTAGGAACTTGCTCCGC,14,3396035
ssnAp,1.0,10,5,CCGTGAAATATCAAAGTATT,5,3372613
ssnAp,2.1666666666666665,17,5,CCGGTGGACGCCAAATGTTA,12,3359539
ssnAp,2.1666666666666665,17,5,CCGCCGTCACTAATACCAGT,12,3360413
ssnAp,1.1666666666666667,11,5,CCGAGCCCGGTATGCAGTCC,6,3394460
ssnAp,2.5,19,5,CCGAATGACGAATGTCATAT,14,3376143
ssnAp,2.3333333333333335,18,5,CCGAATCTCAAGCGCCTTAT,13,3367719
ssnAp,1.8333333333333333,15,5,CCGAACCAAATGCGGTGGAT,10,3376952
ssnAp,1.5,13,5,CCCTGTAGAACAGACCCCCT,8,3391330
ssnAp,1.8333333333333333,15,5,CCCTAACCTTAGGGCTCCCT,10,3362159
ssnAp,0.3333333333333333,6,5,CCCGACCGCGTTGAAGACAA,1,3375350
ssnAp,1.8333333333333333,15,5,CCCCCGGAGAGTGATAGTTA,10,3369000
ssnAp,0.6666666666666666,8,5,CCCCATCCATCCAAGAGTAT,3,3372191
ssnAp,2.1666666666666665,17,5,CCATACGCGCGCCATTGATT,12,3366411
ssnAp,2.0,16,5,CCAGAGGGGCTGGGCTAAAG,11,3391782
ssnAp,2.8333333333333335,21,5,CATCACATAAATTATGGCTT,16,3387301
ssnAp,2.1666666666666665,17,5,CATATTTTAAGACTGGGAGG,12,3375462
ssnAp,2.0,16,5,CATAGAGCGTATTTCACAAA,11,3391154
ssnAp,0.3333333333333333,6,5,CAGTCCTACTTCATTCAGTG,1,3378000
ssnAp,3.1666666666666665,23,5,CAGGTGCATAGATGGTTGTG,18,3392803
ssnAp,6.666666666666667,44,5,CACTGCAATTCGCTCCCCTA,39,3394507
ssnAp,1.6666666666666667,14,5,CAATACAAGAGTCCTCTGCA,9,3385276
ssnAp,2.5,19,5,ATTTGTCGCATGCCATGGCA,14,3399534
ssnAp,2.1666666666666665,17,5,ATTCCAATCGTGTATCGGGA,12,3400322
ssnAp,0.6666666666666666,8,5,ATTATGATCCATCCGAGACT,3,3401247
ssnAp,5.666666666666667,38,5,ATTAGAGGGAGGAAGTCTGC,33,3363885
ssnAp,0.3333333333333333,6,5,ATTAATCGAGTGCTCGTATT,1,3383993
ssnAp,2.6666666666666665,20,5,ATGAGACGTGGGTCATTCAT,15,3396592
ssnAp,8.0,52,5,ATGAAATTATGTATGTTGCA,47,3369261
ssnAp,2.1666666666666665,17,5,ATCTCGTTTATAAGACAATT,12,3394122
ssnAp,2.3333333333333335,18,5,ATCTCATCGAAACTGGTTCT,13,3383967
ssnAp,1.8333333333333333,15,5,ATCTACTTGCGAAGCGCAAT,10,3365026
ssnAp,1.1666666666666667,11,5,ATCTAACAACAAGGAATATC,6,3391760
ssnAp,6.0,40,5,ATCGTTCGAAGCGGCGTTTT,35,3363720
ssnAp,2.8333333333333335,21,5,ATCGTGATTTCCTTCGTACA,16,3379267
ssnAp,2.5,19,5,ATCGCTATGGGATATCCGGT,14,3387800
ssnAp,2.0,16,5,ATCCGGTAAATAGATGAATA,11,3397685
ssnAp,0.6666666666666666,8,5,ATCCGCCACGCCGAGAGCCC,3,3374366
ssnAp,2.8333333333333335,21,5,ATCATTCATCCCGCTTGCCT,16,3364235
ssnAp,2.8333333333333335,21,5,ATATAGGATAGTCAATCTTT,16,3371926
ssnAp,2.3333333333333335,18,5,ATAAAGTCCTAGTATATCCT,13,3397672
ssnAp,4.666666666666667,32,5,AGTTCACCGTGAAAGTGTAT,27,3401461
ssnAp,2.3333333333333335,18,5,AGTTAAGTTGGTAGATGCTA,13,3382445
ssnAp,2.8333333333333335,21,5,AGTCCTAGCCGGGTTGTAGC,16,3381106
ssnAp,1.5,13,5,AGGTGTCATTGCGGTCCTGG,8,3388090
ssnAp,0.8333333333333334,9,5,AGGTGGGGTCGTTAACCCCC,4,3391723
ssnAp,1.0,10,5,AGGTCTTCACGCCAGTCCTG,5,3375899
ssnAp,3.0,22,5,AGGGCAATCATGGCGCTAGT,17,3363261
ssnAp,1.5,13,5,AGGGATATGAGGGGGTTCGT,8,3389398
ssnAp,2.5,19,5,AGCAGTATGGTAGGTGTTAG,14,3378122
ssnAp,1.5,13,5,AGCAGAAGTGTGCTGTTGTG,8,3394728
ssnAp,2.5,19,5,AGATGGTGCCTTAAAGGATA,14,3394205
ssnAp,2.5,19,5,AGAGGCCCCGGGTAGCTGCA,14,3399695
ssnAp,3.1666666666666665,23,5,AGAAGCCGTCGCTGCACCTA,18,3378369
ssnAp,0.3333333333333333,6,5,AGAACGAGTGAGTGACGGAC,1,3389737
ssnAp,3.8333333333333335,27,5,ACTGAGGTGTTGGGTCACAA,22,3393581
ssnAp,1.3333333333333333,12,5,ACTAGCGTGCCTGAAAAACT,7,3402962
ssnAp,3.1666666666666665,23,5,ACGACACTGATCCAGGGAGT,18,3401602
ssnAp,3.0,22,5,ACCATACTTATACGACCCTT,17,3369197
ssnAp,2.8333333333333335,21,5,AATGTGGACCAATTTATTGG,16,3365385
ssnAp,3.8333333333333335,27,5,AATCGCGATAAATCAGCATT,22,3380129
ssnAp,6.833333333333333,45,5,AATCAATGATTGGTCCTCGG,40,3374671
ssnAp,1.5,13,5,AATCAAGATCTGGTATAGGG,8,3368722
ssnAp,2.1666666666666665,17,5,AATATCAGATGAGTCTCATC,12,3377959
ssnAp,0.3333333333333333,6,5,AATAGTTCCACTCGTGGCGT,1,3400304
ssnAp,2.1666666666666665,17,5,AATAATCTTCTGACTTAATG,12,3359434
ssnAp,3.0,22,5,AAGGACGGTCTTTCCAGTGG,17,3382765
ssnAp,1.1666666666666667,11,5,AAGCCGGCCCCTAATCGTCA,6,3359834
ssnAp,1.1666666666666667,11,5,AAGAACACGGGCGATGCAAT,6,3364835
ssnAp,3.1666666666666665,23,5,AACTTCGCAGACCGCTGCAA,18,3394505
ssnAp,2.1666666666666665,17,5,AACTCTGTGCGAGGGTGAAC,12,3360795
ssnAp,1.5,13,5,AACGTTAGACACGTTTTAGT,8,3376237
ssnAp,1.6666666666666667,14,5,AACGGTACTGAATTTAGCCA,9,3400816
ssnAp,1.8333333333333333,15,5,AACCTCCGCAATCGTGCCTA,10,3361836
ssnAp,1.8333333333333333,15,5,AACATCGCGAAAATGAGGCT,10,3375782
ssnAp,1.8333333333333333,15,5,AACAAAACATTCGTTGTGAA,10,3376863
ssnAp,1.0,10,5,AAATGCCTCACGTAGCTTGA,5,3379649
ssnAp,1.5,13,5,AAATCGACTCAAGCCATCGG,8,3379392
ssnAp,3.2,19,4,TTTTGTTAGCCATAAATAGA,15,3395465
ssnAp,2.0,13,4,TTTGATGACGTCAGCGGTTG,9,3381476
ssnAp,5.0,28,4,TTTCCCTCATGTCCAATGTG,24,3385885
ssnAp,1.6,11,4,TTGTTCACGGTGATGGCGCG,7,3375934
ssnAp,3.8,22,4,TTGTGTCCAGTATTCCATCG,18,3397013
ssnAp,1.8,12,4,TTGCATCGCAGAATATGCCA,8,3394488
ssnAp,2.8,17,4,TTGAGCATGAGTTCTGCAAG,13,3390485
ssnAp,0.8,7,4,TTCTGAAAATATCTTTTATA,3,3367078
ssnAp,3.2,19,4,TTCTAGTGTTTAGGCTCCAG,15,3398326
ssnAp,2.4,15,4,TTCAGAATCTCTCAATGGCT,11,3393443
ssnAp,3.0,18,4,TTAGTAAAGAATGAGACGAT,14,3385279
ssnAp,2.2,14,4,TTAGAATGCTACCATCGGTC,10,3369789
ssnAp,1.4,10,4,TTACTTAAACTGCGTGGATA,6,3394725
ssnAp,3.4,20,4,TGTTGCTTATGCGATCATTA,16,3379831
ssnAp,1.8,12,4,TGTGGCCATAAAAGGCACAC,8,3372175
ssnAp,3.8,22,4,TGTCTGACCGTATGCTTAGG,18,3368783
ssnAp,5.8,32,4,TGTATTACCACTGAAACGTA,28,3400850
ssnAp,2.8,17,4,TGTAAACGTGTAATTGAGAC,13,3378187
ssnAp,0.6,6,4,TGGTTGAGGCGGGGACACCA,2,3363607
ssnAp,3.4,20,4,TGGAACTTATAGCGTATAGC,16,3391151
ssnAp,0.4,5,4,TGCCGGGCAACAGCCCTTGC,1,3375465
ssnAp,2.6,16,4,TGCATAGTCGTCCCTGCACA,12,3395897
ssnAp,1.2,9,4,TGATGCGTCAGGCGGCAAGA,5,3369659
ssnAp,5.4,30,4,TGAGAACCCCTCCTAAGGCA,26,3393117
ssnAp,2.2,14,4,TGACACGTGTACCAGGAAAT,10,3400708
ssnAp,4.4,25,4,TCTACAGGGGGCCAACCGGT,21,3367342
ssnAp,2.2,14,4,TCTAAATTAGCGGATGCCCC,10,3392409
ssnAp,2.6,16,4,TCCTCATTTGTGTGCTACAG,12,3367325
ssnAp,2.2,14,4,TCCGAAGGGAGCCGCAATCG,10,3377996
ssnAp,1.6,11,4,TCCCCGTGCGGTCAACGGTC,7,3376056
ssnAp,3.4,20,4,TCCATAACGCGCCGCCCGTT,16,3394274
ssnAp,0.4,5,4,TCAGTAGCAAGAAATGCTCA,1,3396699
ssnAp,0.4,5,4,TCAAAGGAGGGGAACGTAGA,1,3382455
ssnAp,7.2,39,4,TATTGCCGTCCCCTCACGTT,35,3402071
ssnAp,1.4,10,4,TATCTCTTTTGTAATATCTC,6,3397478
ssnAp,2.6,16,4,TATACCCCCAGCAGACGCAG,12,3400909
ssnAp,0.6,6,4,TAGGATTACGATTTATTCCA,2,3374121
ssnAp,1.4,10,4,TAGCTTGCGTCAACGCAGTC,6,3366184
ssnAp,3.0,18,4,TAGCTAGCTATTAACGTGCG,14,3373573
ssnAp,4.0,23,4,TAGCGGTGTCCCAGAGTCAG,19,3367697
ssnAp,3.2,19,4,TACTGTGGGTCTACGTTCGG,15,3388802
ssnAp,1.6,11,4,TACTCTTCCCTGCTGAAGAA,7,3387616
ssnAp,1.8,12,4,TACGCGGTCGTCGCTGAATT,8,3399358
ssnAp,2.0,13,4,TACGCCTCGAGCTCAGTATG,9,3391734
ssnAp,3.2,19,4,TAAGGATGACCCATTTCCTA,15,3396669
ssnAp,2.2,14,4,TAACACTGTACGGGCATCCA,10,3383917
ssnAp,2.6,16,4,TAAACATCGTGGCTAACGGG,12,3385555
ssnAp,7.6,41,4,TAAAATAAGTCATCGATTAA,37,3390132
ssnAp,1.8,12,4,GTTATCTGGGAGTAGTCCAG,8,3383233
ssnAp,3.6,21,4,GTTAGCCTAGTATGTACCAT,17,3376255
ssnAp,1.2,9,4,GTGTTTAGGCCCGGATGCTT,5,3369420
ssnAp,4.8,27,4,GTGCATGACGCACACTCGGG,23,3401385
ssnAp,2.2,14,4,GTGCACCACGGTGGGGGCCT,10,3384652
ssnAp,3.2,19,4,GTCGCGGGCTTCAGAGGGGA,15,3389738
ssnAp,2.2,14,4,GTATTGGTCTATAAACTCCA,10,3376969
ssnAp,7.6,41,4,GTACCCCATACCTGTTTTAG,37,3374158
ssnAp,3.2,19,4,GGTGTTACTGTTCGCAGCCC,15,3392824
ssnAp,2.6,16,4,GGTGCTTGATACACCAGGCC,12,3373093
ssnAp,3.2,19,4,GGTCCGGGCATAGGGCTTCT,15,3381064
ssnAp,3.6,21,4,GGTATCATGAAAATGGGCGC,17,3377619
ssnAp,0.8,7,4,GGTACGCAGGATACGGTAAA,3,3398302
ssnAp,2.4,15,4,GGTAATAGTTCACAGTCTCG,11,3372072
ssnAp,2.8,17,4,GGGTAGCTTCGAACGCGTGC,13,3362511
ssnAp,3.2,19,4,GGGGAACTTTTGTATATGCG,15,3401070
ssnAp,1.8,12,4,GGGATTGGTTATGTCCTTGC,8,3363210
ssnAp,6.6,36,4,GGCTTGTAGGGTTACCTGTA,32,3368144
ssnAp,4.4,25,4,GGCTGCCATAGCGAACTTAT,21,3382755
ssnAp,4.8,27,4,GGCGCTTGCACCAGGAGTTG,23,3359216
ssnAp,0.8,7,4,GGCGACTCATTATGGGCCTC,3,3380867
ssnAp,4.4,25,4,GGCCTACGCGTCGTATATGA,21,3386284
ssnAp,3.0,18,4,GGCCGGGTCGCGCTAAACTT,14,3382868
ssnAp,1.2,9,4,GGCATAGAATCGCTCTCAGC,5,3383807
ssnAp,3.8,22,4,GGATTCGTGGGTCTATATGG,18,3401028
ssnAp,1.8,12,4,GGATCCGTGAACTCTTCAAA,8,3391546
ssnAp,2.2,14,4,GGACCTTATTCGTATTACGC,10,3389993
ssnAp,3.8,22,4,GGACCGCTCTAGCGAGAAGC,18,3371029
ssnAp,3.4,20,4,GGAATCAGGTGAAATCATCG,16,3371598
ssnAp,4.2,24,4,GCTGGAATTGATTACGTGAC,20,3392895
ssnAp,1.6,11,4,GCTCACGTCCAAGGAAAAGT,7,3373110
ssnAp,2.0,13,4,GCGCGTTAACGATGTTCGCT,9,3398536
ssnAp,7.4,40,4,GCGCGTAACCGAGACCCTTG,36,3375513
ssnAp,2.2,14,4,GCGCCAATCCGAGCTATAAT,10,3384076
ssnAp,1.4,10,4,GCGACAGAACCGGTGCGGCG,6,3363518
ssnAp,0.4,5,4,GCCGCGACATTTGGCACGGT,1,3393280
ssnAp,3.2,19,4,GCCATTATGATCACATTGGA,15,3373910
ssnAp,1.2,9,4,GCCAATGGTGGAATCCGGGG,5,3367717
ssnAp,4.4,25,4,GCCAACGCGTCCGATTGTGT,21,3385869
ssnAp,5.2,29,4,GCATTAACGTGGTCTTTTGC,25,3381577
ssnAp,4.2,24,4,GCAGTGTCTATCACCTAGTA,20,3390148
ssnAp,0.6,6,4,GCAGGCCTTGGGCAGACTGT,2,3361426
ssnAp,1.4,10,4,GCAACTTAGATCACCGTTGA,6,3384660
ssnAp,1.4,10,4,GATCTTTACTACAGACCCCT,6,3402025
ssnAp,0.4,5,4,GATCTCAGTTGCACAAACTG,1,3368188
ssnAp,2.4,15,4,GATCGCACACCGTTGATTTG,11,3377754
ssnAp,2.4,15,4,GAGTGTAGTGGGAACGGAGA,11,3369072
ssnAp,5.2,29,4,GAGGGAGAAGAACATTTGGC,25,3361557
ssnAp,3.0,18,4,GACCTGGTAGGTTTCGGCTA,14,3366014
ssnAp,1.6,11,4,GACCGGATTTTGAGTCTCCA,7,3399081
ssnAp,1.4,10,4,GACCCCAGTGTATCCAGACC,6,3382807
ssnAp,3.0,18,4,GACCAAATAATAATCGGCGA,14,3395370
ssnAp,2.2,14,4,GAATGCGTTGTAGGCCGCGG,10,3394015
ssnAp,0.8,7,4,GAAGGGCTCCACCCTCTATT,3,3377720
ssnAp,0.8,7,4,GAAGCCACCGCACCTCCGCC,3,3384139
ssnAp,3.4,20,4,GAACTGCCACTCCGATGAGA,16,3393968
ssnAp,3.8,22,4,GAACGAGTGAAGGTGGGGGA,18,3385193
ssnAp,0.6,6,4,CTTTCCAAACGCGTAGCGCT,2,3401364
ssnAp,2.8,17,4,CTTGTCACTTAACCGCCGGA,13,3388032
ssnAp,1.6,11,4,CTTCTGGACGGTGCGGTTGC,7,3378710
ssnAp,1.8,12,4,CTTAATCAGATTTTAGACGC,8,3398550
ssnAp,4.0,23,4,CTGTACTGTACGCACCGGTT,19,3377662
ssnAp,2.8,17,4,CTCTATTATATTTAGATCCT,13,3382102
ssnAp,7.0,38,4,CTCGCTTATCGCTATTCTTG,34,3372165
ssnAp,3.0,18,4,CTCGATAGGGACAATCGTCG,14,3395054
ssnAp,4.2,24,4,CTAGCGTGGGTCGTTCGCCA,20,3380536
ssnAp,2.2,14,4,CTAAAAGCAACATTATCGTT,10,3359630
ssnAp,2.4,15,4,CGTCTGCTGGCCAGGGCCTT,11,3368590
ssnAp,1.4,10,4,CGTCCCACCCCGACCAATCA,6,3393441
ssnAp,1.6,11,4,CGTACCCGCGTAACCTGTGT,7,3393570
ssnAp,2.8,17,4,CGGTTCAAGAGAATTCGCAG,13,3361892
ssnAp,3.2,19,4,CGGTGACCTCGCTTACAAAG,15,3380577
ssnAp,3.8,22,4,CGGTCGGCTCTATCGCCTCG,18,3397888
ssnAp,1.6,11,4,CGGTCGGAAGGAACGTAGGG,7,3376109
ssnAp,6.0,33,4,CGGTCAAAGCTAGTGGGATC,29,3368785
ssnAp,0.8,7,4,CGGTACAGGGTTGCATCAGG,3,3359667
ssnAp,2.0,13,4,CGCATTGAGCAAAATTCGGT,9,3397082
ssnAp,3.2,19,4,CGCATTCGTAATGATTTAGG,15,3361725
ssnAp,2.4,15,4,CGCAACCCAGTCACCGGTTG,11,3393919
ssnAp,4.8,27,4,CGACTGTGACATTTGGTCAC,23,3386684
ssnAp,3.4,20,4,CCTTTAGCAGTACTTGCAGG,16,3393922
ssnAp,2.6,16,4,CCTCTCGGGTAGGGGCTTAC,12,3363415
ssnAp,3.4,20,4,CCTACCGGTGCCGGCGTGTT,16,3394669
ssnAp,2.6,16,4,CCGTCGGCTCTCAGCGGCGA,12,3359447
ssnAp,2.4,15,4,CCGGCTCGCGCCTTTAACTC,11,3371695
ssnAp,5.8,32,4,CCGCTGTCAGGCTGGTGTAT,28,3363419
ssnAp,2.6,16,4,CCCTTAATTCAAAATCGAGG,12,3365517
ssnAp,2.4,15,4,CCCGCACCCGTACACCTTCG,11,3386297
ssnAp,1.2,9,4,CCCGACCTCATGTAGGAGAA,5,3390187
ssnAp,2.8,17,4,CCCCAAATTGCAGAGAACTT,13,3386248
ssnAp,3.4,20,4,CCATTGATAATCTTTGGTAA,16,3389808
ssnAp,1.6,11,4,CCAACGCGCTTACATTACAT,7,3396228
ssnAp,2.4,15,4,CATTCTATCGAATCCGGGCG,11,3391063
ssnAp,2.8,17,4,CATGCACGTATGTGGAAGCC,13,3378341
ssnAp,0.4,5,4,CATGAGAACGTAAAGTCCCC,1,3373935
ssnAp,1.2,9,4,CATATGTTGCTCCTGTGCGC,5,3374587
ssnAp,3.4,20,4,CAGAACCGGTTTGCCTGGTG,16,3374194
ssnAp,3.0,18,4,CACCAAATCCGTGTGGGGTA,14,3378756
ssnAp,3.2,19,4,CACAGTTCCATTCATGTCCT,15,3370802
ssnAp,2.6,16,4,CAATGTGCTTTCCCAAGGCG,12,3359496
ssnAp,3.6,21,4,ATTCTCAGACAGCGTGCCGA,17,3390473
ssnAp,0.4,5,4,ATTCTAGGCAGAGGTACGGT,1,3401987
ssnAp,5.6,31,4,ATTCGAAATGGACACGCCCT,27,3363482
ssnAp,2.8,17,4,ATTAAAATGGAGCAGGGGCT,13,3373157
ssnAp,3.2,19,4,ATGTATTGGCGGGCACAACG,15,3391005
ssnAp,0.4,5,4,ATGCCTTACATACCCCAGAC,1,3362916
ssnAp,3.6,21,4,ATGATCCGGGGGGTGCAATG,17,3390060
ssnAp,4.0,23,4,ATGAAACTCATCTTCGTGTT,19,3387492
ssnAp,0.8,7,4,ATCGCTGAAGGGAGGGTCCT,3,3398499
ssnAp,1.6,11,4,ATAGCATCTGGACTGTCGCA,7,3386363
ssnAp,0.4,5,4,ATAGAACGTTTCTCGCAAAC,1,3366239
ssnAp,2.6,16,4,AGTCTCACGGTTTTTGGGAA,12,3381440
ssnAp,2.4,15,4,AGTCCCGATTGATATTAAAG,11,3371817
ssnAp,3.2,19,4,AGTCATTTGTTTTCAAACTA,15,3386307
ssnAp,4.8,27,4,AGGTGTTTTGGGTAGCGCAT,23,3389451
ssnAp,2.4,15,4,AGGGAGGACCTTCTGTCAAT,11,3377494
ssnAp,3.6,21,4,AGGCGACTGCTCGCTCTGTG,17,3375013
ssnAp,3.6,21,4,AGGATGATGTATGGGAGTCT,17,3373496
ssnAp,8.6,46,4,AGCGTTGCACTTGAATATCG,42,3370686
ssnAp,4.0,23,4,AGCCGTCCTTACTCGAGCGT,19,3371635
ssnAp,1.6,11,4,AGCACGTAACGAATGTATGT,7,3389011
ssnAp,0.4,5,4,ACTTGTGTCGCTGGATGCAA,1,3365985
ssnAp,3.2,19,4,ACTGGTGCGATATAAATTCG,15,3380381
ssnAp,3.8,22,4,ACTGGCCGCACGGGTCCTGT,18,3365891
ssnAp,2.6,16,4,ACTGATACTCCACTATTTTG,12,3368047
ssnAp,0.4,5,4,ACTCGCTTGCTTAAGATTCT,1,3375423
ssnAp,4.8,27,4,ACGTGTCCGCTTCAGTCTCA,23,3377658
ssnAp,1.8,12,4,ACGTGCTTGCGAGCTCAAAT,8,3382654
ssnAp,1.6,11,4,ACGCCGATGGCTGCACCGAT,7,3395508
ssnAp,2.8,17,4,ACGCAGTATCGAGTAACAGA,13,3397281
ssnAp,1.2,9,4,ACCCAGGAGGATGCTGGGAA,5,3387460
ssnAp,5.6,31,4,ACCAACCAGCATGGCGCATC,27,3360451
ssnAp,0.8,7,4,ACAGTCGGTTCACCGTTCGG,3,3389007
ssnAp,1.0,8,4,ACAGGGGCGCACGGCCGGCG,4,3387595
ssnAp,3.4,20,4,ACACCTCGGAAAACTGCTGC,16,3388835
ssnAp,3.4,20,4,AATTCGGCACGGGACCTAAT,16,3387475
ssnAp,0.8,7,4,AATCTACGTAGGTGTGAAGG,3,3394574
ssnAp,1.2,9,4,AATAGTAGCAATTTCGGTCA,5,3379240
ssnAp,2.8,17,4,AATAGGTACTCCTTGCGCCA,13,3381687
ssnAp,3.6,21,4,AAGTGGAACCTTCTGCTATA,17,3369788
ssnAp,5.4,30,4,AAGGGGGGAGGGCCATAATT,26,3361233
ssnAp,2.6,16,4,AAGGACATCTGCAGGTATCG,12,3399645
ssnAp,3.8,22,4,AAGCTAGGATTGGGTCGGCA,18,3401301
ssnAp,1.8,12,4,AAGCGGCCTTTGAGTAGGTA,8,3390609
ssnAp,4.0,23,4,AAGACTTTGAAACGAATTTA,19,3390331
ssnAp,2.2,14,4,AACAGGGCGTTAAAAGCCGG,10,3388417
ssnAp,3.8,22,4,AACACTACAGTAGGTGAACA,18,3394352
ssnAp,3.8,22,4,AACACGATGGATTCGTTGTC,18,3365723
ssnAp,2.4,15,4,AAATGCAAGTGTTCCACTTT,11,3401999
ssnAp,1.0,8,4,AAATAGCGGTCGTCGTCCTG,4,3387056
ssnAp,2.8,17,4,AAAGCAGGAATGGCCGAGCC,13,3387583
ssnAp,8.75,37,3,TTTGCACTCTTGTTGTTCTT,34,3382227
ssnAp,3.0,14,3,TTTCGGAAGAATGGAAGCGG,11,3366852
ssnAp,4.5,20,3,TTTAGCCCCAATATTCACTA,17,3383914
ssnAp,3.5,16,3,TTTACCCGGGAAATAAGGGT,13,3364526
ssnAp,2.0,10,3,TTTAAAGAGGCCAAGCCCCT,7,3392899
ssnAp,4.25,19,3,TTGTTTCACTGATGCTCATT,16,3395049
ssnAp,1.0,6,3,TTGTGACTTCTAGCACTGCG,3,3362845
ssnAp,3.5,16,3,TTGTCATCCAAAACCAGCGA,13,3385444
ssnAp,8.5,36,3,TTGAGGTGTATACAATTGTA,33,3385807
ssnAp,1.25,7,3,TTCTTATCACCGGGATGGCT,4,3384167
ssnAp,4.25,19,3,TTCTCCACTCCTCCAGTCGT,16,3375376
ssnAp,7.75,33,3,TTCGGATACTTCCATACCGA,30,3394803
ssnAp,1.5,8,3,TTCCGTTGAACATATCTCAT,5,3373244
ssnAp,5.25,23,3,TTCCATCTGACCCCACTTTT,20,3396431
ssnAp,5.5,24,3,TTCAGTGATCATCGGGGCGG,21,3368177
ssnAp,2.75,13,3,TTCACATGTCCGCCAACCTT,10,3399481
ssnAp,7.25,31,3,TTACGTAGTGTCAGGTATCT,28,3393452
ssnAp,5.0,22,3,TTACCGACCTCATACGGGAA,19,3400480
ssnAp,2.5,12,3,TGTTCTAAGGTCATCGAGAA,9,3363781
ssnAp,0.5,4,3,TGTGGCTAAGTATGATTCTC,1,3389472
ssnAp,5.25,23,3,TGTATCAAACCGTGTTGTGA,20,3377118
ssnAp,1.0,6,3,TGTAGGTTGGGGAGATTAAA,3,3376645
ssnAp,3.75,17,3,TGGTCCGGCCGACGTGTAGA,14,3394209
ssnAp,5.0,22,3,TGGGGATCACGTGTTCCCGC,19,3396854
ssnAp,2.5,12,3,TGGCTCGGATTTACAGGGCT,9,3372674
ssnAp,1.75,9,3,TGGAGCGGAGCGCAAAAGTT,6,3387347
ssnAp,3.5,16,3,TGGACGTAGCATCAAATAAC,13,3377200
ssnAp,2.25,11,3,TGCCTACCCCTAAATCGACC,8,3369168
ssnAp,1.5,8,3,TGCCCTTACTCCGGTTATAC,5,3390137
ssnAp,8.0,34,3,TGCCCTATGGGAATAAGCGC,31,3359568
ssnAp,3.75,17,3,TGCATCAGGACCTGTACTTG,14,3363004
ssnAp,0.5,4,3,TGCACGTGAGCACCGGTATC,1,3371979
ssnAp,2.25,11,3,TGATGCATTGCGCGCCCATT,8,3372365
ssnAp,3.75,17,3,TGAGTCCGACTCTGGGCCGG,14,3374741
ssnAp,0.5,4,3,TGACTTGGTGCTGAGGACAC,1,3377541
ssnAp,0.5,4,3,TGACCTCGCCCATTACGGAG,1,3395501
ssnAp,4.25,19,3,TGACAGTGCGCAGGGTCATT,16,3389945
ssnAp,1.75,9,3,TCTTTGTAGCTGCGTACAAG,6,3397053
ssnAp,2.25,11,3,TCTCGCCTAGCCCCCTCAAG,8,3395584
ssnAp,4.75,21,3,TCTCACCGTGGCTATGTTAG,18,3402960
ssnAp,4.5,20,3,TCTCAACATTCACGGAACAG,17,3362866
ssnAp,1.25,7,3,TCGTTTGGGCTGTCGCATCC,4,3375585
ssnAp,4.75,21,3,TCGCTGCCGTTGGTAGGTGC,18,3365276
ssnAp,4.0,18,3,TCGCACGTATTCAGAAAACC,15,3375773
ssnAp,4.5,20,3,TCGCACATTAATTAATTGGC,17,3371740
ssnAp,2.0,10,3,TCGAAGTCGCCCGCCAGCCC,7,3370897
ssnAp,3.25,15,3,TCCGCTGAGTCATTCGACAT,12,3395440
ssnAp,4.5,20,3,TCCAGCTTTGGTGGGGGAGG,17,3383464
ssnAp,3.75,17,3,TCACAATTCGCCACGTCTAC,14,3371982
ssnAp,4.5,20,3,TCAACACCTGAGGAGCCGGG,17,3359429
ssnAp,3.5,16,3,TATTCGCATCAATAGGTACC,13,3378456
ssnAp,4.5,20,3,TATTATATGCCGTTAAACAG,17,3391517
ssnAp,3.25,15,3,TATTAAATAGTCATTCGTCA,12,3401487
ssnAp,3.0,14,3,TATGGTAGCTAGACCCTGGT,11,3389135
ssnAp,1.75,9,3,TATGGGGTACCTACTTGTAC,6,3387331
ssnAp,3.75,17,3,TATCGCTTTTCATTAGAATA,14,3367365
ssnAp,4.0,18,3,TATCCCTTATAGTGTCCCGG,15,3397730
ssnAp,2.75,13,3,TATCCATCTGTATGCGCAAT,10,3397159
ssnAp,3.0,14,3,TAGGTACGTCCAAGTTGTTC,11,3382886
ssnAp,0.75,5,3,TACTAATGCGAACGCCTCAG,2,3399083
ssnAp,7.25,31,3,TACGCGTGTCATGGGGCGAG,28,3373641
ssnAp,3.5,16,3,TACCGCACAGGGCACTCTAC,13,3381357
ssnAp,2.5,12,3,TACCCTTACCTGCCCAAATC,9,3372891
ssnAp,5.0,22,3,TACATATCTTTTTCGATGAA,19,3380565
ssnAp,3.75,17,3,TAATCGGTCGAGAACTCACA,14,3361084
ssnAp,5.0,22,3,TAACTGATCTCCGTTGTGTA,19,3390800
ssnAp,2.5,12,3,GTTCCCTGGAGACCGAGTGA,9,3377700
ssnAp,0.5,4,3,GTTATCGATAACATCTCGAG,1,3397741
ssnAp,4.0,18,3,GTGATTAGTGAATGCTAAGG,15,3389248
ssnAp,5.5,24,3,GTCGGCCCTTATAGACTGGC,21,3383956
ssnAp,3.0,14,3,GTCGATACTAATGTCCATGA,11,3380978
ssnAp,4.25,19,3,GTCCGCAACTTTTTTGATCA,16,3385608
ssnAp,0.5,4,3,GTACACTGCCGCAATCGCGA,1,3395597
ssnAp,1.0,6,3,GGTTGGCACACCGCTGCCAA,3,3401603
ssnAp,0.5,4,3,GGTGGGATTATTTTACCAGG,1,3379770
ssnAp,1.25,7,3,GGTCGTGACGCCGCTTCATA,4,3394984
ssnAp,4.0,18,3,GGTCGATTTGAGAGGTTCTC,15,3364030
ssnAp,0.5,4,3,GGTAATTTCTCTCCTGCATT,1,3398030
ssnAp,3.75,17,3,GGGTGACCATGATAAGAATT,14,3367214
ssnAp,2.0,10,3,GGGGTATTAAGGGCCCTCTA,7,3389614
ssnAp,5.0,22,3,GGGCTCTTCCAAGTACCATT,19,3377117
ssnAp,1.25,7,3,GGGCGATGGCTTCCGCCCAT,4,3370031
ssnAp,4.0,18,3,GGGATTTTCGGGTGTTCAAA,15,3364953
ssnAp,3.75,17,3,GGCTTCTCTTTAACGCTCTT,14,3370375
ssnAp,3.5,16,3,GGCTTAATGTACACAACGTC,13,3371236
ssnAp,2.25,11,3,GGCGGATGGACTCTGATGCT,8,3401115
ssnAp,5.75,25,3,GGCACACTGACCTAACCCGT,22,3368308
ssnAp,9.25,39,3,GGAACGCTATGCCCAAACCG,36,3376024
ssnAp,1.75,9,3,GCTTGGGAAGTCTTCACAAA,6,3398081
ssnAp,1.5,8,3,GCTGTCGGTCGTTACGGCGT,5,3366910
ssnAp,4.75,21,3,GCTGAGGTGTAGGTCTAGTA,18,3362755
ssnAp,0.5,4,3,GCGTTCACAGAGATCCGGTT,1,3371061
ssnAp,3.5,16,3,GCGCCTAATTCGCTCTATAT,13,3367008
ssnAp,7.5,32,3,GCGCACAAACTCCCGCTGGT,29,3362957
ssnAp,5.5,24,3,GCCTGTGATGGGGCTAGGAG,21,3382685
ssnAp,3.0,14,3,GCATGTAGCCTGTAAGTGTC,11,3385703
ssnAp,4.25,19,3,GCAGTTACGAAGCCATGGCT,16,3390289
ssnAp,4.25,19,3,GCAGCGGGCAACTCGGAAGC,16,3374600
ssnAp,0.5,4,3,GCAGATCCTTACAGGACTGT,1,3389956
ssnAp,3.25,15,3,GATGTCGTAGCTTACTATAG,12,3385620
ssnAp,2.75,13,3,GATCGCGCAACTACCGGAAT,10,3374434
ssnAp,4.5,20,3,GATCAAACCTGAAACGTGAA,17,3398104
ssnAp,2.25,11,3,GAGTGTGCTTACGAGAGAGT,8,3367251
ssnAp,6.0,26,3,GAGTCAAGTCTAGCGGCTTT,23,3359228
ssnAp,3.5,16,3,GAGCGCCAATTTTTCTCGGT,13,3395430
ssnAp,3.0,14,3,GAGATGGGACCGACGAGTTG,11,3389921
ssnAp,3.75,17,3,GAGAGCGCCGCTTAAGCGTG,14,3365796
ssnAp,3.75,17,3,GACTCTTCGGCGCGTCTTCC,14,3381900
ssnAp,2.5,12,3,GACCTTGTTCTGAGTTAGGA,9,3369291
ssnAp,5.25,23,3,GAACATTGCTCCCCAGCACT,20,3386303
ssnAp,4.0,18,3,CTTGGCCGAGCGGGGCTGCG,15,3384305
ssnAp,4.75,21,3,CTTCTTTGGGCTGACCTCCC,18,3376373
ssnAp,6.75,29,3,CTTCGCATGTCCCGGGGAGT,26,3363925
ssnAp,5.75,25,3,CTGTCACTTAGCCTCACCCT,22,3371890
ssnAp,4.25,19,3,CTGGGGGCAATAAGTAGCGT,16,3390986
ssnAp,3.75,17,3,CTGGCTTTGGCGGGACAGGC,14,3389392
ssnAp,2.75,13,3,CTGGAGCACAATCCGCACAT,10,3380682
ssnAp,4.75,21,3,CTGCTCGAACCTTGCGCGCT,18,3380194
ssnAp,4.75,21,3,CTGAGCCTCCTGTTAAACTA,18,3395687
ssnAp,6.25,27,3,CTGACCGCGGTGAGCGTTTC,24,3399026
ssnAp,6.75,29,3,CTCTTAGAAGGGGGGTTAAT,26,3391480
ssnAp,3.5,16,3,CTCCGTGCGGTAGCTTTCAA,13,3400275
ssnAp,1.0,6,3,CTCCGCCACCTTGACTGTTC,3,3389890
ssnAp,0.5,4,3,CTCAAATGATCCTGGAGAAG,1,3392278
ssnAp,1.5,8,3,CTATCGTCTGGCTTGTCGCA,5,3386689
ssnAp,1.75,9,3,CTATCACTTTGGGACGTCTA,6,3382504
ssnAp,1.5,8,3,CTAGGTAGGGACACTGCTAC,5,3368879
ssnAp,2.25,11,3,CTAGGATATCGACAGATACA,8,3383742
ssnAp,1.0,6,3,CTAATGGAGTTCCACACGAT,3,3372753
ssnAp,2.5,12,3,CGTTTCCCTCACGCACGCTC,9,3368491
ssnAp,2.75,13,3,CGTGAGAAGACGGTGATTTC,10,3374081
ssnAp,6.0,26,3,CGTACTTGGTACAACTGTAA,23,3388729
ssnAp,0.5,4,3,CGGTGGTATTACGATACCTG,1,3367015
ssnAp,0.75,5,3,CGGGCTACCACGCAATTTCC,2,3388363
ssnAp,4.5,20,3,CGGCGTCCGTTGACTCTTAT,17,3384088
ssnAp,2.75,13,3,CGGCCTTCCGGTGACAGGCC,10,3369234
ssnAp,0.5,4,3,CGGCCAGACTGATACCCGAC,1,3374465
ssnAp,2.0,10,3,CGCCTTAGACCCTCACCACT,7,3388054
ssnAp,4.0,18,3,CGCAACTAGGCCTCATGCTA,15,3363409
ssnAp,3.5,16,3,CGAGCCGGGATCAATAGGAT,13,3381541
ssnAp,2.25,11,3,CCTGCAGAGCTCAGGGAGGC,8,3399120
ssnAp,3.0,14,3,CCTACGGTCTTTTCCTTATC,11,3384031
ssnAp,1.5,8,3,CCTAACGGGTGCAGCTATAA,5,3382558
ssnAp,5.0,22,3,CCGGTGAAGGTCCCAGGCGC,19,3379774
ssnAp,1.0,6,3,CCGGACACTGGTTTCCATAA,3,3402861
ssnAp,0.5,4,3,CCGCGCCAGAGAGGAATGCT,1,3379143
ssnAp,4.75,21,3,CCCGAACGCAATGCCAAACC,18,3378948
ssnAp,4.5,20,3,CCCCATATATGGACGGCCGA,17,3382825
ssnAp,4.0,18,3,CCCACGCGGAGGTGCAGTAC,15,3369866
ssnAp,1.25,7,3,CCCACAGAATCGCAGTCGGC,4,3363493
ssnAp,2.75,13,3,CCCAATCACCTGGAGTCTAT,10,3363418
ssnAp,2.75,13,3,CCATGCCTGTACTGCGATAC,10,3400842
ssnAp,2.0,10,3,CCAGTTGTGGGTATGACGCA,7,3384018
ssnAp,2.75,13,3,CCAGGACACAGTACGCGTCT,10,3385725
ssnAp,3.75,17,3,CCAGCCGTACGTTCTAGACC,14,3398597
ssnAp,5.5,24,3,CCACAGTTCTATATCATTGC,21,3401974
ssnAp,4.25,19,3,CCAATAGAGTGTCGGGCTCA,16,3376438
ssnAp,3.25,15,3,CATTAGGTTTAGGTCTGATT,12,3389132
ssnAp,12.5,52,3,CATAATGCGATCATACAGTT,49,3391408
ssnAp,6.0,26,3,CAGGTCGCGTAGGGAGTTTA,23,3372282
ssnAp,2.0,10,3,CAGGGAGCAAGTAGTGTTCT,7,3396736
ssnAp,0.5,4,3,CAGCGGTATTGCTCCTCATC,1,3366491
ssnAp,4.25,19,3,CAGAGCGTTTAACACGGTTA,16,3373637
ssnAp,2.25,11,3,CAGAATCCCTACAGATCATC,8,3359308
ssnAp,0.5,4,3,CACTCGGTAATGGTCAACTT,1,3362596
ssnAp,3.75,17,3,CACGTGGTATAACGTGTGAT,14,3401649
ssnAp,0.5,4,3,CACGATTAGTCGGGTTTGGC,1,3389503
ssnAp,3.0,14,3,CACCTAAATCTCCCCGGTGA,11,3374013
ssnAp,4.0,18,3,CACCGTCGCTGGGCTCATAC,15,3378081
ssnAp,1.5,8,3,CACATCGAGCGGTTAACTGT,5,3401775
ssnAp,3.5,16,3,CACACACGCGGTTCTCCCCA,13,3369803
ssnAp,1.75,9,3,CAAGTTACACAGTTGGAAGC,6,3367201
ssnAp,1.5,8,3,CAAAAGCAGCCAGACGTCCA,5,3381229
ssnAp,6.0,26,3,CAAAAAGTGCACTGAAAATC,23,3388277
ssnAp,2.5,12,3,ATTCGGTACGTCTCATTCAT,9,3382674
ssnAp,5.0,22,3,ATTCCCACAACTTTCAAACG,19,3387043
ssnAp,4.0,18,3,ATGTAGATGCTACTGGCGTT,15,3367539
ssnAp,4.0,18,3,ATGGGGTGTCTGGCGCTGTT,15,3384074
ssnAp,6.0,26,3,ATGCCGTAAGGTGACTCTCT,23,3367511
ssnAp,0.5,4,3,ATGAGATAAAGGTTCATGTG,1,3400942
ssnAp,4.0,18,3,ATGAAGTTACTAACCGATTA,15,3393060
ssnAp,2.75,13,3,ATCGCGCGAGGGACTATACT,10,3400917
ssnAp,3.5,16,3,ATCCTTCAGACCATGGTTCA,13,3393884
ssnAp,5.0,22,3,ATCATCCGATACGCCCCGAT,19,3375544
ssnAp,8.25,35,3,ATATCTTACGCTTTCTCTGA,32,3400948
ssnAp,3.25,15,3,ATATCGTGTTGTCGTCCCGG,12,3386255
ssnAp,3.75,17,3,ATAGCCGGCCCGGAATGCAG,14,3373198
ssnAp,3.75,17,3,ATAAAGCAATGCCTTAGAGA,14,3367771
ssnAp,2.5,12,3,AGTGGGGCAACCTTATGCGA,9,3364376
ssnAp,1.75,9,3,AGTGCAGCAGTCTCGTTCCC,6,3402229
ssnAp,4.0,18,3,AGTACTTTGTCTCTAAATGC,15,3365634
ssnAp,0.5,4,3,AGGTCACGGCGGCATCCATA,1,3378760
ssnAp,2.25,11,3,AGGCGTTAATAGGGGCAGAT,8,3371739
ssnAp,3.75,17,3,AGGCCCATAGATAGCAGGAG,14,3362196
ssnAp,4.0,18,3,AGGCAACCCGCGTAGATTCG,15,3374222
ssnAp,3.0,14,3,AGGAAACGTCGTGAACTTAT,11,3360974
ssnAp,3.75,17,3,AGCGTCGTGCAAGGCGTATA,14,3380042
ssnAp,5.25,23,3,AGCGGGTTCCTACGTATATT,20,3366082
ssnAp,5.5,24,3,AGCGGATCTCCAGAATACGG,21,3398705
ssnAp,1.5,8,3,AGCCTCCGCACCTTGTCTAC,5,3386902
ssnAp,8.0,34,3,AGCATTTCTTTAAACAACTA,31,3385785
ssnAp,0.75,5,3,AGCATCAGGAGCATCTCGTT,2,3402622
ssnAp,4.75,21,3,AGCAGAGGGTCAGAAGGTCT,18,3363130
ssnAp,0.5,4,3,ACTCCGAATAGGAAAGGCTC,1,3393159
ssnAp,1.5,8,3,ACTCACGGGTGCCCGAATTC,5,3381929
ssnAp,2.25,11,3,ACTAGATACTCGTGCGGATT,8,3387785
ssnAp,4.75,21,3,ACGTTTATCCTCGGCCTTTA,18,3379646
ssnAp,11.75,49,3,ACGTTCGCCTGGGAAAGTTG,46,3369991
ssnAp,2.25,11,3,ACGTATATAGATCCTCTGGC,8,3375743
ssnAp,10.0,42,3,ACCTCTATATGAACGCAATG,39,3383694
ssnAp,2.0,10,3,ACCGCAAGGGGTCTATTCGT,7,3385098
ssnAp,4.75,21,3,ACCCTCCTATCCTGGTCCCG,18,3365158
ssnAp,3.0,14,3,ACCCTCAGAACTTTCCCTTT,11,3396539
ssnAp,2.25,11,3,ACCAATAGCGGCCATGTACG,8,3382703
ssnAp,1.5,8,3,ACCAACAATGGCGCAGTTGT,5,3398843
ssnAp,2.5,12,3,ACAGTAAGGCTCTGCGTGAC,9,3371700
ssnAp,4.0,18,3,ACAGATACGATTCATGTGCA,15,3370155
ssnAp,0.5,4,3,ACACCATTTGGATCGCACAC,1,3369036
ssnAp,1.0,6,3,ACACAAACGGCTGCGGGCAA,3,3384535
ssnAp,9.5,40,3,ACAATTACATAGACGCAACC,37,3359470
ssnAp,2.25,11,3,AATTAGTCTGATGTTATCCA,8,3373233
ssnAp,2.75,13,3,AATCCAAGAGAGGGACCCCC,10,3378900
ssnAp,4.5,20,3,AAGTCATCTAGCCGGTTAAA,17,3381590
ssnAp,3.5,16,3,AAGGTGTTAGCTACTCCGGG,13,3393438
ssnAp,4.75,21,3,AAGGGACGCAAGGTTAGAGA,18,3365624
ssnAp,3.25,15,3,AAGGATTACTGGGCTGTGTA,12,3396124
ssnAp,11.25,47,3,AACTTAACGGCGCGGTCAAC,44,3370393
ssnAp,1.25,7,3,AACTATATATTGTTTCGCTG,4,3367781
ssnAp,5.0,22,3,AACGTGGTTTTAAGCCATCT,19,3392714
ssnAp,2.5,12,3,AACGTACGAGGCTCCAGCTG,9,3394110
ssnAp,4.25,19,3,AACATTAATAGGGTGTTTAG,16,3374266
ssnAp,0.5,4,3,AAAGGTTATCTCTAGGAAAA,1,3373397
ssnAp,4.25,19,3,AAAGGAAAATCTCCACTAAT,16,3379393
ssnAp,2.0,10,3,AAACGGACCTTCTGGGAGAC,7,3390179
ssnAp,8.75,37,3,AAAAGGCTTGCGTGTGGATA,34,3391201
ssnAp,0.75,5,3,AAAACGGGTCCAAGGAGGTA,2,3395923
ssnAp,4.0,13,2,TTTCTCCCTGTTTTTTATGT,11,3385185
ssnAp,6.333333333333333,20,2,TTGTATATGCATGCTATGTA,18,3394650
ssnAp,3.3333333333333335,11,2,TTGGATACCGGCACACGCGT,9,3362412
ssnAp,6.333333333333333,20,2,TTGCCTGGCGTAAGGATGAA,18,3363381
ssnAp,3.0,10,2,TTGCACCTCATCAATTGACG,8,3394206
ssnAp,8.333333333333334,26,2,TTGAACCGTGCACTGTTGAA,24,3395910
ssnAp,5.666666666666667,18,2,TTCTATTGCTAACAGAAAAT,16,3401753
ssnAp,4.333333333333333,14,2,TTCGGTCCATAGTAGACTCC,12,3382836
ssnAp,2.6666666666666665,9,2,TTCGAGTCACATTCCTTCTG,7,3372480
ssnAp,6.333333333333333,20,2,TTCCTATAGATGCGCGTGGT,18,3370318
ssnAp,13.0,40,2,TTAGTGGTTCCAGCACACTC,38,3361450
ssnAp,2.6666666666666665,9,2,TTACTGAAGGGGTCCAGGAC,7,3376483
ssnAp,1.6666666666666667,6,2,TTACGAACAGTGACGAGGTC,4,3388321
ssnAp,4.333333333333333,14,2,TTAAGAATCCAATTAACCTT,12,3390423
ssnAp,4.666666666666667,15,2,TTAACCAGCCTCTGTATTGC,13,3381379
ssnAp,0.6666666666666666,3,2,TGTTGCCGATGGGTCGGAGA,1,3402478
ssnAp,6.666666666666667,21,2,TGGGTGTAACCATCCGGCGG,19,3362463
ssnAp,4.0,13,2,TGGGCGAACCGATGCAAATT,11,3401750
ssnAp,2.6666666666666665,9,2,TGGCCGGAACAGTCGAAGAG,7,3360086
ssnAp,5.0,16,2,TGGCAGGGAATGCCAGCCCT,14,3360015
ssnAp,1.6666666666666667,6,2,TGCAAACATAGCAAGTTCCT,4,3360668
ssnAp,1.0,4,2,TGATCCATGGTACGACCGTC,2,3364016
ssnAp,1.6666666666666667,6,2,TGATCATTGAATTAGTGTGT,4,3359906
ssnAp,4.666666666666667,15,2,TGAATGTTCTACTACTAACT,13,3359426
ssnAp,1.3333333333333333,5,2,TCTTTTCCGTGTAGGAGGCA,3,3376701
ssnAp,6.0,19,2,TCTTATAAAGCGGAGCAATT,17,3375476
ssnAp,2.3333333333333335,8,2,TCTGTTTAGCGGACGATAGG,6,3385640
ssnAp,5.0,16,2,TCTGAGACTTGCTGAATCCC,14,3386130
ssnAp,5.666666666666667,18,2,TCTGACTCCATCCTCTACAG,16,3374556
ssnAp,6.333333333333333,20,2,TCTGAAGGGGGTAACGAGCG,18,3368531
ssnAp,4.0,13,2,TCTAACTATTCGTATCAACT,11,3377437
ssnAp,4.0,13,2,TCGTGGACTCACCAAACAGG,11,3378755
ssnAp,7.333333333333333,23,2,TCGGTATACTCCCACTGGAC,21,3378964
ssnAp,8.333333333333334,26,2,TCGGCGGAATGCTGCTCGGG,24,3367685
ssnAp,4.0,13,2,TCGGAGTGGATCTTCGGGCA,11,3375480
ssnAp,0.6666666666666666,3,2,TCGCTTAGCCGTATTTTCTA,1,3384342
ssnAp,3.0,10,2,TCGCGATATGGGATTAGCTG,8,3366948
ssnAp,5.0,16,2,TCGCCGTCATGGTATTGAGG,14,3387356
ssnAp,3.6666666666666665,12,2,TCGCCCACCATCGAGGAGCT,10,3393608
ssnAp,16.0,49,2,TCGATGGAAATTAACATTTC,47,3363808
ssnAp,6.0,19,2,TCGAGGTATCTCGGCCTCAA,17,3387680
ssnAp,5.0,16,2,TCGAAGATGCGGGGATAGGG,14,3376184
ssnAp,3.3333333333333335,11,2,TCCGCACATAAGGCTGCAAT,9,3399610
ssnAp,8.666666666666666,27,2,TCCCGATTAGGTTGAACTAA,25,3366480
ssnAp,2.3333333333333335,8,2,TCCAGATAGACGTCGAGCTA,6,3362599
ssnAp,8.666666666666666,27,2,TCAGCAGGTGGCTTACTCAT,25,3360377
ssnAp,2.3333333333333335,8,2,TCACCAGTTGCATTCCCCAT,6,3381226
ssnAp,2.6666666666666665,9,2,TCAAAGTTCCATAAGGCGGA,7,3365139
ssnAp,3.0,10,2,TATTGTCCGTTACGCACGTC,8,3378331
ssnAp,5.333333333333333,17,2,TATGCTATATGCCAATCGGA,15,3377153
ssnAp,4.0,13,2,TATGCCTACCCCGCAGTTTT,11,3376692
ssnAp,1.3333333333333333,5,2,TATCCTGAATAGGTTCAAAG,3,3380575
ssnAp,5.333333333333333,17,2,TAGCCTAGGCTGCCGTTTAG,15,3382406
ssnAp,6.333333333333333,20,2,TAGCAGAGCCATTCGCCCTG,18,3359913
ssnAp,3.0,10,2,TAGAGATTGTCTGGGTCATT,8,3385534
ssnAp,0.6666666666666666,3,2,TACCTAATAACCCGTAGAAT,1,3383910
ssnAp,6.0,19,2,TACACTGGTCAAGACTTGTG,17,3375810
ssnAp,10.333333333333334,32,2,TAATTGAAAGCAGGTGTAAT,30,3390782
ssnAp,3.0,10,2,TAATATCAGGATCTTTACGG,8,3362107
ssnAp,3.6666666666666665,12,2,TAACGTTACTTACCCCCCTT,10,3388828
ssnAp,4.333333333333333,14,2,TAACGCGACCGTGTACATTC,12,3371730
ssnAp,5.333333333333333,17,2,TAAATTACAAGTGGGGATTA,15,3367527
ssnAp,5.666666666666667,18,2,TAAACCTTAAGACTCTTACA,16,3372209
ssnAp,4.333333333333333,14,2,GTTTCAGGTACGTAGTGTGT,12,3378508
ssnAp,3.0,10,2,GTTTATTGAGTGGGGAGATG,8,3401300
ssnAp,5.666666666666667,18,2,GTTTACCTCGACTGTCCGGG,16,3372852
ssnAp,4.333333333333333,14,2,GTTATAGTGGCGTAGAGATC,12,3368444
ssnAp,0.6666666666666666,3,2,GTTAGACGATACCGCGGTGT,1,3363776
ssnAp,7.0,22,2,GTGTGGTTTTCCTGAAGACG,20,3381926
ssnAp,4.0,13,2,GTGGGTTCGGCCTTCGGGTC,11,3394951
ssnAp,2.6666666666666665,9,2,GTGGGCCGTGATGAATCATA,7,3385993
ssnAp,2.0,7,2,GTCTTGGACCACCATTTACA,5,3395970
ssnAp,5.666666666666667,18,2,GTCTCACGCGAGTATGCCTA,16,3382547
ssnAp,0.6666666666666666,3,2,GTATGGCGGTACACAGAGGA,1,3375826
ssnAp,9.333333333333334,29,2,GTATCGCGATTACAATGCCT,27,3365183
ssnAp,2.3333333333333335,8,2,GTAGGTAGAGATGGGTTATG,6,3398826
ssnAp,13.0,40,2,GTACCTTTGTTAATGTGGAG,38,3376335
ssnAp,3.6666666666666665,12,2,GGTTGCCCCCGGGTTCATCG,10,3386991
ssnAp,4.333333333333333,14,2,GGTGCAAATGTAAGTACAGC,12,3402587
ssnAp,2.3333333333333335,8,2,GGTCGTCTGCCTGAGTAGTT,6,3382801
ssnAp,0.6666666666666666,3,2,GGTCCCACCCCGACCAATCA,1,3393465
ssnAp,5.333333333333333,17,2,GGTAGCCCTGAAGGATGACC,15,3383709
ssnAp,9.0,28,2,GGGGGCGGAGGCCGTGGCCA,26,3376836
ssnAp,3.3333333333333335,11,2,GGGCGCGGCTGTGAACTACC,9,3360105
ssnAp,6.666666666666667,21,2,GGGCATGTTATACGGTAGAT,19,3374408
ssnAp,0.6666666666666666,3,2,GGGCAGTATTCTTTTAAAAG,1,3365389
ssnAp,3.0,10,2,GGCTATTTGGTAAGGTCAAG,8,3380680
ssnAp,5.333333333333333,17,2,GGCGTGGCGCTCCCCTTCTA,15,3395229
ssnAp,5.333333333333333,17,2,GGCCTTTGGGAGATTAGGTA,15,3391333
ssnAp,1.6666666666666667,6,2,GGCCAAAGCACAGTGGCAAC,4,3383305
ssnAp,1.6666666666666667,6,2,GGCAGTGCCTTTCACGTTAG,4,3396753
ssnAp,7.333333333333333,23,2,GGCAGTACTTCATCCATAGG,21,3368268
ssnAp,2.0,7,2,GGCAAATCGGACATTGCGTC,5,3395397
ssnAp,5.666666666666667,18,2,GGATTTGAAAATTAGCACCC,16,3367422
ssnAp,3.6666666666666665,12,2,GGATTCAGCGGGTGAACTTA,10,3396762
ssnAp,6.333333333333333,20,2,GGAGGACGGATGCATCGGAC,18,3375742
ssnAp,6.333333333333333,20,2,GGACGCGCCTATGCAGATAT,18,3373333
ssnAp,7.333333333333333,23,2,GGAACACCCTACCGAGCGAC,21,3374703
ssnAp,2.3333333333333335,8,2,GGAACAATCGCTTTAGATTT,6,3360521
ssnAp,7.0,22,2,GCTTTTTCGGTTGAAAGTTT,20,3401896
ssnAp,3.0,10,2,GCTTCATTGAGGGGACACTT,8,3394566
ssnAp,6.0,19,2,GCTTAAGAACGATAGCAGTT,17,3382952
ssnAp,3.3333333333333335,11,2,GCTGTTGGATGAGCATAGGG,9,3390557
ssnAp,4.666666666666667,15,2,GCTCTAGACTCTCGACAATA,13,3366495
ssnAp,8.666666666666666,27,2,GCGGCCGTCTCCGTTGCGAT,25,3385661
ssnAp,4.666666666666667,15,2,GCCTGTTGGATCACGTGTAT,13,3384724
ssnAp,2.3333333333333335,8,2,GCCGTAGCAAAGGAGGAGGT,6,3368519
ssnAp,1.0,4,2,GCATGAATAACCAAATGGAC,2,3389522
ssnAp,3.0,10,2,GCAGGTCCTTCGGCCTCACA,8,3366706
ssnAp,6.333333333333333,20,2,GCAGGAGGTCTAGCAAGCAT,18,3386483
ssnAp,7.333333333333333,23,2,GCAAATTGCCCAGCAATGAA,21,3393723
ssnAp,5.666666666666667,18,2,GATTTGGCTCAACCCCCTTG,16,3371591
ssnAp,4.666666666666667,15,2,GATGGCTCTTCGTGAAGGCA,13,3394068
ssnAp,2.3333333333333335,8,2,GATAAAAACGCGGGCCAGCG,6,3394218
ssnAp,8.0,25,2,GAGTACGGATACGCGGGCGA,23,3398665
ssnAp,3.0,10,2,GAGGGTTCTCCATGTGCGAG,8,3377337
ssnAp,3.6666666666666665,12,2,GAGGCGCGCGTCACCTCGTT,10,3398949
ssnAp,0.6666666666666666,3,2,GAGCGTATCAATGCCAAAAC,1,3370225
ssnAp,0.6666666666666666,3,2,GAGATAGACAATGTTTGGTC,1,3366970
ssnAp,0.6666666666666666,3,2,GACTGCATAGAGTCCTTCTG,1,3374114
ssnAp,9.666666666666666,30,2,GACTAGAGCTCGGGTTTGAG,28,3375045
ssnAp,4.666666666666667,15,2,GACTACCGCTCAGTAAAAGT,13,3398551
ssnAp,6.0,19,2,GACGGGTGTTGTTGCGTCTG,17,3375775
ssnAp,8.333333333333334,26,2,GACGCTCTAGTTCACGCAAT,24,3395810
ssnAp,2.6666666666666665,9,2,GACGCGCGGTAGAGAACCCT,7,3391080
ssnAp,0.6666666666666666,3,2,GACGCGACCACTTGGTAGAA,1,3364492
ssnAp,7.333333333333333,23,2,GACAAGCGTTTTCGGTCTCT,21,3365105
ssnAp,10.333333333333334,32,2,GAATAATTGCTCACGTTGGA,30,3386758
ssnAp,3.3333333333333335,11,2,GAACCAGAGGGGTTAAAGGC,9,3362067
ssnAp,4.333333333333333,14,2,CTGTTTGATTTACACACGTT,12,3397364
ssnAp,6.333333333333333,20,2,CTGTTACGCTGAGCATGGGA,18,3394000
ssnAp,6.0,19,2,CTGTACACGATTATCAGGAT,17,3387072
ssnAp,6.333333333333333,20,2,CTGGAACCAACTAAACACAC,18,3387307
ssnAp,0.6666666666666666,3,2,CTGAAAAGAACTCCCCTCCT,1,3365137
ssnAp,2.0,7,2,CTCTACACCCAGTGGAGGAC,5,3386978
ssnAp,1.6666666666666667,6,2,CTCGTATCGATCTTTTGGTT,4,3379114
ssnAp,2.0,7,2,CTATCGTGATCTCTGTGACA,5,3371056
ssnAp,6.333333333333333,20,2,CTAATCGTCCGTTCATCTGT,18,3367208
ssnAp,0.6666666666666666,3,2,CTAAAGGACAATACTTCCGG,1,3363391
ssnAp,5.666666666666667,18,2,CGTGGATCTGCTCAACTAAC,16,3384187
ssnAp,8.666666666666666,27,2,CGGGGCATCTAGACTAGAAA,25,3379330
ssnAp,0.6666666666666666,3,2,CGGGATCGTAATCGTCCGCC,1,3365491
ssnAp,6.333333333333333,20,2,CGGCAAGTGTCTCACCCGTG,18,3386070
ssnAp,6.666666666666667,21,2,CGGAACGGCATAGTCGAGGC,19,3389865
ssnAp,5.666666666666667,18,2,CGGAACAACGTTAAGCTTAG,16,3359687
ssnAp,1.3333333333333333,5,2,CGCTTTATCTATGTTATAGC,3,3360846
ssnAp,3.6666666666666665,12,2,CGCCGAATTTGCATGTCCGG,10,3378409
ssnAp,4.0,13,2,CGACGGCAAGTTGGCACATC,11,3386619
ssnAp,5.333333333333333,17,2,CGAAATGGTGCATCGCATGC,15,3361192
ssnAp,3.6666666666666665,12,2,CCTGAGTGTTTGGTCAATAT,10,3393790
ssnAp,6.333333333333333,20,2,CCTATTACGGGAGCCTCGGT,18,3374303
ssnAp,4.666666666666667,15,2,CCTACTTCTTGATTAAAATG,13,3360671
ssnAp,7.0,22,2,CCTACCACGAAAAGCGTCCA,20,3366856
ssnAp,8.0,25,2,CCGTTACGACGTATCAGTCC,23,3391748
ssnAp,0.6666666666666666,3,2,CCGTATCGAGTCGGAGTAGA,1,3367840
ssnAp,3.3333333333333335,11,2,CCGGTGGTGAGGTCGGCGAG,9,3393788
ssnAp,2.6666666666666665,9,2,CCGGTGGGGCAACCGGGACA,7,3379468
ssnAp,3.0,10,2,CCGGTGACAGCCAGTCCACC,8,3365213
ssnAp,4.666666666666667,15,2,CCGAACCTACTAAGCGTGTG,13,3373039
ssnAp,5.333333333333333,17,2,CCCGTGCACGGTAAAGCTCT,15,3379296
ssnAp,5.666666666666667,18,2,CCCGGTCCATCGTTACGGGG,16,3375734
ssnAp,9.333333333333334,29,2,CCCCCATCTCTTCATACTTG,27,3378198
ssnAp,1.3333333333333333,5,2,CCATCGCTCTGAGAGGACGC,3,3366341
ssnAp,4.666666666666667,15,2,CCACGTAAAGTTATCGCAAT,13,3385211
ssnAp,6.0,19,2,CCACCTCTAAAGCGGGTACA,17,3396284
ssnAp,4.333333333333333,14,2,CCAAGAAAAAGTGTCTAGGT,12,3366888
ssnAp,0.6666666666666666,3,2,CATTGGTGCACGTCCCTTGC,1,3371663
ssnAp,2.0,7,2,CATTAGTCCGCCCATTCCCT,5,3394309
ssnAp,4.666666666666667,15,2,CATGAGGGCAGGTTCCCTTC,13,3364399
ssnAp,5.666666666666667,18,2,CATAATGATGCGAATAGCTT,16,3400887
ssnAp,3.6666666666666665,12,2,CAGGGCTCATAGGCCGCTTA,10,3400754
ssnAp,3.6666666666666665,12,2,CAGACGAGGGTCTGTACAGA,10,3381705
ssnAp,3.3333333333333335,11,2,CAATGTCTATGCCCTCTTTG,9,3381890
ssnAp,4.0,13,2,CAATACGCACGTCTTTCTAA,11,3392650
ssnAp,7.0,22,2,CAAGTAGTCAGAGGTTTACA,20,3401790
ssnAp,2.0,7,2,CAACGACCACCTATGTTAAC,5,3382773
ssnAp,1.6666666666666667,6,2,ATTTAGCCTATAAGGTAATA,4,3396596
ssnAp,12.0,37,2,ATTGATTCCGCTTCGCACAC,35,3401124
ssnAp,4.666666666666667,15,2,ATTCTAAACGGCATACCCAG,13,3391887
ssnAp,0.6666666666666666,3,2,ATGTGAATGCCGGATCATAT,1,3362386
ssnAp,0.6666666666666666,3,2,ATGCAGCTCGGGATTGCTAG,1,3396432
ssnAp,1.6666666666666667,6,2,ATGAAGAGATAGTAGGACCT,4,3389457
ssnAp,9.666666666666666,30,2,ATCGGAGGAAGGTGTAATGG,28,3384146
ssnAp,4.0,13,2,ATATCAAAAGTCCATCGGTT,11,3385086
ssnAp,5.666666666666667,18,2,ATATACCATCGATGGGTGTC,16,3360369
ssnAp,7.666666666666667,24,2,ATAGTTATTAGGACTGCTCC,22,3392822
ssnAp,5.333333333333333,17,2,ATACGGTGATTGTTTGTTTC,15,3395132
ssnAp,4.333333333333333,14,2,ATAATGTCAAGGCGAAGCGG,12,3371953
ssnAp,3.6666666666666665,12,2,AGTTTACTAGCTCTGAGACA,10,3392627
ssnAp,5.666666666666667,18,2,AGTTGGCTCACTTGGTTCAT,16,3377938
ssnAp,1.0,4,2,AGTGCCATAGCCGGGCGCAT,2,3370107
ssnAp,4.666666666666667,15,2,AGTCACCGAGGCGAGGATCA,13,3362900
ssnAp,3.3333333333333335,11,2,AGGCAAATCCTTAAGCAGAG,9,3388498
ssnAp,5.666666666666667,18,2,AGCCAATTCGGCTATAAAAA,16,3385090
ssnAp,3.3333333333333335,11,2,AGCACCGTGATTCACTGATA,9,3375774
ssnAp,4.666666666666667,15,2,AGATTACTATTGCAGCAGTG,13,3361039
ssnAp,5.666666666666667,18,2,AGAGCCGAAGATTTTATTGA,16,3400199
ssnAp,4.0,13,2,AGAGACTCTAGGAATACAGG,11,3402371
ssnAp,3.0,10,2,AGAATTCGACGAGAGGTGCG,8,3373108
ssnAp,3.3333333333333335,11,2,ACTTGGGGCCGTCTTCACCG,9,3372448
ssnAp,5.333333333333333,17,2,ACTAGCCGTGGCAGCCTCGC,15,3390330
ssnAp,6.333333333333333,20,2,ACGTCAATTTGCTACTGCGT,18,3361200
ssnAp,5.666666666666667,18,2,ACGACTCGGTGTGTCTCAAT,16,3395061
ssnAp,1.3333333333333333,5,2,ACGAACTGGCGTCGAGAGTT,3,3379919
ssnAp,9.333333333333334,29,2,ACCACATGACTCGAAAGAAC,27,3377404
ssnAp,6.0,19,2,ACATACCACGGTTGTTACGT,17,3367485
ssnAp,6.333333333333333,20,2,ACAGTCCGCTGGGAATTTCT,18,3402301
ssnAp,6.333333333333333,20,2,ACACCTCTCAGTGTAATCGA,18,3392744
ssnAp,0.6666666666666666,3,2,ACAATTGCGGAACTAAACAT,1,3388322
ssnAp,7.0,22,2,ACAATCTTTATGTGCTATTA,20,3366584
ssnAp,11.666666666666666,36,2,AATTTCAAGCTAATTTACGT,34,3379967
ssnAp,3.3333333333333335,11,2,AATGTAGTAGCATGTTTAAC,9,3380668
ssnAp,3.3333333333333335,11,2,AATGCACAGGTTGTGGATAG,9,3397710
ssnAp,0.6666666666666666,3,2,AATGACACGGTCTACGTCTT,1,3391513
ssnAp,6.0,19,2,AATCGCCGAGGTTACGAGCA,17,3397718
ssnAp,4.0,13,2,AAGTTATCAATGGAATGGTC,11,3398638
ssnAp,6.666666666666667,21,2,AAGGTTCACCTTATTTGGAG,19,3395460
ssnAp,0.6666666666666666,3,2,AAGGTTAAAAAATCGGGTAG,1,3362436
ssnAp,2.3333333333333335,8,2,AAGGGCGTGGTCTGCGTCAA,6,3368087
ssnAp,4.0,13,2,AAGATAATCCGCCAACGTTG,11,3369691
ssnAp,3.3333333333333335,11,2,AACTTTTGATCGACGTTCAC,9,3384101
ssnAp,0.6666666666666666,3,2,AACGTTTCGAGCCTGACCTG,1,3397352
ssnAp,2.0,7,2,AACGCCATAGTCTTCTATCG,5,3370089
ssnAp,4.333333333333333,14,2,AACCTGTGTTTGCGCATGGG,12,3376704
ssnAp,6.0,19,2,AACCTGGTGACGGGCAAATC,17,3394981
ssnAp,7.333333333333333,23,2,AACCGCCTGTAATGAGATTG,21,3386480
ssnAp,2.0,7,2,AACATCCAGGGATACAAGAG,5,3389685
ssnAp,2.6666666666666665,9,2,AAAGCTGATAACCTCATGTG,7,3380447
ssnAp,3.3333333333333335,11,2,AAACTTCCTCAAGTAATGCG,9,3389231
ssnAp,0.6666666666666666,3,2,AAACGAGCCGTACCCCGAAC,1,3368183
ssnAp,2.3333333333333335,8,2,AAACGAACTGATATGTAGGT,6,3378368
ssnAp,4.0,13,2,AAACAGAGCCATGTGCGATT,11,3392799
ssnAp,6.0,12,1,TTTCCATAGGGGGCCGTCTT,11,3367855
ssnAp,2.5,5,1,TTTCACAGTTCGATTAATTA,4,3392223
ssnAp,10.5,21,1,TTGCATGAAAATGATTGTCT,20,3370878
ssnAp,12.0,24,1,TTGATGAGATGTACCGCGAA,23,3378377
ssnAp,5.5,11,1,TTGACATTTAGTTAACCTTG,10,3389448
ssnAp,5.5,11,1,TTCTGCGTGCTGATTTCTCA,10,3373479
ssnAp,15.5,31,1,TTCTATTTAAGGTGCATTAT,30,3361574
ssnAp,7.0,14,1,TTCGTGATGACTCAGCTTTT,13,3370554
ssnAp,1.5,3,1,TTCGCGACCACATACAGCTA,2,3372418
ssnAp,4.0,8,1,TTCGAGTTGCTTGCTCCCCT,7,3394399
ssnAp,3.0,6,1,TTATTAAACGTCTCTACAAC,5,3384144
ssnAp,5.0,10,1,TTATGTGCGACCTGGTAGGA,9,3392900
ssnAp,8.5,17,1,TGTGTTTAATTCCCAAATTT,16,3376744
ssnAp,3.5,7,1,TGTCACCCAATTCGGACCGC,6,3391968
ssnAp,14.0,28,1,TGTAGAGTACGGGCGTTCAA,27,3382794
ssnAp,12.5,25,1,TGCCCACTTTAGAAAGATGA,24,3389393
ssnAp,8.5,17,1,TGCCATCAAATTCTTGACCC,16,3394625
ssnAp,7.0,14,1,TGCATCGACATCCCGGCAAA,13,3391738
ssnAp,12.5,25,1,TGATCACGGAGGATATGTAA,24,3359220
ssnAp,4.0,8,1,TGACAGGGGTTTCCTACATT,7,3388333
ssnAp,8.0,16,1,TGAAGAACGTCACAGTACTT,15,3381548
ssnAp,5.5,11,1,TCTTGGCTGCCATAGCGAAG,10,3368526
ssnAp,7.0,14,1,TCTCGGCCAGAGAAGTGTCG,13,3369775
ssnAp,1.0,2,1,TCTCCCAACCCGGGGCAGGG,1,3375220
ssnAp,5.5,11,1,TCTATTGTGACAAGACCGCC,10,3398448
ssnAp,40.5,81,1,TCTAATTGACTTCCCATGCA,80,3373859
ssnAp,4.5,9,1,TCGTTATCAGTCCTTCAGCT,8,3361615
ssnAp,6.0,12,1,TCGTTACCATTGCAGCGCGG,11,3402522
ssnAp,13.5,27,1,TCGTGATTCAAAGGCGATTA,26,3392911
ssnAp,9.0,18,1,TCGGCATCATAACGGCGGGC,17,3390115
ssnAp,13.5,27,1,TCGCTCTATCCGCTCCAAGT,26,3373542
ssnAp,6.0,12,1,TCGCATAGACCGACTGGCGA,11,3359697
ssnAp,6.0,12,1,TCGATTCAGAACTCGCATTC,11,3400373
ssnAp,4.0,8,1,TCGAATCCGAGCGGAAGAAG,7,3387120
ssnAp,3.5,7,1,TCCTCCTACGGCCCGCATCT,6,3377552
ssnAp,1.0,2,1,TCCTCATCCGTGAATTGTTC,1,3386617
ssnAp,11.0,22,1,TCCTAACGCAAGTGGTCGTG,21,3366489
ssnAp,6.0,12,1,TCCGTCTGATCACATTCAGG,11,3380292
ssnAp,1.0,2,1,TCCGAGTCTTGCTCTACTAG,1,3376539
ssnAp,4.5,9,1,TCAGGTAACGGCATTAAAAT,8,3392593
ssnAp,2.5,5,1,TCACTCTACCCCGTAGTCCT,4,3396533
ssnAp,6.0,12,1,TCACAGCCTGTTATAGCAGG,11,3376097
ssnAp,7.5,15,1,TATGGGGTAATCGTGGGTAT,14,3396870
ssnAp,5.5,11,1,TATCTAGGCCCCCATCTGGT,10,3371496
ssnAp,1.0,2,1,TATCCATTATCCTAGATTGG,1,3396264
ssnAp,4.0,8,1,TATATGTGTGCAGCTAATGG,7,3392848
ssnAp,4.0,8,1,TATAAAGCCAGCTAATTTCC,7,3397442
ssnAp,9.0,18,1,TAGGGGAGTCAGTTAAGTCA,17,3384409
ssnAp,6.5,13,1,TAGGCTTATGGACTGAACAC,12,3383695
ssnAp,7.0,14,1,TACTTATGTACATCATCCCA,13,3399195
ssnAp,8.0,16,1,TACGCTCGTCGTATTGATAG,15,3393781
ssnAp,5.5,11,1,TACAGATAGTGCTAACATTG,10,3373160
ssnAp,7.0,14,1,GTGATACTTGGCGTTCTGTT,13,3376879
ssnAp,5.0,10,1,GTGACGGAAACACGCACGAC,9,3374713
ssnAp,6.0,12,1,GTCTGGGCGTCTAAGTGATA,11,3364075
ssnAp,7.0,14,1,GTCTACATATTCGTTAAAGG,13,3375843
ssnAp,7.5,15,1,GTCCTCAGAATAGGATGCCT,14,3375492
ssnAp,6.5,13,1,GTCCCGGTTAGTCACTAGCA,12,3399252
ssnAp,10.0,20,1,GTCCCACTTCTCAGCGTGAT,19,3400458
ssnAp,8.0,16,1,GTCATCACCCGGAAACCTTT,15,3388904
ssnAp,9.0,18,1,GTACGTGACTTTCCAATTAA,17,3397812
ssnAp,4.5,9,1,GTACGCTACAGAACACTTCC,8,3371343
ssnAp,10.5,21,1,GGTTCGGGAGCTAAACCTGG,20,3378408
ssnAp,7.5,15,1,GGTTCGAGGTTCACGAACAC,14,3362153
ssnAp,6.0,12,1,GGTCGGGTGACTATTTCTCA,11,3377944
ssnAp,8.5,17,1,GGGTTTGAGGAGCGCATATC,16,3397293
ssnAp,2.5,5,1,GGGTATTCCTCCGGATGCTA,4,3383589
ssnAp,8.0,16,1,GGGGCACCGCGTGAACGGAC,15,3364612
ssnAp,3.5,7,1,GGGGATAGTAACTCCCAGTG,6,3368446
ssnAp,6.0,12,1,GGGCTCAAAATTTGTGGATC,11,3386391
ssnAp,7.5,15,1,GGCTGATAAAAAAAAAAGAG,14,3396033
ssnAp,5.5,11,1,GGCTATTCTAAACCTCCGTG,10,3388554
ssnAp,3.5,7,1,GGCGATTCGCTCAAGAGTTG,6,3364070
ssnAp,10.5,21,1,GGCGAGGGTTTTTTTCCGTC,20,3393161
ssnAp,8.5,17,1,GGCGAACTGCCGTAACTTGT,16,3371141
ssnAp,10.5,21,1,GGCAGATGTGGGCAGCTTTC,20,3399313
ssnAp,8.0,16,1,GGAGACGGGGAGCACCAGAA,15,3389232
ssnAp,6.0,12,1,GGACGCGTAACCGTCGGCTA,11,3382758
ssnAp,15.0,30,1,GCTGCATAATGTAGGTAAAT,29,3401002
ssnAp,7.0,14,1,GCTATCAATACCGAAACATC,13,3400567
ssnAp,1.0,2,1,GCTATATATACATACGATGC,1,3392825
ssnAp,1.0,2,1,GCGCGTTGAGGCGAGATTTC,1,3362411
ssnAp,6.5,13,1,GCGCGAAACAAACGCGTAAT,12,3391035
ssnAp,4.0,8,1,GCGCCCTCGCATATCGGAAA,7,3368355
ssnAp,7.0,14,1,GCGCCCGGAGTCAGCCGAGA,13,3361612
ssnAp,7.5,15,1,GCGATTAGTAAGTTGCAACA,14,3400390
ssnAp,1.0,2,1,GCGATCAAGTTATGTGAGTA,1,3365996
ssnAp,6.0,12,1,GCGACTCGCGGATCAGGACA,11,3383213
ssnAp,9.0,18,1,GCCGGGGCTCAGCCTGTGTT,17,3367796
ssnAp,6.5,13,1,GCCGCTTATATTGCATATAG,12,3364196
ssnAp,8.5,17,1,GCCCCTGATCGACTATCAAA,16,3395885
ssnAp,6.0,12,1,GCACTTCGCAAGAGCAGGAC,11,3396398
ssnAp,5.5,11,1,GCACACACGACGGGCGGTGC,10,3386004
ssnAp,6.0,12,1,GATCTGTTTCTTGGTTGAGG,11,3371242
ssnAp,3.0,6,1,GATATCGACCTGGCTAAGTG,5,3375410
ssnAp,2.0,4,1,GAGTGCCTGCTGGGCCTGTT,3,3364650
ssnAp,12.0,24,1,GAGAGGTATGTGTAATAGGT,23,3372788
ssnAp,5.5,11,1,GACTGGTACGACCTTACTGG,10,3379820
ssnAp,9.5,19,1,GACGTGGGCACTGGAATCTC,18,3360859
ssnAp,11.5,23,1,GACGGAGGATGCCCTCGGTA,22,3366841
ssnAp,7.5,15,1,GAATGTTGGACGGTCCGTTG,14,3375755
ssnAp,7.0,14,1,GAAGCTTCTGTCATGGTACC,13,3397267
ssnAp,12.5,25,1,GAACTTAGGGCGGATTATAC,24,3361353
ssnAp,6.0,12,1,GAAAGGGTGCCCTTTTATTT,11,3390014
ssnAp,1.0,2,1,CTTTCTGTGTAATTAGCTTG,1,3397967
ssnAp,3.5,7,1,CTGTATCTAAAAAGCCGAGT,6,3396964
ssnAp,7.0,14,1,CTGAACACCCGGTTTCAATT,13,3394756
ssnAp,14.0,28,1,CTCACCGTGAGCCGAAACAA,27,3382441
ssnAp,12.5,25,1,CTATTCGCAAACACACACCG,24,3393988
ssnAp,1.0,2,1,CTAGGGGCGCACGGCCCTAA,1,3400191
ssnAp,1.0,2,1,CTAGGGAAAGGCTTATGGCT,1,3394997
ssnAp,8.0,16,1,CTACAAATTATCAAGAGAAT,15,3360500
ssnAp,1.0,2,1,CTAAGTTAGATGCTCGAAAA,1,3369124
ssnAp,5.5,11,1,CGTCTTTTGTGCAGGAGGGT,10,3399965
ssnAp,2.0,4,1,CGTCGTCATTTCGCACGGAG,3,3361821
ssnAp,10.0,20,1,CGTCGAGAGGAATAAAGTGG,19,3374299
ssnAp,3.0,6,1,CGTAAATCCAGTACCAGGGG,5,3359435
ssnAp,5.5,11,1,CGGTGCGGTCCAACGTACAC,10,3370915
ssnAp,6.0,12,1,CGGGGCTCGTAAATCGTCTC,11,3370982
ssnAp,8.0,16,1,CGGGACGGGTATCACCGCGC,15,3387943
ssnAp,10.0,20,1,CGGCGTCAACTCTGTCCTTA,19,3402546
ssnAp,7.5,15,1,CGGATTCAGCGAAAGCGAAT,14,3389399
ssnAp,11.0,22,1,CGGAGAGTATAAGTTGCATA,21,3369790
ssnAp,11.5,23,1,CGCCTAGACCTGGGATCACT,22,3397093
ssnAp,2.5,5,1,CGCACATGATTACGGCTTGG,4,3364211
ssnAp,6.0,12,1,CGAAATCGGAGTGCGTAAGA,11,3381872
ssnAp,4.5,9,1,CCTTAGGAGAAATGGATACC,8,3392412
ssnAp,10.0,20,1,CCTTAAGCGTTAGAAGGATA,19,3382603
ssnAp,3.5,7,1,CCGGCATTTCTAAAAGAATA,6,3371773
ssnAp,5.5,11,1,CCGAGTCGCCTACCGACGTG,10,3384052
ssnAp,1.5,3,1,CCCGGGCGTGCTAAGTAACG,2,3372409
ssnAp,6.5,13,1,CCCGAGCACATACTTACTAT,12,3377224
ssnAp,6.0,12,1,CCCCTGTTATCTTTATGATG,11,3389899
ssnAp,5.5,11,1,CCAGTACAGCGACTAAGCCA,10,3369243
ssnAp,16.0,32,1,CCAGCGTTGCCCAAAGATTT,31,3369304
ssnAp,8.0,16,1,CCACGCATGAGTTCGCCCGT,15,3369069
ssnAp,4.0,8,1,CCACGAAAGTACCATTGCCT,7,3374855
ssnAp,5.0,10,1,CCAAGGTCTAGTTCACGGCG,9,3376235
ssnAp,5.5,11,1,CATTGGAAGCGGGTTTCCGA,10,3401768
ssnAp,5.5,11,1,CATTCGCAGCGCACTCAAAT,10,3396738
ssnAp,4.5,9,1,CATGAAGGTTTGCTCGACTG,8,3393973
ssnAp,6.5,13,1,CATAGTGTGTTTCTGGGGAA,12,3382716
ssnAp,8.0,16,1,CATACAGGTGTTCTGGCATT,15,3381846
ssnAp,8.5,17,1,CAGCCAATCACAACGCGTGT,16,3388979
ssnAp,2.0,4,1,CAGCAGATTGTTTATACGCT,3,3367831
ssnAp,1.0,2,1,CAGAGTCGATAATGGCGTCT,1,3365712
ssnAp,4.0,8,1,CAGACGGCAAAGTTGACGCT,7,3384456
ssnAp,6.5,13,1,CACCCCAGCTTCGCAATTTT,12,3362476
ssnAp,10.5,21,1,CACCATGTGGCGCTTATGCC,20,3397755
ssnAp,21.0,42,1,CAAGCGGGCTGGGCAGATCC,41,3366857
ssnAp,6.5,13,1,CAAATCATGCAATTTGTCCT,12,3378259
ssnAp,15.5,31,1,ATTTTGGATCGGTGGAGGTG,30,3376096
ssnAp,7.5,15,1,ATGTCAAGTCGTACGTGTCG,14,3400014
ssnAp,9.0,18,1,ATGGAGTGGTATTTACCCCG,17,3398827
ssnAp,7.5,15,1,ATGCCTGGGCGCATGCGTTC,14,3361637
ssnAp,9.5,19,1,ATCAGTCACGGTGCGCGTCG,18,3386073
ssnAp,7.0,14,1,ATCAATTGGTTCCCGGCCAA,13,3363214
ssnAp,6.5,13,1,ATATTGCGTCGAAGGCATAT,12,3399336
ssnAp,5.0,10,1,ATATGATCGAAGATAAGAGG,9,3366241
ssnAp,7.0,14,1,ATATATTGGCAGCGACCACA,13,3365846
ssnAp,3.5,7,1,ATATACGCGTCGCTAAAAAT,6,3390513
ssnAp,5.5,11,1,ATAGGTCATTTGGCGACTGC,10,3381659
ssnAp,5.5,11,1,ATACAACTAAAAGCATACTT,10,3376750
ssnAp,7.0,14,1,ATAATAAGGCCCACTTCTCT,13,3369084
ssnAp,9.5,19,1,AGTCTCTAGCTAAGTAGGAC,18,3370508
ssnAp,11.5,23,1,AGTCTCGGGTGCATGGCCGC,22,3377485
ssnAp,9.5,19,1,AGGTCCTCGTCTGCAAGGGC,18,3391266
ssnAp,2.0,4,1,AGGGAGGGACTTATGATCCC,3,3367954
ssnAp,5.0,10,1,AGGCCGTACGTAAGCTTGCG,9,3378416
ssnAp,1.0,2,1,AGGAATTAGTTGAAAACGGT,1,3387853
ssnAp,8.5,17,1,AGGAAGTGGATCTGTCTGAA,16,3372171
ssnAp,3.5,7,1,AGCTTCGGGACTAGACTATC,6,3388811
ssnAp,10.5,21,1,AGCGAACGTTGCCGTTGTGA,20,3381254
ssnAp,7.5,15,1,AGATACCAGCTTGCTTCGAG,14,3363331
ssnAp,16.5,33,1,AGAGCCAGTCCACTGGCATG,32,3373100
ssnAp,28.0,56,1,AGACAAGCTGGACTTCAACA,55,3369296
ssnAp,1.0,2,1,AGAAGGTTTCACTGGCCTCG,1,3363812
ssnAp,6.5,13,1,AGAAGATAGTGTACGAGTAT,12,3381940
ssnAp,5.5,11,1,ACTGGAGTACTATGTTTCCT,10,3392828
ssnAp,1.5,3,1,ACTGCACCCTGGAATTCATT,2,3377528
ssnAp,9.0,18,1,ACTCATGCTTTTTACAGAGG,17,3386990
ssnAp,8.0,16,1,ACGTACCGTCCATCGGCGAT,15,3382299
ssnAp,3.5,7,1,ACGGTAGGATGGCTCTTAAA,6,3386235
ssnAp,1.5,3,1,ACGCCCACAGGTATAGTACG,2,3396531
ssnAp,8.0,16,1,ACGAGATGCCCACTCCCAGG,15,3396152
ssnAp,10.0,20,1,ACGAATGGGGAATAGGGAGC,19,3379854
ssnAp,4.5,9,1,ACCCGGTGTAGGATCACCCT,8,3395241
ssnAp,7.5,15,1,ACATTAGTGTCCTACAACTT,14,3387211
ssnAp,3.0,6,1,ACACTTTTACTTTCGGCCTC,5,3399882
ssnAp,5.0,10,1,AATTTGTCAGCCCTTTCACC,9,3393511
ssnAp,8.0,16,1,AATTCGGCGTTCTAAAATGG,15,3402582
ssnAp,10.0,20,1,AATCTCGAAACGCCTGCGAG,19,3381529
ssnAp,3.5,7,1,AAGGGGTATTGTTTTTTCGT,6,3384620
ssnAp,1.0,2,1,AAGGGAGCGACGAACTGCGC,1,3394087
ssnAp,3.5,7,1,AAGGCTCGAGCCAGTACGGC,6,3388945
ssnAp,1.0,2,1,AAGAGGTCGGGTGGTTCATG,1,3396843
ssnAp,1.0,2,1,AACTTAATCCAGGATGATGC,1,3399140
ssnAp,13.5,27,1,AACACGTCATCCAATATTTG,26,3372078
ssnAp,7.5,15,1,AAATGGATTCTCGTGACGGT,14,3397454
ssnAp,4.0,8,1,AAAGATCGATAAAATTAACC,7,3373161
ssnAp,3.0,6,1,AAACACCATTTCTCGAAACT,5,3364350
ssnAp,0.015384615384615385,64,64,AAGTGAGTACTACGTGCGCT,0,3361251
ssnAp,0.018867924528301886,52,52,AGGTGGAACATTTTCGCTCA,0,3372360
ssnAp,0.02040816326530612,48,48,TGAACGGTTGGCCAGACAAT,0,3361902
ssnAp,0.02127659574468085,46,46,ACCGACAAAAACGTTACGAT,0,3377519
ssnAp,0.022222222222222223,44,44,GATCCGCCCGCCTACGCTAC,0,3363450
ssnAp,0.024390243902439025,40,40,AAACATCCAGTATCAGGTGC,0,3400575
ssnAp,0.025,39,39,TAATGCGTCAGGTTCGTCTA,0,3360055
ssnAp,0.025,39,39,CTCAATTTGATCTCAGTCGC,0,3368999
ssnAp,0.02564102564102564,38,38,CAGGGTATGACCTTCCGCCA,0,3370680
ssnAp,0.02564102564102564,38,38,AGGATCCGTCAGTGGAAAGA,0,3359507
ssnAp,0.02631578947368421,37,37,TCTGTCTAAGGATATCTTTA,0,3392549
ssnAp,0.02702702702702703,36,36,TGGATCAAGTACCTCAGAAA,0,3367421
ssnAp,0.02702702702702703,36,36,CGGAGTTGACGTTGTATTCA,0,3367291
ssnAp,0.02702702702702703,36,36,AGTCATTGAGAGGGCGTAAA,0,3360036
ssnAp,0.02702702702702703,36,36,AAACCGCGTGCTTGGATGTA,0,3360549
ssnAp,0.027777777777777776,35,35,GTTATCATGGGTGGAACCCA,0,3379911
ssnAp,0.027777777777777776,35,35,AGGGCGGAGCGGACGGTCTT,0,3362126
ssnAp,0.02857142857142857,34,34,GGGGTCAGCAACGACTAAAG,0,3370359
ssnAp,0.02857142857142857,34,34,GACCGCGGTCTAAGCGGGAT,0,3361434
ssnAp,0.02857142857142857,34,34,CGCTGGCCAATACGTCTTTC,0,3391565
ssnAp,0.02857142857142857,34,34,AGAGCCTAAACTGGCAACGT,0,3360357
ssnAp,0.02857142857142857,34,34,AACTGGCCGTGAGGCCGGTC,0,3363509
ssnAp,0.029411764705882353,33,33,CAGCGTCAGATTAGATAACA,0,3378105
ssnAp,0.029411764705882353,33,33,CACCAAGAGTCAGAAAGGTC,0,3382599
ssnAp,0.029411764705882353,33,33,AGGGAAGCGACTGTTCGGGA,0,3386904
ssnAp,0.030303030303030304,32,32,TCCGTTACCTTGCTCGGAAC,0,3365164
ssnAp,0.030303030303030304,32,32,GGCCAAGCGCATAGTAAAGT,0,3362903
ssnAp,0.030303030303030304,32,32,CCGAGCGGGTCTGCGGCTCC,0,3382565
ssnAp,0.03125,31,31,TGGATCATGTGCAACTCAGA,0,3383876
ssnAp,0.03125,31,31,GTTGAGAAAACCAGAACGCG,0,3377815
ssnAp,0.03125,31,31,CCGAGATCGTGCGAGCTATA,0,3359298
ssnAp,0.03125,31,31,ACATAGGAGACGGATAACAG,0,3359154
ssnAp,0.03225806451612903,30,30,TGTCTCCCCTGGTCCCTTCA,0,3378453
ssnAp,0.03225806451612903,30,30,AGCTGTATACCGAATGCTTT,0,3361196
ssnAp,0.03225806451612903,30,30,AGCACCTAACACAGTTGCAG,0,3396109
ssnAp,0.03225806451612903,30,30,AGAAGTTTCTTCATAAGAGA,0,3360312
ssnAp,0.03225806451612903,30,30,ACTCGGCGGGGGCATCATTA,0,3365431
ssnAp,0.03225806451612903,30,30,ACCTGGGTTCATTGGCGTCA,0,3367847
ssnAp,0.03225806451612903,30,30,ACCAAATAAACGACACCCTA,0,3371294
ssnAp,0.03333333333333333,29,29,GGTGCTAACACAGCAGGCTA,0,3386454
ssnAp,0.03333333333333333,29,29,CTTTCACCAAATACTCCCCA,0,3370904
ssnAp,0.03333333333333333,29,29,CTTCGTGACTCAGAGCCTAT,0,3374033
ssnAp,0.03333333333333333,29,29,CTCATGCGAGGGAGGCGTTA,0,3359779
ssnAp,0.03333333333333333,29,29,CTACGTGCAGTAATCGAGAA,0,3369644
ssnAp,0.03333333333333333,29,29,CGGGCGGATCCTAAGGATTC,0,3386811
ssnAp,0.03333333333333333,29,29,AGCTGAATTTGGAAGGGCCA,0,3369472
ssnAp,0.03333333333333333,29,29,AAGTAGGGTAAACGCCTAAC,0,3382439
ssnAp,0.034482758620689655,28,28,TCGCCGGTTTTGCGGACGGT,0,3368263
ssnAp,0.034482758620689655,28,28,GCGGTTAGCTCCCCCTGGTA,0,3359425
ssnAp,0.034482758620689655,28,28,CGGGACCCCTCGCATAAGGG,0,3386594
ssnAp,0.034482758620689655,28,28,CATGGGTGGATATGTCACGG,0,3377257
ssnAp,0.034482758620689655,28,28,CAGGCGCCACTCATGTGTTA,0,3372339
ssnAp,0.034482758620689655,28,28,ACGGGCCGTGCTAGTGAAGA,0,3364611
ssnAp,0.03571428571428571,27,27,GCTACACGAGACAAGCTACT,0,3391179
ssnAp,0.03571428571428571,27,27,GAGAAGCAACTTGTAAATCG,0,3366523
ssnAp,0.03571428571428571,27,27,AGGCCGATATACCTGAATAC,0,3377467
ssnAp,0.03571428571428571,27,27,ACGACGCTCTGTATCAAGTA,0,3391328
ssnAp,0.03571428571428571,27,27,AAACGCGCGCGAGTTTGCAT,0,3387724
ssnAp,0.037037037037037035,26,26,GTGGCGTAGGGCGGTTGCTA,0,3386287
ssnAp,0.037037037037037035,26,26,GGTCCTGTCGCACATGGTCA,0,3362141
ssnAp,0.037037037037037035,26,26,GCTATACCTGCTACGCGCTT,0,3381348
ssnAp,0.037037037037037035,26,26,CTCCGACACGACTGACGGTT,0,3390442
ssnAp,0.037037037037037035,26,26,CTAGCGCTCCGCCGTCCTCT,0,3385419
ssnAp,0.037037037037037035,26,26,CTAAAGGGTTCAGTGCCCAG,0,3379870
ssnAp,0.037037037037037035,26,26,CAAGTCACGGCAGCTACGAT,0,3385115
ssnAp,0.037037037037037035,26,26,ATGCCCGCCGGCGAAACAGC,0,3399185
ssnAp,0.037037037037037035,26,26,AGCAAACGTTTGATGGCGAC,0,3374032
ssnAp,0.037037037037037035,26,26,AGAAGTCATGACGTCACATT,0,3360875
ssnAp,0.037037037037037035,26,26,ACTTAGTTCTCGCCTCCCTA,0,3372041
ssnAp,0.038461538461538464,25,25,TGGCCAAGCGTTAACCAAGC,0,3379642
ssnAp,0.038461538461538464,25,25,TCGGTTATGAAATTGTCGCA,0,3387296
ssnAp,0.038461538461538464,25,25,TCCGCTGCAAGTGCGCACGT,0,3370424
ssnAp,0.038461538461538464,25,25,TCATGAATATATTATAGCCT,0,3364013
ssnAp,0.038461538461538464,25,25,TCAGAAAATTGTTGGCGCTC,0,3371128
ssnAp,0.038461538461538464,25,25,TCACACGCGGCTTAACTATT,0,3384618
ssnAp,0.038461538461538464,25,25,TAAGGCGTATTTCGGCATTC,0,3359157
ssnAp,0.038461538461538464,25,25,GGTCCAGCTCAAATGATCGC,0,3367082
ssnAp,0.038461538461538464,25,25,CGTATGTCCTGAGGGTGGTG,0,3361292
ssnAp,0.038461538461538464,25,25,CCTTCCCGATGCATAACCCA,0,3385054
ssnAp,0.038461538461538464,25,25,CAGTGCTGGAACCCGGTTTG,0,3367619
ssnAp,0.038461538461538464,25,25,CAGACTACTTTCACCGTAAT,0,3386074
ssnAp,0.038461538461538464,25,25,AGTGCGTTGCTGTCTAAGAA,0,3383231
ssnAp,0.038461538461538464,25,25,AGTCACGTGGGTTCGTGATG,0,3393572
ssnAp,0.038461538461538464,25,25,AGGGCTCGAAGCTCGTTCTT,0,3385752
ssnAp,0.038461538461538464,25,25,AAATAAGAGTGCAGCCGCCA,0,3367075
ssnAp,0.04,24,24,TTGGCATATCTACCGGTCCA,0,3373531
ssnAp,0.04,24,24,TTAAGATCGCAGTGCAGTTT,0,3378140
ssnAp,0.04,24,24,GTCGCGGCCACCATCACAAA,0,3359654
ssnAp,0.04,24,24,GGGGCGGAAAAAGGAAACAG,0,3363483
ssnAp,0.04,24,24,GGGGCCATTGAAAGACTGAT,0,3382171
ssnAp,0.04,24,24,GGATATTGGAGACGACGTCG,0,3392450
ssnAp,0.04,24,24,GCCGTATTTTCCATGATCAG,0,3379568
ssnAp,0.04,24,24,CCTACTCCCGTAGAGTACGG,0,3367542
ssnAp,0.04,24,24,AGGCCTGAACACTACGCAAA,0,3363629
ssnAp,0.04,24,24,AGCGGCCCGACTCCAGGAGA,0,3388194
ssnAp,0.04,24,24,AAACATAAGTCTATGGAAAA,0,3366291
ssnAp,0.041666666666666664,23,23,TTAGTGCTCTGCGGGGTGGT,0,3360879
ssnAp,0.041666666666666664,23,23,TGGCTCAGGGATGGACATCT,0,3366725
ssnAp,0.041666666666666664,23,23,TGGCCCGCTCAGGGAGGCAT,0,3377013
ssnAp,0.041666666666666664,23,23,TGATGCCGACCTAGGGTTGC,0,3378301
ssnAp,0.041666666666666664,23,23,TCCGTCGAGGGTCCACAAGA,0,3370030
ssnAp,0.041666666666666664,23,23,TATCGACAGGTCGCCGACGC,0,3366061
ssnAp,0.041666666666666664,23,23,GTGTACGCGTTTAAAGTGAC,0,3384098
ssnAp,0.041666666666666664,23,23,GCTCGGTACGTACAGGTCAT,0,3390550
ssnAp,0.041666666666666664,23,23,GCCGGCGCCAGCCGTGCAGG,0,3379019
ssnAp,0.041666666666666664,23,23,CGGTACGTTCGCAGCATCTC,0,3375814
ssnAp,0.041666666666666664,23,23,CGCATAGTAAGAGGATGGAG,0,3374868
ssnAp,0.041666666666666664,23,23,CCGATTCGGGAGTAATAGAT,0,3383554
ssnAp,0.041666666666666664,23,23,CATATTCCCGGTAAATTGCT,0,3373416
ssnAp,0.041666666666666664,23,23,CACCGTCCGTAGTACTGGTA,0,3385622
ssnAp,0.041666666666666664,23,23,ATCTACCACGAGTCTCCCCA,0,3378813
ssnAp,0.041666666666666664,23,23,ATCAACTGGAGGCGATCTGA,0,3368662
ssnAp,0.041666666666666664,23,23,AGTCCTATGCCGCGGCTCAA,0,3394031
ssnAp,0.041666666666666664,23,23,AGCAGGATGTTGATGTGCCC,0,3382484
ssnAp,0.041666666666666664,23,23,ACCGATTGGGCTGTCAGAAC,0,3377086
ssnAp,0.041666666666666664,23,23,AAAGTCATCTAATGCATTGA,0,3388198
ssnAp,0.043478260869565216,22,22,TTTCCCGTTGTGAATGGGCT,0,3373724
ssnAp,0.043478260869565216,22,22,TTACGCTATCTATTGCTTAC,0,3399966
ssnAp,0.043478260869565216,22,22,TATTCCAGGCATTTAGTACT,0,3387557
ssnAp,0.043478260869565216,22,22,TATACTGCAGCCTTCTCGCG,0,3392540
ssnAp,0.043478260869565216,22,22,TAAACGTGCTACCCCCTAAG,0,3384557
ssnAp,0.043478260869565216,22,22,GTAAGTGACACAATCTGCTT,0,3367637
ssnAp,0.043478260869565216,22,22,GGCGGAGCTCAGACGTAAAT,0,3370265
ssnAp,0.043478260869565216,22,22,GGCCCTAGGTCGGTTGTTAG,0,3398962
ssnAp,0.043478260869565216,22,22,GGAAACGAACGCTGGCTACG,0,3372246
ssnAp,0.043478260869565216,22,22,GCCGGGGGGGCGACGTTGAT,0,3380365
ssnAp,0.043478260869565216,22,22,CTTCCGTGCCGCGCCAGTCA,0,3373468
ssnAp,0.043478260869565216,22,22,CGTTTGGTGGGCGGATATAC,0,3387240
ssnAp,0.043478260869565216,22,22,CGTGACTGAGTGCTGCGCAT,0,3376260
ssnAp,0.043478260869565216,22,22,CGCATAGATTGTAGTGCAGG,0,3377446
ssnAp,0.043478260869565216,22,22,CCGTGGCGCGAGGGGCCATG,0,3373526
ssnAp,0.043478260869565216,22,22,CCGTGGAAAAGCCATCAAGT,0,3360394
ssnAp,0.043478260869565216,22,22,CCGACTAGGGACGAGCCTTT,0,3380252
ssnAp,0.043478260869565216,22,22,CCCTTCACGAGCAATGGCCT,0,3374077
ssnAp,0.043478260869565216,22,22,CAGCCCAAGAGCCAGGGCGA,0,3367530
ssnAp,0.043478260869565216,22,22,ATTTTGCGCCACGATCAATA,0,3362375
ssnAp,0.043478260869565216,22,22,ATGTTTTGTAGTAACGCGAT,0,3376430
ssnAp,0.043478260869565216,22,22,ATCATTAATTGGAGCAATAC,0,3370088
ssnAp,0.045454545454545456,21,21,TTCCGTTCCGAGAATACATT,0,3382148
ssnAp,0.045454545454545456,21,21,TTCATATTCTCGTCTAATTT,0,3388276
ssnAp,0.045454545454545456,21,21,TGGAACTGTCTCCCAGTTAG,0,3369646
ssnAp,0.045454545454545456,21,21,TGAATAGAGCTCAGGATGAG,0,3380611
ssnAp,0.045454545454545456,21,21,TCGGCTTAGTGCAGCGCGTC,0,3364887
ssnAp,0.045454545454545456,21,21,GTTTGGGGAGGGTGCCAGCA,0,3366130
ssnAp,0.045454545454545456,21,21,GTTGTTAGTGGCAATGCTCA,0,3402937
ssnAp,0.045454545454545456,21,21,GTTGGCTACTATACCAGCCA,0,3364626
ssnAp,0.045454545454545456,21,21,GTTATTTTCGCGACCACAAC,0,3390888
ssnAp,0.045454545454545456,21,21,GTGGCTACAGACAAGCCGTT,0,3364454
ssnAp,0.045454545454545456,21,21,GTGAAAGGTCTGGGGTCAAA,0,3363685
ssnAp,0.045454545454545456,21,21,GGTGCTACGTAGCCCGAAAC,0,3369976
ssnAp,0.045454545454545456,21,21,GGCTAGCGTATATAGAAGAG,0,3390323
ssnAp,0.045454545454545456,21,21,CTTCATTAACAGAAGAGAAT,0,3378815
ssnAp,0.045454545454545456,21,21,CTTAAGACGTCTGCCCATAT,0,3371623
ssnAp,0.045454545454545456,21,21,CTGTGTCCTATTCCATAGGA,0,3384742
ssnAp,0.045454545454545456,21,21,CTCGCCAGGTCGAGGCTGCT,0,3380972
ssnAp,0.045454545454545456,21,21,CGTAATGGATTACAGATTCC,0,3366808
ssnAp,0.045454545454545456,21,21,CCGTAGACGTTGGTTCCAAT,0,3368043
ssnAp,0.045454545454545456,21,21,CCCGCCTGCCCGTTAGGATC,0,3391363
ssnAp,0.045454545454545456,21,21,CAAGTGAACGCTATACATCA,0,3364997
ssnAp,0.045454545454545456,21,21,ATTAGGGCAGTGTTGCAGAC,0,3367961
ssnAp,0.045454545454545456,21,21,ATCTTTCGAAAGCTCCCAGA,0,3373701
ssnAp,0.045454545454545456,21,21,AGTTGAGAGTGCAAACTCTC,0,3397520
ssnAp,0.045454545454545456,21,21,ACGTTGCGTGACATATGATT,0,3399437
ssnAp,0.045454545454545456,21,21,ACGTTAGTATTAACCCGATA,0,3366716
ssnAp,0.045454545454545456,21,21,ACGTCAGAGTCCTGGGTTGA,0,3368780
ssnAp,0.045454545454545456,21,21,ACCTCGCTCCAGGGCGGTTG,0,3376926
ssnAp,0.045454545454545456,21,21,AATTTGTGTGTAAGACCATG,0,3376735
ssnAp,0.045454545454545456,21,21,AATCTGACTTGCAAGTCCCA,0,3360042
ssnAp,0.045454545454545456,21,21,AAGTAACAAACCACGGTTTC,0,3395600
ssnAp,0.045454545454545456,21,21,AACAAGGGCATCTGCGGTAG,0,3394402
ssnAp,0.047619047619047616,20,20,TGTAGGTTCTAAGCTCATGC,0,3394090
ssnAp,0.047619047619047616,20,20,TGATGGGACGGGTGGCTGAG,0,3402596
ssnAp,0.047619047619047616,20,20,TCCTAGGTTTCGTACTACGG,0,3378394
ssnAp,0.047619047619047616,20,20,GTTAGTCGGCGAGTCAAGAA,0,3370683
ssnAp,0.047619047619047616,20,20,GTGGCTCGGGATGTCGGTCA,0,3401728
ssnAp,0.047619047619047616,20,20,GTAACAGAATTAATAGAAGC,0,3399092
ssnAp,0.047619047619047616,20,20,GGTCTGGTTTATCGATTCAC,0,3386710
ssnAp,0.047619047619047616,20,20,GGCTTGGCGTAGAGCAGACA,0,3375672
ssnAp,0.047619047619047616,20,20,GGCGTGACCGCCCCAGAGAA,0,3378393
ssnAp,0.047619047619047616,20,20,GGCCGGGGGCTGATGGCCAA,0,3386327
ssnAp,0.047619047619047616,20,20,GCGAGGCTTGTATTTCCATA,0,3382867
ssnAp,0.047619047619047616,20,20,GAAGGGTAAGTAAGGACGCA,0,3360516
ssnAp,0.047619047619047616,20,20,CTCGTACGGACAGCATATGG,0,3364982
ssnAp,0.047619047619047616,20,20,CGTGAGTTACTTCTCCATTC,0,3374233
ssnAp,0.047619047619047616,20,20,CGCTAGCGCCGGTACCCACA,0,3388878
ssnAp,0.047619047619047616,20,20,CGCCTAACGTGACGAAGCAT,0,3393065
ssnAp,0.047619047619047616,20,20,CCGTTAGCGCGCGCAGAATT,0,3384269
ssnAp,0.047619047619047616,20,20,CCGATAATCTAGCTGGTTCT,0,3359603
ssnAp,0.047619047619047616,20,20,CCGAGATACTTCGTTTGGTG,0,3377626
ssnAp,0.047619047619047616,20,20,CCAATACTTAATTCTCTATG,0,3364944
ssnAp,0.047619047619047616,20,20,CACTTGCTTGTGAGGGATTA,0,3381109
ssnAp,0.047619047619047616,20,20,CAATCTTTTTATCATAGACA,0,3367595
ssnAp,0.047619047619047616,20,20,CAATACCGCCTGAGCAATAA,0,3378275
ssnAp,0.047619047619047616,20,20,CAACCGAGGCGCGGACCTGT,0,3366013
ssnAp,0.047619047619047616,20,20,CAAATTCGTGCTCACGCCAC,0,3392452
ssnAp,0.047619047619047616,20,20,ATCTCGCCAGCCTGGAGAAT,0,3363030
ssnAp,0.047619047619047616,20,20,ATAGCCACGATACAACGTCC,0,3364328
ssnAp,0.047619047619047616,20,20,ATAAGGTGTCACAGATCACT,0,3360588
ssnAp,0.047619047619047616,20,20,AGTACTACTTGGACGAACAG,0,3398600
ssnAp,0.047619047619047616,20,20,AGGATGATAGGCATACAAAA,0,3360446
ssnAp,0.047619047619047616,20,20,AGGACACCGAGATGTCCACG,0,3362604
ssnAp,0.047619047619047616,20,20,AGCTTACCAATTCGGAGAGA,0,3386922
ssnAp,0.047619047619047616,20,20,AGCCCGATGGGAAGATTAAA,0,3383117
ssnAp,0.047619047619047616,20,20,ACTTTCAGCGGGACGTGGGC,0,3360368
ssnAp,0.047619047619047616,20,20,ACGTGAAGCCTACCGCCACG,0,3387188
ssnAp,0.047619047619047616,20,20,ACACGATGTGCCACTCCGCT,0,3376571
ssnAp,0.047619047619047616,20,20,AACGTCCTGCAGACGGGTGT,0,3394746
ssnAp,0.047619047619047616,20,20,AAAATTGTGCGATTGTGTAT,0,3365541
ssnAp,0.05,19,19,TTGGTCGTCAGGCGGGATCG,0,3360587
ssnAp,0.05,19,19,TTAGGGAACAAACTACTAAA,0,3364377
ssnAp,0.05,19,19,TTACCACCCGTCGGGCGTTT,0,3362437
ssnAp,0.05,19,19,TCTCACCTAAAACCAGGTCG,0,3374219
ssnAp,0.05,19,19,TCCGTATGCACATGGATCAG,0,3362091
ssnAp,0.05,19,19,TCAGCATCTGGGATTGGTAT,0,3393530
ssnAp,0.05,19,19,TCAGACGTTCTCTAGCTTGG,0,3382322
ssnAp,0.05,19,19,TAGCTTCTGTACGGAGTTCT,0,3369371
ssnAp,0.05,19,19,GTTTGTGAAAGAGTAGGACG,0,3365646
ssnAp,0.05,19,19,GTGCCAATGAATGCCTAGGG,0,3375398
ssnAp,0.05,19,19,GTGAAAGGTCAGCTGCCATA,0,3384775
ssnAp,0.05,19,19,GTCGTAAGTTACCATAATAT,0,3390309
ssnAp,0.05,19,19,GGTCCTAGCCCCAGTAGATA,0,3394990
ssnAp,0.05,19,19,GGATCGCATCTGCTCCATGT,0,3390056
ssnAp,0.05,19,19,GGATAGGGTGTGCTGTATAT,0,3369435
ssnAp,0.05,19,19,GATCGCTCTGACGGTCCGCT,0,3372539
ssnAp,0.05,19,19,GAGGCGGTGCCACTCATCGT,0,3363142
ssnAp,0.05,19,19,GAAGAGTCTGGAGAGAGGTG,0,3387730
ssnAp,0.05,19,19,CTTACACGGCAGTACAACTG,0,3387243
ssnAp,0.05,19,19,CGTATGTATAGGTTAGCCAC,0,3395684
ssnAp,0.05,19,19,CGCGCTCAGAACTGCACCCT,0,3397360
ssnAp,0.05,19,19,CGCCGTATTAAGCAATGATA,0,3377654
ssnAp,0.05,19,19,CGAGTGTTTCCGCAGCATCT,0,3375066
ssnAp,0.05,19,19,CGACTGGCCGAACTCTGAAG,0,3362245
ssnAp,0.05,19,19,CCTGCGAAAGCGAGGGATTT,0,3383249
ssnAp,0.05,19,19,CCTCCCGCCTACGTCGTACG,0,3367278
ssnAp,0.05,19,19,CATTGTCGAGTTATGGCCCC,0,3369971
ssnAp,0.05,19,19,CAATTTGGGGGAGCGACATG,0,3361907
ssnAp,0.05,19,19,ATTTACCGAAACACTACTGG,0,3364163
ssnAp,0.05,19,19,ATTATGTTCTCGGGAATTAA,0,3381100
ssnAp,0.05,19,19,ATCCCTACAAGTACGTCGCT,0,3372540
ssnAp,0.05,19,19,ATACACCTAGTTACTGAGTT,0,3380247
ssnAp,0.05,19,19,AGGAGGCACTAAGGATTTAG,0,3388375
ssnAp,0.05,19,19,AGCCACATGAGCGGTCCGAA,0,3393959
ssnAp,0.05,19,19,AGCACGAGAAGATAACCGTT,0,3371305
ssnAp,0.05,19,19,ACGGTTGATATCGTGCTCTG,0,3361123
ssnAp,0.05,19,19,ACGGGCATCGCTGATCATGT,0,3388748
ssnAp,0.05,19,19,AATTGCAACCGACACAGAAG,0,3385496
ssnAp,0.05,19,19,AATCGAGCCGGCCTAGTTTT,0,3365099
ssnAp,0.05,19,19,AACGAGGTATAATTTGGGTT,0,3397289
ssnAp,0.05,19,19,AAAACATGTCCACAGCTAGG,0,3359508
ssnAp,0.05263157894736842,18,18,TTTTGAATATGCCCGATGTG,0,3387282
ssnAp,0.05263157894736842,18,18,TTCCATACGCTAGGTAAACG,0,3371771
ssnAp,0.05263157894736842,18,18,TTCACGGATCCCTAATGTTG,0,3368089
ssnAp,0.05263157894736842,18,18,TGTCAACATGAGCTGTATTC,0,3395347
ssnAp,0.05263157894736842,18,18,TGGTTATGCGCGATATGCGA,0,3362413
ssnAp,0.05263157894736842,18,18,TGGCCTTCGGGGTTAATGAT,0,3384310
ssnAp,0.05263157894736842,18,18,TGCCACGCTACGGTCGACTT,0,3376399
ssnAp,0.05263157894736842,18,18,TCTCGCGTCTATTTGATACA,0,3379529
ssnAp,0.05263157894736842,18,18,TCAAATCCACAGCTAGCGCA,0,3366712
ssnAp,0.05263157894736842,18,18,TACTGCTTAGCGCGCCTCTC,0,3381565
ssnAp,0.05263157894736842,18,18,TACACTCTCGGAACGCAGAC,0,3377112
ssnAp,0.05263157894736842,18,18,TAACTGAACTGTAATACATT,0,3364584
ssnAp,0.05263157894736842,18,18,GTGATATACCTCTAGAATAG,0,3392016
ssnAp,0.05263157894736842,18,18,GTATGTCTTTTGGAAGCATA,0,3379425
ssnAp,0.05263157894736842,18,18,GGTTGTTATTCAGCTTGAAG,0,3360787
ssnAp,0.05263157894736842,18,18,GGCGTTGAGTATGAAAGCGA,0,3383409
ssnAp,0.05263157894736842,18,18,GCTTTAATAGAACGGCGTTG,0,3359873
ssnAp,0.05263157894736842,18,18,GCCCTTGCGTGATTAGACTT,0,3376088
ssnAp,0.05263157894736842,18,18,GCAATACCACGGGTACTGAG,0,3375985
ssnAp,0.05263157894736842,18,18,GATTTCATGGGGGAGAGTGC,0,3369594
ssnAp,0.05263157894736842,18,18,GATGTTGGCCATCTACTGTA,0,3373570
ssnAp,0.05263157894736842,18,18,GAGGAGTGTCTATTATCTTC,0,3379771
ssnAp,0.05263157894736842,18,18,GAGCTCGTGACTCTCCGGAC,0,3369781
ssnAp,0.05263157894736842,18,18,GAGCCTACCTTGGCGGGAGG,0,3374035
ssnAp,0.05263157894736842,18,18,GACTATCCCAAAGTACAAAA,0,3381464
ssnAp,0.05263157894736842,18,18,GAAGAACAACCAGCCTATTA,0,3370266
ssnAp,0.05263157894736842,18,18,CTTAATGCAGTGCGGCACTA,0,3396367
ssnAp,0.05263157894736842,18,18,CTGAAAGAAGGTTCTTTTAA,0,3398657
ssnAp,0.05263157894736842,18,18,CGTTGCGGACTTAGTCGTTC,0,3396862
ssnAp,0.05263157894736842,18,18,CGCGTCCCGCAAATAACAGT,0,3379645
ssnAp,0.05263157894736842,18,18,CGCGGAGGTGGATTAGTTTT,0,3373358
ssnAp,0.05263157894736842,18,18,CCTTGCGTCCGGCATTCTCC,0,3359657
ssnAp,0.05263157894736842,18,18,CCTTGAGGCACGCTAGGATG,0,3389822
ssnAp,0.05263157894736842,18,18,CCGTGGGGCTGAGGCAAAAA,0,3381713
ssnAp,0.05263157894736842,18,18,CCGCGCTCAGATGGTCACAT,0,3379237
ssnAp,0.05263157894736842,18,18,CCATTCGTAGTTTGCGCAGC,0,3386431
ssnAp,0.05263157894736842,18,18,CATCGCCTTTATATACAGAA,0,3382111
ssnAp,0.05263157894736842,18,18,CAGGCCAAGTCAGTTATGAA,0,3390639
ssnAp,0.05263157894736842,18,18,CAAGTGAAGACAAACGATGC,0,3369683
ssnAp,0.05263157894736842,18,18,ATGTCCAGATACCAGTCCTC,0,3385208
ssnAp,0.05263157894736842,18,18,ATGCCACATATTGCGACTCT,0,3376236
ssnAp,0.05263157894736842,18,18,ATGCAGGAGAGGCATACCCA,0,3395242
ssnAp,0.05263157894736842,18,18,ATCTGCGGAATTGCTAGGGG,0,3381097
ssnAp,0.05263157894736842,18,18,ATATTATTTTTGTCTCGGAG,0,3370879
ssnAp,0.05263157894736842,18,18,ATAAGACCGTGAGCTAGATG,0,3375368
ssnAp,0.05263157894736842,18,18,AGTCCTAAACCGTTTGAGAG,0,3366930
ssnAp,0.05263157894736842,18,18,AGGGGTGCGCTGAAACGCAA,0,3366524
ssnAp,0.05263157894736842,18,18,AGGCACACTTAGGAACAAGG,0,3364967
ssnAp,0.05263157894736842,18,18,ACGGACAAGATAATAGCATG,0,3360077
ssnAp,0.05263157894736842,18,18,ACGCCGCTAACACCCTTTTA,0,3368858
ssnAp,0.05263157894736842,18,18,ACCTGCCTAGAGGCTTTGGC,0,3388135
ssnAp,0.05263157894736842,18,18,ACCGATAGCTCGCCAAGTTC,0,3362942
ssnAp,0.05263157894736842,18,18,AATCTGGATCTGGTGCTTAT,0,3374331
ssnAp,0.05263157894736842,18,18,AATCTGATAGGACCGACACA,0,3386770
ssnAp,0.05263157894736842,18,18,AACCAGCGGCTTTAACATAG,0,3389596
ssnAp,0.05555555555555555,17,17,TTTGGTGCGGTACGCACTGG,0,3360877
ssnAp,0.05555555555555555,17,17,TTGCTGCCAGTTGCATCTGT,0,3375101
ssnAp,0.05555555555555555,17,17,TGTCTTTTCTTCATACGTTT,0,3392512
ssnAp,0.05555555555555555,17,17,TGGTTGCTCCTACCATAATA,0,3384508
ssnAp,0.05555555555555555,17,17,TGGGGATGGCATCAGTGATC,0,3384588
ssnAp,0.05555555555555555,17,17,TGCTTGTTACATTGTCACCA,0,3390397
ssnAp,0.05555555555555555,17,17,TGACCTAAATATAAGAGCAG,0,3398579
ssnAp,0.05555555555555555,17,17,TCGCCGCCCATCTTCTACAA,0,3401801
ssnAp,0.05555555555555555,17,17,TCGCAACCGAGCACCCGACC,0,3385055
ssnAp,0.05555555555555555,17,17,TCCGGGTTTTTTCTGGTCCT,0,3364000
ssnAp,0.05555555555555555,17,17,TCAACACGACGGGCAGGACA,0,3382607
ssnAp,0.05555555555555555,17,17,TATTAAGCCTACCGGGTATT,0,3365210
ssnAp,0.05555555555555555,17,17,TATCCTGCTCCGCAATTCTG,0,3374902
ssnAp,0.05555555555555555,17,17,TACCCGCACAGTTCACTCGA,0,3390662
ssnAp,0.05555555555555555,17,17,GTGCACCCCCACCATATGTT,0,3384919
ssnAp,0.05555555555555555,17,17,GTCTGTCGTTCGTCGCCTAG,0,3400938
ssnAp,0.05555555555555555,17,17,GTCGGGCGATCCTTGGCGTG,0,3360595
ssnAp,0.05555555555555555,17,17,GTAAACCAGGCCTTGACCTT,0,3374926
ssnAp,0.05555555555555555,17,17,GGTTGCTGTGGCCCCTAGGT,0,3363979
ssnAp,0.05555555555555555,17,17,GGTAAATTTAACGTTATGCG,0,3383717
ssnAp,0.05555555555555555,17,17,GGCTTCTGTCCTACGCCTCT,0,3360972
ssnAp,0.05555555555555555,17,17,GGCAAACTTTTGCCTGCTGA,0,3380366
ssnAp,0.05555555555555555,17,17,GGACAAGGCATTATGGATTC,0,3372013
ssnAp,0.05555555555555555,17,17,GCGTCTGAAGGACCGACATT,0,3387600
ssnAp,0.05555555555555555,17,17,GCGGGATGATCATAGACCAC,0,3359571
ssnAp,0.05555555555555555,17,17,GAGGGCGCCACCGAATTCGC,0,3377353
ssnAp,0.05555555555555555,17,17,GAGGACGCCATCACTGATCG,0,3366240
ssnAp,0.05555555555555555,17,17,GACCTGCGCGGTACCCCACG,0,3361299
ssnAp,0.05555555555555555,17,17,GAAGGCACTATCAGAATTTC,0,3366686
ssnAp,0.05555555555555555,17,17,CTCTTTCTACTGTTTGTACA,0,3399758
ssnAp,0.05555555555555555,17,17,CTAAAAGTTGCTGGAACGAC,0,3373469
ssnAp,0.05555555555555555,17,17,CGTGGATCGATAATGGTAAC,0,3390150
ssnAp,0.05555555555555555,17,17,CGTGCGGTTCATGGTAGAAG,0,3381474
ssnAp,0.05555555555555555,17,17,CGGGGACCAACGGAGGGCCA,0,3363554
ssnAp,0.05555555555555555,17,17,CGGAAAACTCAGGGGGAAGT,0,3395398
ssnAp,0.05555555555555555,17,17,CGCCTGGATGATCTCTATCA,0,3398724
ssnAp,0.05555555555555555,17,17,CGATCTCGCGATTCGCTACG,0,3391368
ssnAp,0.05555555555555555,17,17,CCTTTCTTGTCGTCCTAGAG,0,3401195
ssnAp,0.05555555555555555,17,17,CCTGCCGTGGACAGCGAGAA,0,3361199
ssnAp,0.05555555555555555,17,17,CCGCGTTTCCACTCTTTCTG,0,3365890
ssnAp,0.05555555555555555,17,17,CCGAAGATACTCCACATCCT,0,3380373
ssnAp,0.05555555555555555,17,17,CCATTTCTCTAAATACTCGA,0,3367227
ssnAp,0.05555555555555555,17,17,CCAGTTTCCATACCAGTACT,0,3367679
ssnAp,0.05555555555555555,17,17,CCAACCCCAGGGTAGTACGC,0,3383962
ssnAp,0.05555555555555555,17,17,CATATCAAATCCCAGGTGAA,0,3362635
ssnAp,0.05555555555555555,17,17,CACCGTAGCGTTTATGTGTT,0,3395071
ssnAp,0.05555555555555555,17,17,CAACATGCGAATCTGAGCAT,0,3385124
ssnAp,0.05555555555555555,17,17,ATCCATCGGCATCACGTCCC,0,3388746
ssnAp,0.05555555555555555,17,17,AGTGAGCGTGTAGTCGAGTA,0,3369673
ssnAp,0.05555555555555555,17,17,AGTCGGGTGGTGGCACGTTA,0,3373247
ssnAp,0.05555555555555555,17,17,AGGTATGTGACGCCAGGTAA,0,3375300
ssnAp,0.05555555555555555,17,17,AGCGCCCCCGGGGAAACTGT,0,3376804
ssnAp,0.05555555555555555,17,17,ACTTGAAGATTTATACGGGT,0,3365667
ssnAp,0.05555555555555555,17,17,ACGTTTCTTCAAACCGCATG,0,3363444
ssnAp,0.05555555555555555,17,17,ACGTCCAGACTTGTCCGGGA,0,3372405
ssnAp,0.05555555555555555,17,17,ACAACCCGATTTAGTGGAGA,0,3372363
ssnAp,0.05555555555555555,17,17,ACAACATCAGGCGGATTAGG,0,3398549
ssnAp,0.05555555555555555,17,17,AATAGCGCTGCTCGGGTGTG,0,3365957
ssnAp,0.05555555555555555,17,17,AAGTTACGTACGATGTCTTA,0,3373033
ssnAp,0.05555555555555555,17,17,AAGTGGACGTATCTTGGCCA,0,3370678
ssnAp,0.05555555555555555,17,17,AAAGGGAATCACGCGCAGCA,0,3373291
ssnAp,0.05555555555555555,17,17,AAAATGTGACACTTATGTAC,0,3385954
ssnAp,0.058823529411764705,16,16,TTTGTAGTGCGAGAATCTAC,0,3389959
ssnAp,0.058823529411764705,16,16,TTTCTTACGGGTTAAGTTAT,0,3382980
ssnAp,0.058823529411764705,16,16,TTTCGTTGCACGCTTCCGTA,0,3375065
ssnAp,0.058823529411764705,16,16,TTTCGGGAGCAACTATGGGT,0,3384818
ssnAp,0.058823529411764705,16,16,TTGGCCAGTACAAGGGCCGT,0,3399944
ssnAp,0.058823529411764705,16,16,TTCACGAACCGTAGGATTAT,0,3368443
ssnAp,0.058823529411764705,16,16,TGTGCAGTTACTCTGAAGGA,0,3363369
ssnAp,0.058823529411764705,16,16,TGGTCATCTACAGATACGTC,0,3392249
ssnAp,0.058823529411764705,16,16,TGGGAACAATCAGTTTAACG,0,3366481
ssnAp,0.058823529411764705,16,16,TGGCCGTTTGTGGAAGGCGA,0,3383272
ssnAp,0.058823529411764705,16,16,TCCTAGTCACTGATTAGACA,0,3370581
ssnAp,0.058823529411764705,16,16,TCCGCATTCGCACTTCCCCG,0,3394623
ssnAp,0.058823529411764705,16,16,TCCGAAGTGCGAACAAAGCG,0,3362062
ssnAp,0.058823529411764705,16,16,TCCAGTTGTCTCGGACAGGA,0,3381430
ssnAp,0.058823529411764705,16,16,TCAGATCGCATCACTACAAA,0,3377551
ssnAp,0.058823529411764705,16,16,TCACGCTGGTAATTAACGAT,0,3366169
ssnAp,0.058823529411764705,16,16,TCAAAATCCCAGTCAAGGCT,0,3363634
ssnAp,0.058823529411764705,16,16,TATCGCGTCGGGATCCTTGC,0,3378375
ssnAp,0.058823529411764705,16,16,TAGCGCAAGACTGGAGGTAA,0,3391508
ssnAp,0.058823529411764705,16,16,TAGAGGGGAAACACGGTTAG,0,3368085
ssnAp,0.058823529411764705,16,16,TAGACAGCGTTGGTCATCGC,0,3377113
ssnAp,0.058823529411764705,16,16,TACGTAGCATAGAAGAGTGG,0,3376925
ssnAp,0.058823529411764705,16,16,TAATTTGGGATAGTTGGAAT,0,3361730
ssnAp,0.058823529411764705,16,16,TAACGCCCGCCACGCCTAAA,0,3371131
ssnAp,0.058823529411764705,16,16,GTTGTGCGACTAGCATTAAC,0,3383483
ssnAp,0.058823529411764705,16,16,GTTGAGCAGAGGTTTCAAAC,0,3390927
ssnAp,0.058823529411764705,16,16,GTGCTAGTAAGAGACCTAGT,0,3399880
ssnAp,0.058823529411764705,16,16,GTCCGTCTATAGACATGCCG,0,3395210
ssnAp,0.058823529411764705,16,16,GGTGTCCCATTCTGAAAGAC,0,3367335
ssnAp,0.058823529411764705,16,16,GGTCCATCAGCTCTGTACTA,0,3379081
ssnAp,0.058823529411764705,16,16,GGGGGTACGTAGAAACTCAC,0,3371920
ssnAp,0.058823529411764705,16,16,GGCTAAACATGTGGTTATTC,0,3390669
ssnAp,0.058823529411764705,16,16,GGCGTCTTCCTTTATTGTTT,0,3396159
ssnAp,0.058823529411764705,16,16,GGCCGTTATCAACTTATGCA,0,3371338
ssnAp,0.058823529411764705,16,16,GGATTAGCAACAGCGGTGGT,0,3382975
ssnAp,0.058823529411764705,16,16,GGATATAGTGAGACCATGCG,0,3373639
ssnAp,0.058823529411764705,16,16,GGAAAGCTAGTCGAAACTAT,0,3393712
ssnAp,0.058823529411764705,16,16,GCTGGTTTGCGTAAAATGCA,0,3364317
ssnAp,0.058823529411764705,16,16,GCGCCACGGGTGGTCAGTCG,0,3361258
ssnAp,0.058823529411764705,16,16,GCCTCTTCAACTTAGCGCAT,0,3385675
ssnAp,0.058823529411764705,16,16,GCCGCGAGAAGGCAGGTACA,0,3387731
ssnAp,0.058823529411764705,16,16,GCCCCGGATACTGGATCAAA,0,3379852
ssnAp,0.058823529411764705,16,16,GCAGCAGGTGCCGTGAGTAA,0,3370882
ssnAp,0.058823529411764705,16,16,GAGTGCTTGCGACCTACCTG,0,3393719
ssnAp,0.058823529411764705,16,16,GAGTGCGTTTAACCGATTCA,0,3390994
ssnAp,0.058823529411764705,16,16,GACTGCCGTGAAGGCGGGTA,0,3398249
ssnAp,0.058823529411764705,16,16,GACCTCATCTGCTAGTATTT,0,3365016
ssnAp,0.058823529411764705,16,16,GACAACGAAATATGTAGTTG,0,3374397
ssnAp,0.058823529411764705,16,16,CTTTCATAATGATGGTAGTA,0,3393357
ssnAp,0.058823529411764705,16,16,CTTCTTCCTTAGGGGAGGGA,0,3373999
ssnAp,0.058823529411764705,16,16,CTTCGGTCTTTTGCGCCCCT,0,3376457
ssnAp,0.058823529411764705,16,16,CTTAAAGCATAACCCAGGGT,0,3374627
ssnAp,0.058823529411764705,16,16,CTCCTAGTCCCCACTTGTCA,0,3370520
ssnAp,0.058823529411764705,16,16,CTACGTAAAAGCTACAGAAG,0,3360262
ssnAp,0.058823529411764705,16,16,CGGTGGGTCTGCAGGAGAAA,0,3361729
ssnAp,0.058823529411764705,16,16,CGGGATAGGGTCGTCTGTGA,0,3396637
ssnAp,0.058823529411764705,16,16,CGGCGGTATCGGACTTGGTT,0,3388031
ssnAp,0.058823529411764705,16,16,CGCCTTCGGATCGGGAATCG,0,3383784
ssnAp,0.058823529411764705,16,16,CGAAGTGCACGGTTTGGGAA,0,3390306
ssnAp,0.058823529411764705,16,16,CGAACGTGGGTCACGAACCC,0,3368319
ssnAp,0.058823529411764705,16,16,CCGCGATCAGGATTGGCCGC,0,3361816
ssnAp,0.058823529411764705,16,16,CCGAGTGTGTGACTGGAGCA,0,3364809
ssnAp,0.058823529411764705,16,16,CCGAAGAGCGCCATTACCTA,0,3392453
ssnAp,0.058823529411764705,16,16,CAGGACACGCATCACGCCGT,0,3372408
ssnAp,0.058823529411764705,16,16,CACTAGCGACTCGCGGGAGA,0,3399828
ssnAp,0.058823529411764705,16,16,CACGTGTCACATGAGAACAG,0,3396168
ssnAp,0.058823529411764705,16,16,CACCGACGCACGGGACTCTC,0,3388173
ssnAp,0.058823529411764705,16,16,ATGTCGGGTGATATCAAAGA,0,3370149
ssnAp,0.058823529411764705,16,16,ATGTAGATGTGTACTCGAAG,0,3393200
ssnAp,0.058823529411764705,16,16,ATAGGCTGGCGCGTTCGCGT,0,3365830
ssnAp,0.058823529411764705,16,16,ATAGGCAGAAGACAGCATAT,0,3389080
ssnAp,0.058823529411764705,16,16,ATACAGGCTGTAGAGAATGG,0,3373289
ssnAp,0.058823529411764705,16,16,AGTTGACTACGGGTACCATA,0,3362011
ssnAp,0.058823529411764705,16,16,AGTGATCCATTCGTTTAGTT,0,3388547
ssnAp,0.058823529411764705,16,16,AGTCTAATCAATTGATTCGT,0,3376656
ssnAp,0.058823529411764705,16,16,AGTATCCTATGGACTCGATG,0,3386491
ssnAp,0.058823529411764705,16,16,AGGTGGTCTAGAACGGGACT,0,3376402
ssnAp,0.058823529411764705,16,16,AGGTCCCTCCTTCTTTGCGA,0,3381463
ssnAp,0.058823529411764705,16,16,AGAGTAGCGGCTACTGCTCA,0,3377524
ssnAp,0.058823529411764705,16,16,AGAAACATACGTTGTGTTCT,0,3381170
ssnAp,0.058823529411764705,16,16,ACTTGATCTCGTGTAAATAC,0,3360080
ssnAp,0.058823529411764705,16,16,ACCATTGCGGGAAACTGGGT,0,3384410
ssnAp,0.058823529411764705,16,16,ACACGGTCGGCACGAAATTC,0,3373858
ssnAp,0.058823529411764705,16,16,ACAAAGACACTGTTCTGCCT,0,3400752
ssnAp,0.058823529411764705,16,16,AATATGCATCTTAGTTGCTT,0,3384578
ssnAp,0.058823529411764705,16,16,AATAGTATTCCCAACAGAAA,0,3366786
ssnAp,0.058823529411764705,16,16,AAGACGATAAATCAGAACGT,0,3362959
ssnAp,0.058823529411764705,16,16,AAGAATATAGGCGTACCGTA,0,3367834
ssnAp,0.058823529411764705,16,16,AACTTAGAACGGCTTCATTC,0,3364532
ssnAp,0.058823529411764705,16,16,AAAGTCTCTGGATGATGTTG,0,3368652
ssnAp,0.058823529411764705,16,16,AAAGTAACCTGTATTCGCTA,0,3368045
ssnAp,0.0625,15,15,TTGCTAAGGGCTTTACGCGG,0,3394401
ssnAp,0.0625,15,15,TTGATCGGCATCGCTCCGAT,0,3379386
ssnAp,0.0625,15,15,TTATCCTCGTAATCAAGGAT,0,3374742
ssnAp,0.0625,15,15,TTAGTGCATTTGAAACGACT,0,3376930
ssnAp,0.0625,15,15,TTACAGCTTGGCATCGAAAA,0,3359273
ssnAp,0.0625,15,15,TGTGCGGGGGAGACACCGCT,0,3369336
ssnAp,0.0625,15,15,TGTCCTGGACGAAAGAGGGG,0,3393435
ssnAp,0.0625,15,15,TGGTATTCATTCGTACGGTT,0,3362620
ssnAp,0.0625,15,15,TGGTAGACTTCATTAAAGTG,0,3359604
ssnAp,0.0625,15,15,TGATGCGCGTTATTACCTGC,0,3362986
ssnAp,0.0625,15,15,TCGGCTATATCTAGCTAATG,0,3369393
ssnAp,0.0625,15,15,TCGCGGGACGGGGGCCACTT,0,3398488
ssnAp,0.0625,15,15,TATTCAGGCTCGGAGGGCGT,0,3386067
ssnAp,0.0625,15,15,TATGGTGTCCCTTTGGAACC,0,3367327
ssnAp,0.0625,15,15,TATATGGTCGGAGTCGTCAA,0,3359607
ssnAp,0.0625,15,15,TAGGGCGCAAAAGACCTGCT,0,3398130
ssnAp,0.0625,15,15,TACGCCTGAATTATTTCTCA,0,3368480
ssnAp,0.0625,15,15,TACCAACTTTGATGATATCT,0,3394649
ssnAp,0.0625,15,15,TACAGTGAGGCACAACTGTC,0,3362103
ssnAp,0.0625,15,15,TAAGCACTTGCCCTCAGGAT,0,3375055
ssnAp,0.0625,15,15,GTGCCTTTGGGGCCTTGACG,0,3397528
ssnAp,0.0625,15,15,GTCTTGCTGTGCTCGGTCCT,0,3378330
ssnAp,0.0625,15,15,GTAGTAGGTTTCAGAGATGC,0,3381831
ssnAp,0.0625,15,15,GTACGGACCGCTCACTCGCG,0,3360936
ssnAp,0.0625,15,15,GTACCGAGTTAACATCATTA,0,3370682
ssnAp,0.0625,15,15,GGTCGGTACTCTTCGAGACT,0,3400555
ssnAp,0.0625,15,15,GGGTTCCGTGGTTTACCGGG,0,3384996
ssnAp,0.0625,15,15,GGGGGCTAAAGACGGCTCGA,0,3379652
ssnAp,0.0625,15,15,GGGACAGGGAGGAAAGCAAA,0,3368140
ssnAp,0.0625,15,15,GGCGATGCCAGGAGCGTAAG,0,3371296
ssnAp,0.0625,15,15,GGACCCCGCACAAGAGGTTG,0,3373467
ssnAp,0.0625,15,15,GGACAATAACTCTTCAGGAC,0,3364893
ssnAp,0.0625,15,15,GGAACCCTATATAGCCGCCC,0,3376530
ssnAp,0.0625,15,15,GCGGCCTGATTCGAGAGTGG,0,3385914
ssnAp,0.0625,15,15,GCGACTACTCCCAATTAATA,0,3391203
ssnAp,0.0625,15,15,GCCTCATCAGCTGCAAAAGA,0,3370379
ssnAp,0.0625,15,15,GATCCGAACTCGGTTCGGTT,0,3375746
ssnAp,0.0625,15,15,GATACCACCGGTAACACGTC,0,3385170
ssnAp,0.0625,15,15,GAGGACCCTTGCGTAGAAAG,0,3369716
ssnAp,0.0625,15,15,GACTAGAACTCATAGCTCTA,0,3389256
ssnAp,0.0625,15,15,GAATGTGTAGTAAAGATCGG,0,3376434
ssnAp,0.0625,15,15,CTTTGACAGAACGGTTTCGA,0,3382997
ssnAp,0.0625,15,15,CTGTACAATGATCCCTTCGA,0,3370137
ssnAp,0.0625,15,15,CTCTTCATCGGTTTTTACAT,0,3385702
ssnAp,0.0625,15,15,CTCGTGAACAGAATGTAAGA,0,3381979
ssnAp,0.0625,15,15,CTCGCAACGGTTAAACTGAT,0,3377894
ssnAp,0.0625,15,15,CTCCATCGTTCTCAATCGAA,0,3395362
ssnAp,0.0625,15,15,CTACTGTGGGGACACTCATG,0,3380159
ssnAp,0.0625,15,15,CTACCCGTTCTCAGACAACA,0,3377957
ssnAp,0.0625,15,15,CGTTAAGGCAGCGTTATGCG,0,3371431
ssnAp,0.0625,15,15,CGTGTCTTAGGTCAGAGTGC,0,3386985
ssnAp,0.0625,15,15,CGGCGGGGGGGTTTAAAGAC,0,3377553
ssnAp,0.0625,15,15,CGGCGCCGTCCCGCTGAAAA,0,3398489
ssnAp,0.0625,15,15,CGCCTTAATGCCTGCGGATA,0,3402231
ssnAp,0.0625,15,15,CGCCATCTTATGCTCAAGTC,0,3384103
ssnAp,0.0625,15,15,CGAGTCTACATACGATCGAT,0,3365275
ssnAp,0.0625,15,15,CGAGGGCAGGAGGCCGACGG,0,3376037
ssnAp,0.0625,15,15,CGACGCGCGATGATGGGCGC,0,3402199
ssnAp,0.0625,15,15,CCTTTTACAGAAGTGGCCGG,0,3393350
ssnAp,0.0625,15,15,CACTGGCCTGGATGTGAGTA,0,3383025
ssnAp,0.0625,15,15,CACTAGCGATGGAATCGTAA,0,3383435
ssnAp,0.0625,15,15,CAATTGTATGCAACGCGTGA,0,3398127
ssnAp,0.0625,15,15,CAATTATGCAAGCCCCAGCA,0,3371927
ssnAp,0.0625,15,15,CAATCCTCTAGAATTAGAAA,0,3384820
ssnAp,0.0625,15,15,CAACTTTCCCACCGTGGCGT,0,3370640
ssnAp,0.0625,15,15,CAACTCGGAACTTAATGTCC,0,3380973
ssnAp,0.0625,15,15,CAACCTCCGAGTCCCCACAT,0,3380489
ssnAp,0.0625,15,15,ATGTGGGCTGTCAGTCCGTT,0,3392791
ssnAp,0.0625,15,15,ATGCTGTTGCCGTGGCGCCT,0,3365633
ssnAp,0.0625,15,15,ATGCGCTATAGCCGGAACCA,0,3367598
ssnAp,0.0625,15,15,ATGAAGGTCCGGGTTATGTT,0,3379756
ssnAp,0.0625,15,15,ATCGGGTTTCATCCACAGAT,0,3380052
ssnAp,0.0625,15,15,ATAATACAATTATGTTAGGC,0,3371577
ssnAp,0.0625,15,15,AGGTGCCTAAAGAACGAGGG,0,3384577
ssnAp,0.0625,15,15,AGGCACGGGTTCGGCAGAAC,0,3374239
ssnAp,0.0625,15,15,AGACCGAGATCGATCGACAG,0,3390377
ssnAp,0.0625,15,15,ACTTTAACGCCAGGGCGCAG,0,3402426
ssnAp,0.0625,15,15,ACTTACAGTAATCATCTTGA,0,3377733
ssnAp,0.0625,15,15,ACTAGACGGCGTATTTGGTA,0,3375289
ssnAp,0.0625,15,15,ACGATGTTATTTACTACAAA,0,3363636
ssnAp,0.0625,15,15,ACCAGGGTATACGATTGCGT,0,3392335
ssnAp,0.0625,15,15,ACATTTCTTGACCCGAGGGT,0,3399095
ssnAp,0.0625,15,15,ACAGTGGGTTATTAGCTTAT,0,3369387
ssnAp,0.0625,15,15,ACAAAATATAGTAATGTGCT,0,3362536
ssnAp,0.0625,15,15,AAGCATGCCCGATACGGGCG,0,3361584
ssnAp,0.0625,15,15,AAGAGTTTCCTCCTCGCGGT,0,3359619
ssnAp,0.0625,15,15,AACCGTCAGTAATTCTCAGG,0,3398931
ssnAp,0.0625,15,15,AACCACCGTTAGACTAATCA,0,3393957
ssnAp,0.0625,15,15,AAAGACAGTAATGCTGTGAC,0,3388441
ssnAp,0.06666666666666667,14,14,TTGTACATTGGGGCGTGAGG,0,3377211
ssnAp,0.06666666666666667,14,14,TTCTGCCCGAATTTTAAATT,0,3379325
ssnAp,0.06666666666666667,14,14,TTCGTAATGTTGATGCGTTT,0,3385020
ssnAp,0.06666666666666667,14,14,TTCGGGCATGCAAGTATAAT,0,3390029
ssnAp,0.06666666666666667,14,14,TTCAGAGCGGGTCAATTCCT,0,3373413
ssnAp,0.06666666666666667,14,14,TTACGCTTCGTTGATGTACA,0,3361088
ssnAp,0.06666666666666667,14,14,TGTTCTTGGCCAAAAGTCAG,0,3379532
ssnAp,0.06666666666666667,14,14,TGTGCTCGTGATTTTTAAAT,0,3382645
ssnAp,0.06666666666666667,14,14,TGGCTGTCTTAAGGCAGTCT,0,3367822
ssnAp,0.06666666666666667,14,14,TGGAGTCTATTAGGAAGAAT,0,3388332
ssnAp,0.06666666666666667,14,14,TGCGTTCGTACCCAATTGTC,0,3390291
ssnAp,0.06666666666666667,14,14,TGCGTCATAGGCCAAGTACT,0,3372280
ssnAp,0.06666666666666667,14,14,TGCCGGGACTTTCTGCTCGG,0,3401369
ssnAp,0.06666666666666667,14,14,TGCAGACAATCTAACTCTAT,0,3359910
ssnAp,0.06666666666666667,14,14,TGCACGACTTCTTCTTAGGA,0,3365695
ssnAp,0.06666666666666667,14,14,TGATTGAGCCCAACCCAACG,0,3374002
ssnAp,0.06666666666666667,14,14,TGACTGTCATCTACGTAGTT,0,3359535
ssnAp,0.06666666666666667,14,14,TCGGGCAAGCTCACTTTAAC,0,3370268
ssnAp,0.06666666666666667,14,14,TCGCCGCTATTGGGAACATC,0,3367535
ssnAp,0.06666666666666667,14,14,TCGACGCGGCCCCGCCCTGT,0,3377920
ssnAp,0.06666666666666667,14,14,TCCGGCGCCGCGCCTTCGCG,0,3373996
ssnAp,0.06666666666666667,14,14,TCAATACCGTTGAACATGTG,0,3365023
ssnAp,0.06666666666666667,14,14,TATGATTACTTGGAGCGGTG,0,3396135
ssnAp,0.06666666666666667,14,14,TATGACTACTATGGCTGTGG,0,3361339
ssnAp,0.06666666666666667,14,14,TACGCTCCCAGGCTGTACTG,0,3364382
ssnAp,0.06666666666666667,14,14,TAAATGGATAGAACCAGGCG,0,3368778
ssnAp,0.06666666666666667,14,14,GTTATCAATGCATCCTTGGG,0,3373494
ssnAp,0.06666666666666667,14,14,GTGCGATAGTTCAAAGTGAG,0,3376499
ssnAp,0.06666666666666667,14,14,GTCAGTATTCAGCGCTATTA,0,3371697
ssnAp,0.06666666666666667,14,14,GTATTCTATGTACTTATGGT,0,3392421
ssnAp,0.06666666666666667,14,14,GTACGGTGCCCCACACTTGG,0,3376533
ssnAp,0.06666666666666667,14,14,GTAAGAATTCGCTCGAGGCG,0,3389541
ssnAp,0.06666666666666667,14,14,GGGCGAGCGGGGCAGTATGA,0,3375670
ssnAp,0.06666666666666667,14,14,GGCGCCTTTTCAATCCGATA,0,3390103
ssnAp,0.06666666666666667,14,14,GGCACGCCGGATCCGTGGAA,0,3398246
ssnAp,0.06666666666666667,14,14,GGAGTACCATTTTGGTGAAC,0,3390420
ssnAp,0.06666666666666667,14,14,GGACCCGGATCTAGATGCAG,0,3377609
ssnAp,0.06666666666666667,14,14,GCGCCGTCGCGTTGAGGGCA,0,3373928
ssnAp,0.06666666666666667,14,14,GCCTTCGCCTTGAGGGGGAA,0,3395018
ssnAp,0.06666666666666667,14,14,GCCAGGGAGTACCGTAGAGC,0,3373166
ssnAp,0.06666666666666667,14,14,GCCAAGTCGAACCTGGTTGG,0,3399380
ssnAp,0.06666666666666667,14,14,GCAATACGTTGACAGGTCTT,0,3385955
ssnAp,0.06666666666666667,14,14,GCAACAGTTCGTCACTACGC,0,3372589
ssnAp,0.06666666666666667,14,14,GATGGTACGCTGGCTTAGTC,0,3394410
ssnAp,0.06666666666666667,14,14,GATGCTGACGCACAGGGAAA,0,3386237
ssnAp,0.06666666666666667,14,14,GAGTCTGGACTAACCAACGT,0,3398140
ssnAp,0.06666666666666667,14,14,GAGGGAATAACTTGGGGCGA,0,3360448
ssnAp,0.06666666666666667,14,14,GAGCGACAATCCGCCGTAAC,0,3400778
ssnAp,0.06666666666666667,14,14,GACTCGGAGGAGACGCGAAC,0,3398663
ssnAp,0.06666666666666667,14,14,GACTACCGCTTGCCGTTGTG,0,3359656
ssnAp,0.06666666666666667,14,14,GACGGTTACTAACAATCGTC,0,3362008
ssnAp,0.06666666666666667,14,14,CTTGACTCAGCAGGCGCAAA,0,3362409
ssnAp,0.06666666666666667,14,14,CTTCGTCTAATCTGCATGGT,0,3380183
ssnAp,0.06666666666666667,14,14,CTTCATCACCGATAACCGGG,0,3385539
ssnAp,0.06666666666666667,14,14,CTGTCGTATGCATGTGAGCT,0,3360146
ssnAp,0.06666666666666667,14,14,CTGGGTTTGGAGTTTTCTTC,0,3362311
ssnAp,0.06666666666666667,14,14,CTCATCTCTCGGCAGATGAA,0,3385771
ssnAp,0.06666666666666667,14,14,CTATGCCACAACTAGCAAGC,0,3385836
ssnAp,0.06666666666666667,14,14,CTACCGGCACATGCTGAATT,0,3376900
ssnAp,0.06666666666666667,14,14,CGGTGTTGTGCGTATGAAAT,0,3380018
ssnAp,0.06666666666666667,14,14,CGGGCTTGTAAGAACGGGGT,0,3376860
ssnAp,0.06666666666666667,14,14,CGCGCGTTCGATACCGTGAA,0,3362750
ssnAp,0.06666666666666667,14,14,CGCGATAAAGGATTATACAA,0,3379149
ssnAp,0.06666666666666667,14,14,CGCCAATGGATCACGGGAGG,0,3375589
ssnAp,0.06666666666666667,14,14,CGATTATGAACCAGCGGCAT,0,3369905
ssnAp,0.06666666666666667,14,14,CGAGCACGATCCCCAACATC,0,3360548
ssnAp,0.06666666666666667,14,14,CGAATGCCGGCTTGGCGGTC,0,3360400
ssnAp,0.06666666666666667,14,14,CCTAGTGACCGTATGGATAA,0,3396227
ssnAp,0.06666666666666667,14,14,CCGCCATTCGTAGGTAGATG,0,3382649
ssnAp,0.06666666666666667,14,14,CCGACTAGTTACCCGAAAGT,0,3398851
ssnAp,0.06666666666666667,14,14,CCGAATGTGGACTCGTCAAA,0,3391598
ssnAp,0.06666666666666667,14,14,CCCTGGAGGGCTTATGGCCT,0,3376286
ssnAp,0.06666666666666667,14,14,CCCATGTCAATCGAATGTTC,0,3401145
ssnAp,0.06666666666666667,14,14,CCCACGTTGGCGGTTTCAGG,0,3373963
ssnAp,0.06666666666666667,14,14,CCAGCCTACCTATTTTCATG,0,3388414
ssnAp,0.06666666666666667,14,14,CCACCAAGCTCGTGTAAATA,0,3393127
ssnAp,0.06666666666666667,14,14,CATTCGCATCCTTGAAGCCG,0,3392151
ssnAp,0.06666666666666667,14,14,CATTCGATGAGCTCTAGTAA,0,3367783
ssnAp,0.06666666666666667,14,14,CATAGCTGCTTTGAAGCTCT,0,3386213
ssnAp,0.06666666666666667,14,14,CAGTACTGACCCGGTAGGAC,0,3362054
ssnAp,0.06666666666666667,14,14,CAGCGGCGTGAGTTAGACTT,0,3393351
ssnAp,0.06666666666666667,14,14,CACTCGTGTAAGCAAGTGCT,0,3361855
ssnAp,0.06666666666666667,14,14,CAATAGCGTATGGGGCTAAT,0,3362307
ssnAp,0.06666666666666667,14,14,CAACGAGCTATACAGGATTA,0,3371976
ssnAp,0.06666666666666667,14,14,CAACCGCTCGGTCACCAACA,0,3363342
ssnAp,0.06666666666666667,14,14,CAACCCGGACCGCAGGGTTT,0,3378078
ssnAp,0.06666666666666667,14,14,CAACAGTGCCTTCTAGAACA,0,3367916
ssnAp,0.06666666666666667,14,14,ATTGGCGTGCCCGAATGTCG,0,3394165
ssnAp,0.06666666666666667,14,14,ATCCCTATATCCCGCACCGG,0,3402512
ssnAp,0.06666666666666667,14,14,AGGTTAACAACGCAGCGATA,0,3392689
ssnAp,0.06666666666666667,14,14,AGGCGCTGGGCTCGTCATAA,0,3360114
ssnAp,0.06666666666666667,14,14,AGGAGGCCTTTATATACCGG,0,3382070
ssnAp,0.06666666666666667,14,14,AGCACGCGGAATGGACCAGA,0,3391701
ssnAp,0.06666666666666667,14,14,AGCAATGGGAAGTTCTGAGT,0,3360939
ssnAp,0.06666666666666667,14,14,AGATGAGCACCCTTGCCCCA,0,3374998
ssnAp,0.06666666666666667,14,14,AGACAGTGGGGGATTGGGGA,0,3369628
ssnAp,0.06666666666666667,14,14,ACTTTTTACCGTCTGTATTT,0,3387049
ssnAp,0.06666666666666667,14,14,ACTCGGTTCTTCTCTTCGCA,0,3399496
ssnAp,0.06666666666666667,14,14,ACGCGCAGGAACGCTTTGAT,0,3401514
ssnAp,0.06666666666666667,14,14,ACGAACTTGGTTATTGGACG,0,3396331
ssnAp,0.06666666666666667,14,14,ACCCTATGGATCGTTTCGCT,0,3377091
ssnAp,0.06666666666666667,14,14,ACCCGATCTGGTCACGATAG,0,3394624
ssnAp,0.06666666666666667,14,14,ACCCCTGAGTTCTTGTGTCT,0,3399510
ssnAp,0.06666666666666667,14,14,ACAAAAAAGGTCAATAATCG,0,3393579
ssnAp,0.06666666666666667,14,14,AAGTGTCTTTGGATCCTTCA,0,3365058
ssnAp,0.06666666666666667,14,14,AAGGTCTGTGGCCTAACCGA,0,3385825
ssnAp,0.06666666666666667,14,14,AAGCCCGTGAAGGCGGGGTT,0,3382798
ssnAp,0.06666666666666667,14,14,AAGAAGCCGAGGTAATGTGT,0,3375168
ssnAp,0.06666666666666667,14,14,AACTGTATCGCCGGTCTTAC,0,3371364
ssnAp,0.06666666666666667,14,14,AACCGCTGTACTCACCGCTG,0,3372928
ssnAp,0.06666666666666667,14,14,AACAAAAAGAAAAACCACCC,0,3391833
ssnAp,0.06666666666666667,14,14,AAATTCCAAAGTCAAAGAAG,0,3392705
ssnAp,0.06666666666666667,14,14,AAATGGGACCGCAGTATGAC,0,3361012
ssnAp,0.06666666666666667,14,14,AAACTTTGGATGGACCGCGT,0,3388030
ssnAp,0.07142857142857142,13,13,TTTTCTTTTACCGCTGTCAT,0,3392644
ssnAp,0.07142857142857142,13,13,TTTGCCAAGACAAGACGAAT,0,3369515
ssnAp,0.07142857142857142,13,13,TTTAGACACCGTGATCGTCA,0,3379867
ssnAp,0.07142857142857142,13,13,TTGGCCCGCTGCTATTACAG,0,3385829
ssnAp,0.07142857142857142,13,13,TTGAGAGGGCTAATGAATAG,0,3389759
ssnAp,0.07142857142857142,13,13,TTCGTAGGCCCAGGGTAAAT,0,3373354
ssnAp,0.07142857142857142,13,13,TTCACTTGGTCAGGCCGGCA,0,3392406
ssnAp,0.07142857142857142,13,13,TTACTTTGTGAAACGATAGA,0,3397886
ssnAp,0.07142857142857142,13,13,TTAAGCGAGGGCAGCTGCAA,0,3377465
ssnAp,0.07142857142857142,13,13,TGTGTACTCATACTAAACAC,0,3364158
ssnAp,0.07142857142857142,13,13,TGGTCGGTTGGGAAATTTAA,0,3380031
ssnAp,0.07142857142857142,13,13,TGGCCGTAGGAGACTCATTA,0,3378170
ssnAp,0.07142857142857142,13,13,TGGACGAGGACTGGCTGTCA,0,3369562
ssnAp,0.07142857142857142,13,13,TGCTTGTCTTGTCACGTTCG,0,3372375
ssnAp,0.07142857142857142,13,13,TGCAATGTTAGGTCTTATCG,0,3383875
ssnAp,0.07142857142857142,13,13,TGACCTCTGTACATGACTGT,0,3399703
ssnAp,0.07142857142857142,13,13,TGACAGGCACATTCTTACCA,0,3389536
ssnAp,0.07142857142857142,13,13,TCTCCGTAATTTGCAAGGGT,0,3372372
ssnAp,0.07142857142857142,13,13,TCCTTACACAGGAATATCAC,0,3389085
ssnAp,0.07142857142857142,13,13,TCCTCGCTAAGGTCAGGGCA,0,3368725
ssnAp,0.07142857142857142,13,13,TCCGCACTTAAAGGTCTTTT,0,3384110
ssnAp,0.07142857142857142,13,13,TCACTGTATGCGGCAGAATT,0,3392302
ssnAp,0.07142857142857142,13,13,TCACAGCTTGGAGATTCTTA,0,3364437
ssnAp,0.07142857142857142,13,13,TATGGGGTGCGTGTATATCT,0,3364932
ssnAp,0.07142857142857142,13,13,TATCTGCATCGCTGTGGGGG,0,3401618
ssnAp,0.07142857142857142,13,13,TATCTCCTTTTGTCCTCATA,0,3379945
ssnAp,0.07142857142857142,13,13,TAGCAGCTACGGCATGTTCT,0,3360404
ssnAp,0.07142857142857142,13,13,TAGCACATCCATAGCACTCT,0,3383815
ssnAp,0.07142857142857142,13,13,TACTCGGTCGGGGAACAACA,0,3398953
ssnAp,0.07142857142857142,13,13,TACGCTTATACAGCTGCCGA,0,3381246
ssnAp,0.07142857142857142,13,13,TACAGCCATTACCCAGTCCA,0,3372617
ssnAp,0.07142857142857142,13,13,TAATGGTCGAAGCCCTACGA,0,3376098
ssnAp,0.07142857142857142,13,13,TAATCGTACTTGATCAGTGT,0,3360880
ssnAp,0.07142857142857142,13,13,GTTGGTAAGGTTTTCAGGCT,0,3392997
ssnAp,0.07142857142857142,13,13,GTTGGGAGGGGGCCTAATAA,0,3382918
ssnAp,0.07142857142857142,13,13,GTTCCTAATGCGGACGAACG,0,3381629
ssnAp,0.07142857142857142,13,13,GTTAATAGGGCTTGGGCGCT,0,3379031
ssnAp,0.07142857142857142,13,13,GTGTGGGGTAGGCCTCAACT,0,3395672
ssnAp,0.07142857142857142,13,13,GTCTTACTATTCCTCGGCGA,0,3371710
ssnAp,0.07142857142857142,13,13,GTCTGTTAGGGTAAAAGTTC,0,3379141
ssnAp,0.07142857142857142,13,13,GTCAAACTGTTTGGCAGTTG,0,3396645
ssnAp,0.07142857142857142,13,13,GTATAGGGATACGAGATTCA,0,3388113
ssnAp,0.07142857142857142,13,13,GGTTTCTTACATCAGAGAAT,0,3382652
ssnAp,0.07142857142857142,13,13,GGTTGAGATCTGCAATAGGT,0,3383275
ssnAp,0.07142857142857142,13,13,GGTGCTTGGTAGGCGTGCAG,0,3380464
ssnAp,0.07142857142857142,13,13,GGGGTAGATCTCAAATACAA,0,3381639
ssnAp,0.07142857142857142,13,13,GGGCGAACGGCCAGTGGACA,0,3381392
ssnAp,0.07142857142857142,13,13,GGCGTATGAGCGCGACACCA,0,3368733
ssnAp,0.07142857142857142,13,13,GGCCTATGAATGGGAAAGTC,0,3375037
ssnAp,0.07142857142857142,13,13,GGCAGTAAAGGCTTTGCGAC,0,3377005
ssnAp,0.07142857142857142,13,13,GGAAAGGTGGCACCCCGGAC,0,3373355
ssnAp,0.07142857142857142,13,13,GCTTGCCACCCTGAACGCTA,0,3363362
ssnAp,0.07142857142857142,13,13,GCTTGAATACGGACAGCATA,0,3377121
ssnAp,0.07142857142857142,13,13,GCTGGCTATTGTTGATGCTT,0,3369855
ssnAp,0.07142857142857142,13,13,GCGTCTAGATCAAAAGGGGG,0,3362566
ssnAp,0.07142857142857142,13,13,GCGTCAAAATACGGAATAAG,0,3391777
ssnAp,0.07142857142857142,13,13,GATTGGCACTGGAAGTGGAG,0,3393068
ssnAp,0.07142857142857142,13,13,GATGGGTGTGAAGGACGGCC,0,3374963
ssnAp,0.07142857142857142,13,13,GAGCGTGACGTGTGGTTCGT,0,3393122
ssnAp,0.07142857142857142,13,13,GAATCGGCATCCGAGACTTT,0,3377260
ssnAp,0.07142857142857142,13,13,GAACCCAGCCATGAAACGAC,0,3388553
ssnAp,0.07142857142857142,13,13,CTTTTACGTACTCACAGTCA,0,3388158
ssnAp,0.07142857142857142,13,13,CTGACGGGGGGTCCCAGTTA,0,3395260
ssnAp,0.07142857142857142,13,13,CTCGGTTATCTTGGGAAGCA,0,3383417
ssnAp,0.07142857142857142,13,13,CTAACCGGGCACACCGCGAA,0,3382038
ssnAp,0.07142857142857142,13,13,CGGGTGCCAGGTGCCGCAGC,0,3371097
ssnAp,0.07142857142857142,13,13,CGGGGACCAATAGTTCGGGG,0,3377048
ssnAp,0.07142857142857142,13,13,CGGGCCGGAATCTATCATAA,0,3387988
ssnAp,0.07142857142857142,13,13,CGGCCTTCAGGCGAGCACAG,0,3387152
ssnAp,0.07142857142857142,13,13,CGGCCTATGTAAACTACGAA,0,3365166
ssnAp,0.07142857142857142,13,13,CGCCCGTGGCTTGTTTCGGA,0,3373855
ssnAp,0.07142857142857142,13,13,CGCATACCAGGGCGTCCCCC,0,3363792
ssnAp,0.07142857142857142,13,13,CGCACCCAATGCGCCCCGCA,0,3369220
ssnAp,0.07142857142857142,13,13,CGACGCCTACTACAGAATGG,0,3380616
ssnAp,0.07142857142857142,13,13,CCGCCCCGCTTATGGTCGTT,0,3380248
ssnAp,0.07142857142857142,13,13,CCCGGTCGGTCAGGTGTCGT,0,3359254
ssnAp,0.07142857142857142,13,13,CCCATGGCCACGTAAGACCA,0,3372070
ssnAp,0.07142857142857142,13,13,CCCACTTCATGTTTTACGGA,0,3393321
ssnAp,0.07142857142857142,13,13,CCATGTATTCCGCGAAAGCT,0,3381384
ssnAp,0.07142857142857142,13,13,CCAGTCATATGTATGGCCAC,0,3366687
ssnAp,0.07142857142857142,13,13,CCAATAGTTGTATCAATCCA,0,3398345
ssnAp,0.07142857142857142,13,13,CCAAAAGCTTGTGCTCGCTT,0,3371587
ssnAp,0.07142857142857142,13,13,CATGAGAATAAATTCCAGGA,0,3374379
ssnAp,0.07142857142857142,13,13,CATCTAGAAATCGCACGTTA,0,3385587
ssnAp,0.07142857142857142,13,13,CAAGGTACTTCCATATTGTT,0,3380811
ssnAp,0.07142857142857142,13,13,CAACTGAGATGGGCACGCGG,0,3362681
ssnAp,0.07142857142857142,13,13,ATTTAATCCGCGTTTCGGCA,0,3399386
ssnAp,0.07142857142857142,13,13,ATTGTTGGTCGAATGGGGGG,0,3383590
ssnAp,0.07142857142857142,13,13,ATGGTAGACATCATGGTAGA,0,3376901
ssnAp,0.07142857142857142,13,13,ATGCAGGCCTAGGACTCTAA,0,3399767
ssnAp,0.07142857142857142,13,13,ATGATCTTGTGTTGCTCGCA,0,3371015
ssnAp,0.07142857142857142,13,13,ATCTACGCATAGGCTAGAAC,0,3376825
ssnAp,0.07142857142857142,13,13,ATCGTTCGCATCACAAGAAG,0,3390019
ssnAp,0.07142857142857142,13,13,ATCGCTGGCAACGACGTTGT,0,3360038
ssnAp,0.07142857142857142,13,13,ATCGAGTCGCGTTAGGTTTG,0,3397369
ssnAp,0.07142857142857142,13,13,ATCCTGGAGAACAGGTACTA,0,3399825
ssnAp,0.07142857142857142,13,13,ATATTAATGACGGAGTCTCC,0,3398901
ssnAp,0.07142857142857142,13,13,ATAGTGGAAATGTGGGCGGC,0,3379112
ssnAp,0.07142857142857142,13,13,ATACGGCGAACGTCTCGGGT,0,3401966
ssnAp,0.07142857142857142,13,13,ATAAACTTACATGGTTTGTA,0,3379184
ssnAp,0.07142857142857142,13,13,AGTTCCGGACTTGTGGTTGC,0,3384140
ssnAp,0.07142857142857142,13,13,AGTTCAAGCCACTAAGACAA,0,3394413
ssnAp,0.07142857142857142,13,13,AGTGTTACTCTAGAGGGTCA,0,3360589
ssnAp,0.07142857142857142,13,13,AGGTGAGATCATTAAGTCTC,0,3385500
ssnAp,0.07142857142857142,13,13,AGGATGGATTTATGACCCTT,0,3399996
ssnAp,0.07142857142857142,13,13,AGCTCTAGGTCGTTCTTAGT,0,3391724
ssnAp,0.07142857142857142,13,13,AGCGCAGCTTATTGGTCAGA,0,3393421
ssnAp,0.07142857142857142,13,13,AGCAGAATGTTGGTTCTCAA,0,3380091
ssnAp,0.07142857142857142,13,13,AGCACATCCTCAAAAATAGG,0,3364948
ssnAp,0.07142857142857142,13,13,ACGTAAAAGAAAATCGCGGC,0,3361903
ssnAp,0.07142857142857142,13,13,ACGGTGTGGTCTAGGTGTAA,0,3401821
ssnAp,0.07142857142857142,13,13,ACGCACTGGACACGAGGCTC,0,3360379
ssnAp,0.07142857142857142,13,13,ACCTGAGCTCCAGTCCATAT,0,3391485
ssnAp,0.07142857142857142,13,13,ACCGGCTAAATTCGCACGTG,0,3395166
ssnAp,0.07142857142857142,13,13,ACACCTGCAAGTCCGATTGT,0,3389646
ssnAp,0.07142857142857142,13,13,AATTATTGCGAAGGCTAGAT,0,3377958
ssnAp,0.07142857142857142,13,13,AATGTGAAGCAGTGGTAAAA,0,3377195
ssnAp,0.07142857142857142,13,13,AAGGATATAACCGAATCATG,0,3369643
ssnAp,0.07142857142857142,13,13,AAGCTTTCGTGAGTAGTGCC,0,3365961
ssnAp,0.07142857142857142,13,13,AAGAATCAGATATTAGCCAA,0,3359864
ssnAp,0.07142857142857142,13,13,AACGAAAAACAGCGCCTGTT,0,3365673
ssnAp,0.07142857142857142,13,13,AAATATATTCTGACTATAAC,0,3365176
ssnAp,0.07142857142857142,13,13,AAAAATTGAGCACTGATTGA,0,3382021
ssnAp,0.07692307692307693,12,12,TTTTGTGGGAAGCAAGCGAT,0,3360079
ssnAp,0.07692307692307693,12,12,TTTGGTTCCGTTCGGAGCTT,0,3365548
ssnAp,0.07692307692307693,12,12,TTTGGCAACGAGAGGTGTTT,0,3376801
ssnAp,0.07692307692307693,12,12,TTGATGAATTCACGCCGGAA,0,3383707
ssnAp,0.07692307692307693,12,12,TTGATAGCTAAGCGCTTGAC,0,3375732
ssnAp,0.07692307692307693,12,12,TTGAGGGAACCCCACTCAGA,0,3367993
ssnAp,0.07692307692307693,12,12,TTCGAGTAAAGTGAAATACT,0,3363025
ssnAp,0.07692307692307693,12,12,TTATTCCGACTCACGGTTTT,0,3402638
ssnAp,0.07692307692307693,12,12,TTAGTGTGCCCAAACGTTCT,0,3401269
ssnAp,0.07692307692307693,12,12,TTAAGCTATCCATGCGTCTA,0,3363485
ssnAp,0.07692307692307693,12,12,TGTTCAGTTACTAAGTTTAT,0,3394632
ssnAp,0.07692307692307693,12,12,TGTGTAGAATCATCCGAGTT,0,3398952
ssnAp,0.07692307692307693,12,12,TGTCGCGGCGGCATAAGCGG,0,3395380
ssnAp,0.07692307692307693,12,12,TGGGTCGAGTAATTATACTA,0,3390670
ssnAp,0.07692307692307693,12,12,TGGGCTCAAAAGTAATAGAT,0,3386324
ssnAp,0.07692307692307693,12,12,TGCTAAAATTGCCCGCGGTG,0,3363764
ssnAp,0.07692307692307693,12,12,TGCGAACCCGGGCAAGACCA,0,3384725
ssnAp,0.07692307692307693,12,12,TGCCGGAGTCGATTCGAACT,0,3382899
ssnAp,0.07692307692307693,12,12,TGCCCGGCTTTTAATAGAGA,0,3368442
ssnAp,0.07692307692307693,12,12,TGCCCACCTGAGATACGCTA,0,3363628
ssnAp,0.07692307692307693,12,12,TGAGGGCCAGCTGCGTATAA,0,3361726
ssnAp,0.07692307692307693,12,12,TGACGACGTTTGTCATGAGT,0,3379994
ssnAp,0.07692307692307693,12,12,TGACCTGTGAACTCCCATAT,0,3379470
ssnAp,0.07692307692307693,12,12,TGAAGTATATTCTTTTGGTT,0,3364520
ssnAp,0.07692307692307693,12,12,TGAAAACCTCGCCAAAAGCC,0,3365055
ssnAp,0.07692307692307693,12,12,TCTTGACCACTAGATGAACA,0,3370467
ssnAp,0.07692307692307693,12,12,TCTGGGGTGATGTGACCACA,0,3388926
ssnAp,0.07692307692307693,12,12,TCTCAATGTGGCGCTATGAA,0,3393000
ssnAp,0.07692307692307693,12,12,TCTAGTTTCTTCGCACTCAC,0,3362909
ssnAp,0.07692307692307693,12,12,TCTAGGGACAAAGCTTTTTA,0,3392091
ssnAp,0.07692307692307693,12,12,TCTACCTAGGGTTGGACGAT,0,3397309
ssnAp,0.07692307692307693,12,12,TCCGTTTATCAGGCGTCTCG,0,3361055
ssnAp,0.07692307692307693,12,12,TCCGTCTAGGCCCAGAATGC,0,3398633
ssnAp,0.07692307692307693,12,12,TCCCAGTAGGCTTTAGCAAA,0,3371059
ssnAp,0.07692307692307693,12,12,TCCAGTAATCAGTACCGGGA,0,3401784
ssnAp,0.07692307692307693,12,12,TCCACTTATACTAGATAGAT,0,3401493
ssnAp,0.07692307692307693,12,12,TCAGGTGTACAGAAGATAGG,0,3367823
ssnAp,0.07692307692307693,12,12,TCAATTTCCATTGCGAGGTA,0,3362128
ssnAp,0.07692307692307693,12,12,TATTACTTACGTGCAGTCAG,0,3361053
ssnAp,0.07692307692307693,12,12,TATGGTAGATTCCACAGTTT,0,3382037
ssnAp,0.07692307692307693,12,12,TATCCTGCTACTGCCATATA,0,3365303
ssnAp,0.07692307692307693,12,12,TACTCCATTCGAACACATTT,0,3385565
ssnAp,0.07692307692307693,12,12,TACTAAATTAGGGGCGTAAT,0,3374421
ssnAp,0.07692307692307693,12,12,TACGGTAACAGTGGTATTGT,0,3367198
ssnAp,0.07692307692307693,12,12,TACGGAAACTTGGGGATATT,0,3393479
ssnAp,0.07692307692307693,12,12,TAAGACCATACGCTTTTGGT,0,3397480
ssnAp,0.07692307692307693,12,12,TAAGACATGCTCCCTTTCTG,0,3382287
ssnAp,0.07692307692307693,12,12,TAAATAACCGCCAGCTTCAC,0,3390333
ssnAp,0.07692307692307693,12,12,TAAAATGCAGAATTTGGACA,0,3373728
ssnAp,0.07692307692307693,12,12,GTTGCGAAACGTATCCTGCA,0,3379179
ssnAp,0.07692307692307693,12,12,GTTCTTAAAAGATCATGCCC,0,3371725
ssnAp,0.07692307692307693,12,12,GTTCCGGTTCCACGGCGGAG,0,3384835
ssnAp,0.07692307692307693,12,12,GTGGGATTCGCGCTTTCCAA,0,3369160
ssnAp,0.07692307692307693,12,12,GTGGCAGTAGGGTGCCAGAG,0,3365542
ssnAp,0.07692307692307693,12,12,GTGCACGAGTCGCGCAAATT,0,3387930
ssnAp,0.07692307692307693,12,12,GTGAGACACTGCAAGAGGAC,0,3381421
ssnAp,0.07692307692307693,12,12,GTCTTTAGTGGTGGGATCTC,0,3368921
ssnAp,0.07692307692307693,12,12,GTCTCGGCTATAGGACTAAG,0,3365174
ssnAp,0.07692307692307693,12,12,GTCGGGCTCGGTCGTGGGAA,0,3397203
ssnAp,0.07692307692307693,12,12,GTCCCAGCATAACGGCGCAT,0,3367076
ssnAp,0.07692307692307693,12,12,GTCATTGGCTCGGGCGTTGA,0,3377061
ssnAp,0.07692307692307693,12,12,GTCATTGAGTTATGTATCAG,0,3387624
ssnAp,0.07692307692307693,12,12,GTCATCTTATGTAGGCGAAA,0,3399859
ssnAp,0.07692307692307693,12,12,GTCAAACTGAGCGAAAAGAG,0,3377730
ssnAp,0.07692307692307693,12,12,GGTGGCCCTCCCTTCTCCCA,0,3393254
ssnAp,0.07692307692307693,12,12,GGTGCGCGTGTCTCTACACT,0,3393382
ssnAp,0.07692307692307693,12,12,GGTGATCACCAAGCATGTCC,0,3359462
ssnAp,0.07692307692307693,12,12,GGTCCTCTTTGCGATCTCTG,0,3364436
ssnAp,0.07692307692307693,12,12,GGGTTTCGGGACAAGTGATA,0,3397121
ssnAp,0.07692307692307693,12,12,GGGTTTAAAGGTCCGGTAGT,0,3387761
ssnAp,0.07692307692307693,12,12,GGGACTCAGCATCACTGTCG,0,3394236
ssnAp,0.07692307692307693,12,12,GGGACGGGAAAAGGAGACTC,0,3385107
ssnAp,0.07692307692307693,12,12,GGCCAAGATCGATCTAACGG,0,3371789
ssnAp,0.07692307692307693,12,12,GGCAGCTGCAATAGGAACCA,0,3385094
ssnAp,0.07692307692307693,12,12,GGCACAGGCTTTGGATGATA,0,3378455
ssnAp,0.07692307692307693,12,12,GGACCATACGCTACCAGTGT,0,3367175
ssnAp,0.07692307692307693,12,12,GGAAACTCTCTACTGGTCTG,0,3360667
ssnAp,0.07692307692307693,12,12,GCTTTCACCCCAACTGCCAA,0,3376120
ssnAp,0.07692307692307693,12,12,GCTCTAAATTAAAATGATGA,0,3363511
ssnAp,0.07692307692307693,12,12,GCGAGGGCTTCTACAAGCGC,0,3368949
ssnAp,0.07692307692307693,12,12,GCGACGTGTAGAAACCGAAT,0,3390346
ssnAp,0.07692307692307693,12,12,GCAGTGGCCTCCGACTTTTG,0,3375167
ssnAp,0.07692307692307693,12,12,GCAGGGCGGGGTCATAGTAA,0,3366132
ssnAp,0.07692307692307693,12,12,GCAGGGCCATAGGAGCATGT,0,3379186
ssnAp,0.07692307692307693,12,12,GCACGCAGGGTCCATTACTC,0,3366949
ssnAp,0.07692307692307693,12,12,GCACATTGTCCTCGCCTCGA,0,3379182
ssnAp,0.07692307692307693,12,12,GATGAATTTGATGCCGGCAG,0,3368651
ssnAp,0.07692307692307693,12,12,GATCTATATCCCGGTGACGG,0,3379965
ssnAp,0.07692307692307693,12,12,GATACCGTCCCATATTTTTT,0,3399819
ssnAp,0.07692307692307693,12,12,GATAAAGGGAGATTGTGCAG,0,3394837
ssnAp,0.07692307692307693,12,12,GAGTGGTCGAGACATGAAGA,0,3398951
ssnAp,0.07692307692307693,12,12,GAGTCTCTTGAATAGCAATG,0,3391890
ssnAp,0.07692307692307693,12,12,GAGTCCCAATAGGTATGAGA,0,3379457
ssnAp,0.07692307692307693,12,12,GAGGTCATTGGCCACTTTCT,0,3389807
ssnAp,0.07692307692307693,12,12,GACTGATGGTGTAGGATTTG,0,3377703
ssnAp,0.07692307692307693,12,12,GACTCCGAATAAAGGGATCG,0,3381535
ssnAp,0.07692307692307693,12,12,GACGGGTCATCGGATATTCG,0,3380171
ssnAp,0.07692307692307693,12,12,GACCCGCATGCAGTGCTAGG,0,3401960
ssnAp,0.07692307692307693,12,12,GACAATTACTGTGGTGTCGC,0,3364190
ssnAp,0.07692307692307693,12,12,GAATCACGACATAGCTAAGT,0,3386945
ssnAp,0.07692307692307693,12,12,GAAGTAATGTCAAATACACG,0,3400374
ssnAp,0.07692307692307693,12,12,GAAGCTCGCTTAGCAAGGGT,0,3387942
ssnAp,0.07692307692307693,12,12,GAAGACCGCTGGTCCGAGAA,0,3360980
ssnAp,0.07692307692307693,12,12,GAAATGCTGTGCCTGGGTTT,0,3373854
ssnAp,0.07692307692307693,12,12,CTGTAGGATGGGATTGAACA,0,3393953
ssnAp,0.07692307692307693,12,12,CTGAATTGGATCGCGCTATA,0,3376350
ssnAp,0.07692307692307693,12,12,CTCTGAGGATCGGTAGGGCA,0,3384942
ssnAp,0.07692307692307693,12,12,CTCTAATTTTCCGCTAGGAC,0,3394238
ssnAp,0.07692307692307693,12,12,CTCGGAGTCAAGATGATTCG,0,3374702
ssnAp,0.07692307692307693,12,12,CTCCGACTGTATAGGTATAT,0,3387903
ssnAp,0.07692307692307693,12,12,CTCACCGTGCTATAGCGAAA,0,3371301
ssnAp,0.07692307692307693,12,12,CTACCCGAGGTGATATCCCA,0,3370094
ssnAp,0.07692307692307693,12,12,CGTTGGCTGGCGCGGGGTAT,0,3362466
ssnAp,0.07692307692307693,12,12,CGTGCTCGGTACAGCGCAGA,0,3364416
ssnAp,0.07692307692307693,12,12,CGGTCAGCATTTCTGGGAAC,0,3366076
ssnAp,0.07692307692307693,12,12,CGGGCGCAGTAAGCAGGCTC,0,3402923
ssnAp,0.07692307692307693,12,12,CGGACCCGGAAGCTTAGGGG,0,3376134
ssnAp,0.07692307692307693,12,12,CGCCCGTCGTCCGCACTTCG,0,3389847
ssnAp,0.07692307692307693,12,12,CGCACGGAGGCATCTGGTTC,0,3394794
ssnAp,0.07692307692307693,12,12,CGCACCGCTGCTGCTCTCGC,0,3400779
ssnAp,0.07692307692307693,12,12,CGAGTCACCGGCAGCTAGAT,0,3365074
ssnAp,0.07692307692307693,12,12,CCTCGGGATGCGCATCTGTG,0,3393358
ssnAp,0.07692307692307693,12,12,CCTATGGGCAGCTCATAACT,0,3397157
ssnAp,0.07692307692307693,12,12,CCTATAAGATTCAATGCGGA,0,3401463
ssnAp,0.07692307692307693,12,12,CCTAGGCAGGCCTGCACTAG,0,3378712
ssnAp,0.07692307692307693,12,12,CCGTCCGCCCTTTCCAGCTT,0,3372141
ssnAp,0.07692307692307693,12,12,CCGCTTGAGGGGGCTCGATT,0,3365913
ssnAp,0.07692307692307693,12,12,CCGCGGACCATCGAATCGGG,0,3396600
ssnAp,0.07692307692307693,12,12,CCGCAGGAATACCGATCTTG,0,3379964
ssnAp,0.07692307692307693,12,12,CCGCACTGACTCTATAACCA,0,3397680
ssnAp,0.07692307692307693,12,12,CCGAGAGGGGGAATACTGGA,0,3394325
ssnAp,0.07692307692307693,12,12,CCGAATAAGGGGTGATTACA,0,3363422
ssnAp,0.07692307692307693,12,12,CCAGTACTGATCTCATGTTT,0,3387875
ssnAp,0.07692307692307693,12,12,CATTATGAGCGGCCTGTATT,0,3397523
ssnAp,0.07692307692307693,12,12,CATGTGGTGATCTACCCTAT,0,3391902
ssnAp,0.07692307692307693,12,12,CATCTGAAAAAGAGAGCAAT,0,3381838
ssnAp,0.07692307692307693,12,12,CATCCCTTCGATCGACTTTA,0,3365869
ssnAp,0.07692307692307693,12,12,CATATGATCGTATCGATCCG,0,3369677
ssnAp,0.07692307692307693,12,12,CAGTATTTAATAAGCCAGGC,0,3380059
ssnAp,0.07692307692307693,12,12,CAGGTTACACTTTGTCCGGC,0,3369052
ssnAp,0.07692307692307693,12,12,CAGGTGTTACGCGTAGCGAG,0,3360753
ssnAp,0.07692307692307693,12,12,CAGCTTCTTCCGCGTTCCGA,0,3388695
ssnAp,0.07692307692307693,12,12,CACGAGTGTTAACATAGCAT,0,3371907
ssnAp,0.07692307692307693,12,12,CACATTGCTTCAGGCGGTCT,0,3386031
ssnAp,0.07692307692307693,12,12,CACACTCTAGATATTTCCCA,0,3375078
ssnAp,0.07692307692307693,12,12,CAAGGTCATCCACCGATCTC,0,3366737
ssnAp,0.07692307692307693,12,12,CAACGTCTCGTTCGAATCCA,0,3368730
ssnAp,0.07692307692307693,12,12,CAAAATGACGATTAACGAGC,0,3390839
ssnAp,0.07692307692307693,12,12,CAAAAAAGTCGCCCTGGACC,0,3374215
ssnAp,0.07692307692307693,12,12,ATTGGACAGATCTCTAGGAC,0,3386934
ssnAp,0.07692307692307693,12,12,ATTAATGAAGAGGTTAATGT,0,3376026
ssnAp,0.07692307692307693,12,12,ATGTAACCAGGATAGCGTGG,0,3399137
ssnAp,0.07692307692307693,12,12,ATGGGTCAGGCGCGGGGGGT,0,3378037
ssnAp,0.07692307692307693,12,12,ATGCAGCGTTACGACTCGCT,0,3390472
ssnAp,0.07692307692307693,12,12,ATGACGGCCCATCAGTTATT,0,3398978
ssnAp,0.07692307692307693,12,12,ATGAACTCACATAAAGAATA,0,3372113
ssnAp,0.07692307692307693,12,12,ATCTCACATAGTTACAAAGG,0,3387531
ssnAp,0.07692307692307693,12,12,ATCGGAAGCAAGCTACAGTT,0,3400830
ssnAp,0.07692307692307693,12,12,ATCCAGATGAATGGCGCTTG,0,3360796
ssnAp,0.07692307692307693,12,12,ATCACCATTGTGTGCTATGA,0,3401638
ssnAp,0.07692307692307693,12,12,ATATGGGGAGCGCGCTAAAT,0,3383057
ssnAp,0.07692307692307693,12,12,ATATCTCGGGGTTTTAGCCT,0,3401916
ssnAp,0.07692307692307693,12,12,ATATACAACGCTTTCAACAC,0,3382874
ssnAp,0.07692307692307693,12,12,ATAGCGACTTCACCAGTTTT,0,3361518
ssnAp,0.07692307692307693,12,12,ATACGAAGTCATGTCCGGTT,0,3379873
ssnAp,0.07692307692307693,12,12,ATAACGTTAAATGAGCGCAT,0,3402469
ssnAp,0.07692307692307693,12,12,ATAACAAATATGACTCCTAT,0,3365443
ssnAp,0.07692307692307693,12,12,AGTGTGGAGCATGCACGCTT,0,3393135
ssnAp,0.07692307692307693,12,12,AGTGGGAGTTATGAGTCGTA,0,3369557
ssnAp,0.07692307692307693,12,12,AGTATCCGATTGGTAAGAAT,0,3362096
ssnAp,0.07692307692307693,12,12,AGTAACGAGCTAACTGGTAG,0,3386615
ssnAp,0.07692307692307693,12,12,AGGGGTAATTTCGGACGCAA,0,3379430
ssnAp,0.07692307692307693,12,12,AGGATCAAGCTACGGCGTGA,0,3380615
ssnAp,0.07692307692307693,12,12,AGGAGCGAGTCGGTATCCTA,0,3362209
ssnAp,0.07692307692307693,12,12,AGCGGGGCCGTGAAATTCGT,0,3393554
ssnAp,0.07692307692307693,12,12,AGCCAACTATGGCCCATTGG,0,3398348
ssnAp,0.07692307692307693,12,12,AGCAGCACTTCTGGCGCTAC,0,3385473
ssnAp,0.07692307692307693,12,12,AGCACAAGCATATGCGTCTA,0,3402801
ssnAp,0.07692307692307693,12,12,AGACTTCTGGAATGACTTGT,0,3365135
ssnAp,0.07692307692307693,12,12,ACTCTCGTTGTTCTAGAGAG,0,3365429
ssnAp,0.07692307692307693,12,12,ACTCGGTCTCAATGGCCCAC,0,3361974
ssnAp,0.07692307692307693,12,12,ACTCGACGTTATTGCGCTCT,0,3371366
ssnAp,0.07692307692307693,12,12,ACGATCGTGTGTACTTTGTA,0,3373168
ssnAp,0.07692307692307693,12,12,ACGATAGTCACCGCGAGATT,0,3394815
ssnAp,0.07692307692307693,12,12,ACCTTTTATAGGAAAACCAT,0,3366721
ssnAp,0.07692307692307693,12,12,ACCCTATAGCCACTTCTGCC,0,3372278
ssnAp,0.07692307692307693,12,12,ACATGGTGACAAATGCGTCT,0,3394235
ssnAp,0.07692307692307693,12,12,ACACAGCATGCATTGACTGC,0,3359437
ssnAp,0.07692307692307693,12,12,ACAACTTGGTTCCAAGCCAG,0,3382172
ssnAp,0.07692307692307693,12,12,AAGGTTCCGTAATGACTCCA,0,3362105
ssnAp,0.07692307692307693,12,12,AAGGTGGATCGGGTGCTAAT,0,3359464
ssnAp,0.07692307692307693,12,12,AAGGGGACAGCTGGGGAAGA,0,3369526
ssnAp,0.07692307692307693,12,12,AAGGGCCGGCGCGCGGGTGA,0,3363679
ssnAp,0.07692307692307693,12,12,AAGCATCTTCTTCCCCGGAT,0,3393986
ssnAp,0.07692307692307693,12,12,AACTTACCTCTGGCGGATGC,0,3384340
ssnAp,0.07692307692307693,12,12,AACTCCACGCTGTATAATGG,0,3371792
ssnAp,0.07692307692307693,12,12,AACTCACTACAACATAAAGA,0,3369450
ssnAp,0.07692307692307693,12,12,AACGTATGTTTGCGGAGCAG,0,3377521
ssnAp,0.07692307692307693,12,12,AACGAACTCACTGTTTGCTT,0,3370958
ssnAp,0.07692307692307693,12,12,AACATTTGACTGATAATTGA,0,3363054
ssnAp,0.07692307692307693,12,12,AAATTACGGACCCTTAGAGA,0,3364109
ssnAp,0.07692307692307693,12,12,AAATCATTTGCTATCAGTCA,0,3381294
ssnAp,0.07692307692307693,12,12,AAACGTGCGCTCCAAATGAC,0,3368694
ssnAp,0.07692307692307693,12,12,AAACCGACTTTCTCTGTGTA,0,3391651
ssnAp,0.07692307692307693,12,12,AAAATTATCCGGAAGATGGT,0,3368669
ssnAp,0.08333333333333333,11,11,TTTTGAGTGTCGGGCTTGAA,0,3389037
ssnAp,0.08333333333333333,11,11,TTTTGAAAAGTTTGTGGCGA,0,3388677
ssnAp,0.08333333333333333,11,11,TTGTCGTAGCTAATACACCG,0,3375573
ssnAp,0.08333333333333333,11,11,TTGTCGGAAATCAGTTCACA,0,3391155
ssnAp,0.08333333333333333,11,11,TTGGGCCACTTGTTCCAATT,0,3398342
ssnAp,0.08333333333333333,11,11,TTGGCACTTGTCACGGGCTC,0,3362267
ssnAp,0.08333333333333333,11,11,TTGAAATGTATCTTCAGCCA,0,3368138
ssnAp,0.08333333333333333,11,11,TTCTGGCTCTGCGGCCAAAG,0,3363308
ssnAp,0.08333333333333333,11,11,TTCTAAGACTCCATCCATTT,0,3399959
ssnAp,0.08333333333333333,11,11,TTCCGTACCAGGTTGGATTA,0,3361443
ssnAp,0.08333333333333333,11,11,TTCCGCACGAAGTGCACACA,0,3372874
ssnAp,0.08333333333333333,11,11,TTCCCTTTGGCGGAATTAAT,0,3388442
ssnAp,0.08333333333333333,11,11,TTCACGTCCCGCCCCAGATG,0,3364996
ssnAp,0.08333333333333333,11,11,TTCAATGCACATCATCTACC,0,3387455
ssnAp,0.08333333333333333,11,11,TTCAAATACGGTAAGTCAGA,0,3362898
ssnAp,0.08333333333333333,11,11,TTATGACTAGAAGCGGACTT,0,3386653
ssnAp,0.08333333333333333,11,11,TGTCATCGGAGACCCAGAGG,0,3380784
ssnAp,0.08333333333333333,11,11,TGGGGAAGTTTTGATGTCTC,0,3383551
ssnAp,0.08333333333333333,11,11,TGGGAGGACCCCGACCCTTT,0,3368427
ssnAp,0.08333333333333333,11,11,TGGCTCAACCCCCAGCCGTA,0,3359247
ssnAp,0.08333333333333333,11,11,TGGCCGAATGTATTAGCAGA,0,3387517
ssnAp,0.08333333333333333,11,11,TGGCAGCACCCCGCAACTAT,0,3359572
ssnAp,0.08333333333333333,11,11,TGCTGCGAACCAACGGCGTG,0,3367441
ssnAp,0.08333333333333333,11,11,TGCGCCTCCCGGATGATAAA,0,3373300
ssnAp,0.08333333333333333,11,11,TGCGAGGGGGTTCCGCCGAT,0,3386812
ssnAp,0.08333333333333333,11,11,TGCACTGTGACGCCCACCCC,0,3398563
ssnAp,0.08333333333333333,11,11,TGCAACTTGGGGTCGATGCG,0,3365265
ssnAp,0.08333333333333333,11,11,TGATGGCATTTCGGGAGGGA,0,3391926
ssnAp,0.08333333333333333,11,11,TGAGTGTGGTGGTATGAGGA,0,3378925
ssnAp,0.08333333333333333,11,11,TGACGGTAAGCGGGTCGTCT,0,3394373
ssnAp,0.08333333333333333,11,11,TGAATGTGAGAGATTCGTTC,0,3390084
ssnAp,0.08333333333333333,11,11,TCTTGATGCAAACGGATCTA,0,3377949
ssnAp,0.08333333333333333,11,11,TCGGATTATATTGACTGTTG,0,3362749
ssnAp,0.08333333333333333,11,11,TCCATCTTTTTGGTGTCCCC,0,3386422
ssnAp,0.08333333333333333,11,11,TCATATTCTAGGTGAGGAAT,0,3400417
ssnAp,0.08333333333333333,11,11,TCATAAATCGCGCGTCTCGA,0,3392158
ssnAp,0.08333333333333333,11,11,TCAGACATCACCCAACGGCG,0,3361925
ssnAp,0.08333333333333333,11,11,TCACTCGATACATCAGCATC,0,3370477
ssnAp,0.08333333333333333,11,11,TCACGACTCAGCCCTAGGTG,0,3367750
ssnAp,0.08333333333333333,11,11,TCAACAGTCAACGAAGATTT,0,3381051
ssnAp,0.08333333333333333,11,11,TATTCAAGTAGTCTTCGGCG,0,3361355
ssnAp,0.08333333333333333,11,11,TATGCGTAGGGTGCGGTACA,0,3366581
ssnAp,0.08333333333333333,11,11,TATGCAGACGACGTCTTAGG,0,3359700
ssnAp,0.08333333333333333,11,11,TATCGGCTCCTCCGCTTTAA,0,3387777
ssnAp,0.08333333333333333,11,11,TATCGAAGCTGACGCACCTC,0,3383909
ssnAp,0.08333333333333333,11,11,TATCATGTGAGATCGAATGG,0,3361203
ssnAp,0.08333333333333333,11,11,TATCAAAAATGCAGACGTCA,0,3376400
ssnAp,0.08333333333333333,11,11,TATAGGTCCTTACGTGCGTC,0,3390530
ssnAp,0.08333333333333333,11,11,TATAGGCTTCTTCAGGTGAT,0,3400844
ssnAp,0.08333333333333333,11,11,TATAGCAATACCTGGCGACT,0,3381589
ssnAp,0.08333333333333333,11,11,TAGTGAGCCAAGCCTCATCA,0,3359809
ssnAp,0.08333333333333333,11,11,TACACCGCCGCTAGTGGAAG,0,3383019
ssnAp,0.08333333333333333,11,11,TACACATGAGTTGTGCGCCT,0,3364469
ssnAp,0.08333333333333333,11,11,TACACACGGTGACCTATGGC,0,3377047
ssnAp,0.08333333333333333,11,11,TAAGTATGCGGTGTTTGGAA,0,3366078
ssnAp,0.08333333333333333,11,11,TAACGCCCAAGCATCGGACA,0,3397664
ssnAp,0.08333333333333333,11,11,TAAATGTACACTCTGGTAGA,0,3370425
ssnAp,0.08333333333333333,11,11,GTTTTGTTCCCGACCCTAGT,0,3400440
ssnAp,0.08333333333333333,11,11,GTTGGGGGGTAATTTTCACG,0,3402712
ssnAp,0.08333333333333333,11,11,GTTGCCGCTAGTCGTCTAAT,0,3360550
ssnAp,0.08333333333333333,11,11,GTTGAGGAAATATCAGCGAC,0,3382335
ssnAp,0.08333333333333333,11,11,GTTAGCGACCTAATCTATCG,0,3396684
ssnAp,0.08333333333333333,11,11,GTGGAGTGAGCGGCGTGGGA,0,3392513
ssnAp,0.08333333333333333,11,11,GTCTGCTTTCTGCTACAGAT,0,3388172
ssnAp,0.08333333333333333,11,11,GTCTGCTCCCTCCAGCCGTG,0,3390579
ssnAp,0.08333333333333333,11,11,GTCGGTGACTTGTATGTGGA,0,3395074
ssnAp,0.08333333333333333,11,11,GTCGATCGCTTGGCGTTCTT,0,3376687
ssnAp,0.08333333333333333,11,11,GTCGATAAGAAGCGAGTGTT,0,3372481
ssnAp,0.08333333333333333,11,11,GTCATTTTCCAAAGTGAGCA,0,3362313
ssnAp,0.08333333333333333,11,11,GGTAACGGAGTCCACGCCGC,0,3370791
ssnAp,0.08333333333333333,11,11,GGGTCCTAGAAACAAGATGT,0,3369085
ssnAp,0.08333333333333333,11,11,GGGGACTTACCGTATTAAGT,0,3392489
ssnAp,0.08333333333333333,11,11,GGGCTAATAAGGCTGCGACA,0,3396167
ssnAp,0.08333333333333333,11,11,GGCGAGTGACAAGGCTTCAT,0,3371825
ssnAp,0.08333333333333333,11,11,GGATGTTTAGCTCGACGATG,0,3362712
ssnAp,0.08333333333333333,11,11,GGATGTGTGGATCTAAGAAA,0,3360156
ssnAp,0.08333333333333333,11,11,GGATGCCCGGTTCAGACATA,0,3371102
ssnAp,0.08333333333333333,11,11,GGAATTCTACAGCGAACCCA,0,3362042
ssnAp,0.08333333333333333,11,11,GCTTAGAGTAACTACCGTCT,0,3400979
ssnAp,0.08333333333333333,11,11,GCTGGTCGCCATTCCCGAGT,0,3390127
ssnAp,0.08333333333333333,11,11,GCCATGGCGGGTCAGCTTCC,0,3367920
ssnAp,0.08333333333333333,11,11,GCCATACGTAAGCCCGGGCC,0,3362581
ssnAp,0.08333333333333333,11,11,GCCATACAAATTTAAGTCCA,0,3389862
ssnAp,0.08333333333333333,11,11,GCCAGTCTACAATTATGATT,0,3392491
ssnAp,0.08333333333333333,11,11,GCATAAGATCTACTATGTCG,0,3374144
ssnAp,0.08333333333333333,11,11,GCAGTCGTGGGAAACGTCTA,0,3370899
ssnAp,0.08333333333333333,11,11,GCACGAATATTACGATCCAT,0,3390960
ssnAp,0.08333333333333333,11,11,GCAAATTCAATTGAGAGTTG,0,3378980
ssnAp,0.08333333333333333,11,11,GATTGACAACATAATCGTCT,0,3368482
ssnAp,0.08333333333333333,11,11,GATGTTGTTAGGCCGGCGCC,0,3381283
ssnAp,0.08333333333333333,11,11,GATGCAATTTTGATATCAAA,0,3384278
ssnAp,0.08333333333333333,11,11,GATATGGGATGACATCGAAT,0,3368092
ssnAp,0.08333333333333333,11,11,GATATCTAAAGGGGAACTCC,0,3373276
ssnAp,0.08333333333333333,11,11,GATATAAGCCTTGCATGTTA,0,3381334
ssnAp,0.08333333333333333,11,11,GAGTCTTCCTTGGTAGGTTC,0,3361544
ssnAp,0.08333333333333333,11,11,GAGGTGGATGTATTATTAAA,0,3398442
ssnAp,0.08333333333333333,11,11,GAGGCTTCTTCACAACTGTT,0,3392510
ssnAp,0.08333333333333333,11,11,GAGGCTGGGAATATATGGCG,0,3398268
ssnAp,0.08333333333333333,11,11,GACTGGCGTGGAACAGGCAT,0,3365730
ssnAp,0.08333333333333333,11,11,GACTCGCGTCTTAGCGCGTG,0,3367937
ssnAp,0.08333333333333333,11,11,GACTCGATTCTAGACACCTT,0,3396567
ssnAp,0.08333333333333333,11,11,GACCTACGTCTCCGCACTCA,0,3375038
ssnAp,0.08333333333333333,11,11,GACCGCTAACAGTGCAACAC,0,3398468
ssnAp,0.08333333333333333,11,11,GACCACCTACCCAGAACCGT,0,3401990
ssnAp,0.08333333333333333,11,11,GAATGAAGCCCTACCACGTT,0,3382762
ssnAp,0.08333333333333333,11,11,GAAAATGTTACTGTTGCCTT,0,3378724
ssnAp,0.08333333333333333,11,11,CTTGAGGTCTGGTCGGGGGA,0,3372921
ssnAp,0.08333333333333333,11,11,CTTCATAGACCACCTACCAT,0,3373162
ssnAp,0.08333333333333333,11,11,CTCACTCTTACGTTCCAGCG,0,3365422
ssnAp,0.08333333333333333,11,11,CTAGCTCTTGCATCGGGTCG,0,3361786
ssnAp,0.08333333333333333,11,11,CTACAACAGGACTTTCGTAG,0,3386505
ssnAp,0.08333333333333333,11,11,CGTGGACAGCCTGAAAGTCC,0,3399469
ssnAp,0.08333333333333333,11,11,CGTAGCCGAGCTAGCCCGTA,0,3371711
ssnAp,0.08333333333333333,11,11,CGTACGGTGTTCAGTTTGTC,0,3399196
ssnAp,0.08333333333333333,11,11,CGGTGGTGCGGAAGAACGTT,0,3374950
ssnAp,0.08333333333333333,11,11,CGGTACGCTTACCGGTTGAC,0,3376824
ssnAp,0.08333333333333333,11,11,CGGGGGTGGTTTTAGGCCAA,0,3381356
ssnAp,0.08333333333333333,11,11,CGGGGCCTCATGCCAAATAT,0,3361852
ssnAp,0.08333333333333333,11,11,CGGGGACCGGGTCGCTTCAC,0,3386489
ssnAp,0.08333333333333333,11,11,CGCTTACGTGTTGTCAGAAG,0,3376045
ssnAp,0.08333333333333333,11,11,CGCTGTAGTTGTATCGCCCT,0,3359710
ssnAp,0.08333333333333333,11,11,CGCTCCTGAGGTGGCAGACG,0,3394958
ssnAp,0.08333333333333333,11,11,CGCGTATCCGCTGCGTTTCT,0,3381746
ssnAp,0.08333333333333333,11,11,CGCGAGGGTAATCTGATCTC,0,3365334
ssnAp,0.08333333333333333,11,11,CGCCCCGCTTGCTCAGTAAT,0,3386718
ssnAp,0.08333333333333333,11,11,CGCAGCAATGAGATGTTCGT,0,3383168
ssnAp,0.08333333333333333,11,11,CGCACGACATTTTCGGCGGT,0,3395340
ssnAp,0.08333333333333333,11,11,CGATGCGGGCAGGTGAAGTC,0,3386492
ssnAp,0.08333333333333333,11,11,CCTCATCTCAACCGCGGTAC,0,3385635
ssnAp,0.08333333333333333,11,11,CCGCTTCGCACGTTTATATA,0,3397987
ssnAp,0.08333333333333333,11,11,CCGCGAAGGATAGGTGTACG,0,3378601
ssnAp,0.08333333333333333,11,11,CCGATCAGGTAGCGCCCAAG,0,3390250
ssnAp,0.08333333333333333,11,11,CCGAGGGGAATTGTTGGTTA,0,3374673
ssnAp,0.08333333333333333,11,11,CCCGTAGTGTAGTGGCCTTT,0,3387058
ssnAp,0.08333333333333333,11,11,CCCGGATAGCGTAACGTCAA,0,3378118
ssnAp,0.08333333333333333,11,11,CCCCATCCGCCAAGACATTC,0,3388472
ssnAp,0.08333333333333333,11,11,CCATCCTTTGACAGCTCCGA,0,3376102
ssnAp,0.08333333333333333,11,11,CCACAACTATCGAGGCTCGT,0,3384346
ssnAp,0.08333333333333333,11,11,CCAATAGGCCGGCTGGCAAT,0,3386075
ssnAp,0.08333333333333333,11,11,CATTGAACAACACGTAGATT,0,3390551
ssnAp,0.08333333333333333,11,11,CATGCGCTGAGACCTACCGA,0,3385398
ssnAp,0.08333333333333333,11,11,CATCGACAGAAATGTCCTAC,0,3394771
ssnAp,0.08333333333333333,11,11,CATACGTCTCCAGTTTGAAG,0,3363902
ssnAp,0.08333333333333333,11,11,CAGTTGCCAAAGACTGCGAG,0,3362092
ssnAp,0.08333333333333333,11,11,CAGTGGCCGTGCCTCGCTCC,0,3374929
ssnAp,0.08333333333333333,11,11,CAGCCACGCAACCCTATGAG,0,3371411
ssnAp,0.08333333333333333,11,11,CAGCATCTGAGGCTATGGAC,0,3388121
ssnAp,0.08333333333333333,11,11,CAGATGCTACGTACAGCCAT,0,3387901
ssnAp,0.08333333333333333,11,11,CAGAGAGGCGAGCGGGAACA,0,3365885
ssnAp,0.08333333333333333,11,11,CAGACACCACATGCCGACCA,0,3380211
ssnAp,0.08333333333333333,11,11,CACGTTGCGTATTTTTTCCC,0,3377261
ssnAp,0.08333333333333333,11,11,CACCCTCGGGCGCGAGCTGT,0,3378193
ssnAp,0.08333333333333333,11,11,CACAGTCAGAGCTGCGTCGC,0,3379507
ssnAp,0.08333333333333333,11,11,CACAGGGAATGGCTATGGAA,0,3377057
ssnAp,0.08333333333333333,11,11,CAATACACCATACGACTCTC,0,3381928
ssnAp,0.08333333333333333,11,11,CAAGTGGACACGAATAATTA,0,3367940
ssnAp,0.08333333333333333,11,11,CAACGGACTAGAATAATTTG,0,3385706
ssnAp,0.08333333333333333,11,11,CAACACACCACTGGTTTCTC,0,3361594
ssnAp,0.08333333333333333,11,11,CAAAGGGCTTCCGAAGGCCC,0,3366734
ssnAp,0.08333333333333333,11,11,ATTGGGTTGAATGTTTGTAT,0,3391997
ssnAp,0.08333333333333333,11,11,ATTAATTCAGGTAGTACAGG,0,3371694
ssnAp,0.08333333333333333,11,11,ATGATGCTCTTGTTTCCCGA,0,3384138
ssnAp,0.08333333333333333,11,11,ATCGCGTCCTGCACCTTCGA,0,3370143
ssnAp,0.08333333333333333,11,11,ATCCCATTATGGGATAAATC,0,3387973
ssnAp,0.08333333333333333,11,11,ATCAGCCCTGCCCCAGTCAA,0,3369514
ssnAp,0.08333333333333333,11,11,ATCAAGTGTACTTGAGTCGT,0,3392264
ssnAp,0.08333333333333333,11,11,ATAGACTACACAGGACAGCT,0,3388977
ssnAp,0.08333333333333333,11,11,ATACGGGTAACAAACCTGTA,0,3373222
ssnAp,0.08333333333333333,11,11,ATACCCACATGGCCAAAGTT,0,3400859
ssnAp,0.08333333333333333,11,11,ATACATAACTATGCGACAAC,0,3388644
ssnAp,0.08333333333333333,11,11,ATAATGGAAATGCCAAAATG,0,3395967
ssnAp,0.08333333333333333,11,11,AGTTAAGACCTTGCTCGGCC,0,3365251
ssnAp,0.08333333333333333,11,11,AGGTGTACAATGAAATGCCG,0,3378282
ssnAp,0.08333333333333333,11,11,AGGGCGGTGGCCATTCGATG,0,3375068
ssnAp,0.08333333333333333,11,11,AGGCGGTGATTGGGTAGTAT,0,3368225
ssnAp,0.08333333333333333,11,11,AGGCGGGTTCGGGAAAGCTA,0,3359486
ssnAp,0.08333333333333333,11,11,AGGCACATGTTCGCTGTTAG,0,3359981
ssnAp,0.08333333333333333,11,11,AGCTGCTGCTGGGTTACCGG,0,3369558
ssnAp,0.08333333333333333,11,11,AGCGTATGAGCTTCCTTGGA,0,3383759
ssnAp,0.08333333333333333,11,11,AGCCCGAGCCCACTCCCGTG,0,3385043
ssnAp,0.08333333333333333,11,11,AGCAGATATGTCCATTGCAT,0,3370696
ssnAp,0.08333333333333333,11,11,AGACTCTATGGCAAACCTAG,0,3360070
ssnAp,0.08333333333333333,11,11,AGACCCTATTGGAAATGTAG,0,3390963
ssnAp,0.08333333333333333,11,11,ACTCTGGACAATGGTATGGT,0,3392993
ssnAp,0.08333333333333333,11,11,ACTAGCCGGGAGGTCTTGGG,0,3396556
ssnAp,0.08333333333333333,11,11,ACGTTTACCGGCGGACGGCT,0,3397055
ssnAp,0.08333333333333333,11,11,ACGTCATCAGGGCGAGGCTA,0,3386285
ssnAp,0.08333333333333333,11,11,ACGGTCATTTGCGCTTCCCA,0,3375424
ssnAp,0.08333333333333333,11,11,ACGCTCGTCACGCGCATCGT,0,3375006
ssnAp,0.08333333333333333,11,11,ACGCAGAGTTTACCAATCGT,0,3360398
ssnAp,0.08333333333333333,11,11,ACGATGAGAACGAGTTAAGT,0,3361338
ssnAp,0.08333333333333333,11,11,ACGAGCCCACATTGAAATGG,0,3392405
ssnAp,0.08333333333333333,11,11,ACCCTAAGAGGCCAAGCAGG,0,3390475
ssnAp,0.08333333333333333,11,11,ACCCGCGGAATCGAGACGTA,0,3388257
ssnAp,0.08333333333333333,11,11,ACATCCCGTGATACAAAAAG,0,3389996
ssnAp,0.08333333333333333,11,11,ACAGCGCCAGTCCTCCAGTC,0,3374653
ssnAp,0.08333333333333333,11,11,ACAGATGGAGGGCGGAATCA,0,3396225
ssnAp,0.08333333333333333,11,11,ACACGAGGTCTAGCGACCGA,0,3386634
ssnAp,0.08333333333333333,11,11,ACACAATTAGGCTTCGGGCA,0,3399413
ssnAp,0.08333333333333333,11,11,AATTGTCATTTCCCTACCGT,0,3364640
ssnAp,0.08333333333333333,11,11,AATTGGATGTAGATTGGGCA,0,3383908
ssnAp,0.08333333333333333,11,11,AATAGAGTCGCGCAATCCGT,0,3390347
ssnAp,0.08333333333333333,11,11,AATACGTGTTGCTATAACCT,0,3380508
ssnAp,0.08333333333333333,11,11,AAGTCTTGTCGGTAAGCTTT,0,3371859
ssnAp,0.08333333333333333,11,11,AAGTCTTCCAGGTCCCTCCT,0,3381533
ssnAp,0.08333333333333333,11,11,AAGTCTTAACTACTAGGACA,0,3396682
ssnAp,0.08333333333333333,11,11,AAGTCCTTTCTCTCCGGATT,0,3371013
ssnAp,0.08333333333333333,11,11,AAGTATTCACCCACTTGATA,0,3388196
ssnAp,0.08333333333333333,11,11,AAGTATAGCTACATCAATGC,0,3394010
ssnAp,0.08333333333333333,11,11,AAGTAGAGGTGAATCGCATA,0,3361958
ssnAp,0.08333333333333333,11,11,AAGTAAAATCTCGGAGTGCT,0,3390169
ssnAp,0.08333333333333333,11,11,AAGGATCTGCCCGTACGGAC,0,3364225
ssnAp,0.08333333333333333,11,11,AAGCATCGTCGCAGCGATTA,0,3373465
ssnAp,0.08333333333333333,11,11,AACTTTCATTTTATAGAAGA,0,3379769
ssnAp,0.08333333333333333,11,11,AACTTGGAATCAGTCTACAA,0,3369590
ssnAp,0.08333333333333333,11,11,AACTGGCGAAAGATCACAAT,0,3383911
ssnAp,0.08333333333333333,11,11,AACTCAAGAGCGACCAGTCT,0,3368329
ssnAp,0.08333333333333333,11,11,AAAGCATACGCCAGGGTTCC,0,3381095
ssnAp,0.08333333333333333,11,11,AAACTTAGTAGCAGATATAT,0,3399963
ssnAp,0.08333333333333333,11,11,AAACGGTTCTAAAGCGCTGC,0,3386816
ssnAp,0.08333333333333333,11,11,AAAAGGATAAAGGGGTTCCC,0,3378553
ssnAp,0.09090909090909091,10,10,TTTTTTTTTCTATTGGGCGG,0,3389693
ssnAp,0.09090909090909091,10,10,TTTTAGCGGGTGGTGTCAGA,0,3361144
ssnAp,0.09090909090909091,10,10,TTTGGTGTCTTTGTTTATCT,0,3364224
ssnAp,0.09090909090909091,10,10,TTTGGGGCATACCATAGTCA,0,3360097
ssnAp,0.09090909090909091,10,10,TTTAGAAGGGGCACTATCAA,0,3366538
ssnAp,0.09090909090909091,10,10,TTGTTGCGGAATCAATGTGG,0,3364205
ssnAp,0.09090909090909091,10,10,TTGTGCATGCCGGCATACGG,0,3399651
ssnAp,0.09090909090909091,10,10,TTGGTTTGGGCCACAGATGT,0,3385659
ssnAp,0.09090909090909091,10,10,TTGGGAGGGCCTTCGTGCTC,0,3400144
ssnAp,0.09090909090909091,10,10,TTCTGCACCGCCTCTCCGTG,0,3382754
ssnAp,0.09090909090909091,10,10,TTCCTTTTAGAAGTTGGGTT,0,3383905
ssnAp,0.09090909090909091,10,10,TTCCTACGTTTTGCACGTAT,0,3394417
ssnAp,0.09090909090909091,10,10,TTCCATGGGGATGCTTATGG,0,3389250
ssnAp,0.09090909090909091,10,10,TTAGGCCTGTGAACCTATAT,0,3380711
ssnAp,0.09090909090909091,10,10,TGTGTGATTTCTGAGAGTCA,0,3391933
ssnAp,0.09090909090909091,10,10,TGTGCGGGGCTATCTAGCAA,0,3400059
ssnAp,0.09090909090909091,10,10,TGTGCCGTTTGGCCCCGTGC,0,3399999
ssnAp,0.09090909090909091,10,10,TGGTTGGAAAAAGTGAAGCT,0,3364040
ssnAp,0.09090909090909091,10,10,TGGTCGTCTGACTAAGGAAG,0,3381201
ssnAp,0.09090909090909091,10,10,TGGTCATATACCGGTCGAAC,0,3396175
ssnAp,0.09090909090909091,10,10,TGGGCCAATTTGAGTACTCG,0,3383660
ssnAp,0.09090909090909091,10,10,TGGGAGGAGAACGCATAACT,0,3397351
ssnAp,0.09090909090909091,10,10,TGGCACGGCTCCCCGTTTAG,0,3390382
ssnAp,0.09090909090909091,10,10,TGCGTTTTACTTCAACGGTT,0,3383849
ssnAp,0.09090909090909091,10,10,TGCCAGTGGCGGAGAGGCGT,0,3374036
ssnAp,0.09090909090909091,10,10,TGCATTCCAACCCCAAGCAA,0,3363480
ssnAp,0.09090909090909091,10,10,TGCAGTCATTTATTTCTGTA,0,3393446
ssnAp,0.09090909090909091,10,10,TGCAGGATGTAAACCGTTAA,0,3392752
ssnAp,0.09090909090909091,10,10,TGCACAGGCCCAGTCCTGGT,0,3377998
ssnAp,0.09090909090909091,10,10,TGATGTGAAGTTAGCCGCTT,0,3376229
ssnAp,0.09090909090909091,10,10,TGATAACCCTCGCGAGCACG,0,3373195
ssnAp,0.09090909090909091,10,10,TGAGCACTGCGCGCGGAGAG,0,3389991
ssnAp,0.09090909090909091,10,10,TGAAGGGCATAGTGTCACCT,0,3371385
ssnAp,0.09090909090909091,10,10,TGAAGCGGAGGTATATGTTT,0,3367211
ssnAp,0.09090909090909091,10,10,TCTGTAATGAGCCGGAACAT,0,3402668
ssnAp,0.09090909090909091,10,10,TCTGGCGCGGGCGTGTGAAG,0,3373938
ssnAp,0.09090909090909091,10,10,TCTCACGCATTGATTTCAAA,0,3367442
ssnAp,0.09090909090909091,10,10,TCTAGGATGTTGCTGATTAT,0,3376544
ssnAp,0.09090909090909091,10,10,TCTACCCGGTAAGGACGTGG,0,3395703
ssnAp,0.09090909090909091,10,10,TCGTTCGCGTGGCTCTCTTG,0,3388952
ssnAp,0.09090909090909091,10,10,TCGTGTTGCCGGTGGACTAC,0,3364587
ssnAp,0.09090909090909091,10,10,TCGTGGACCGACTCGCATTG,0,3365679
ssnAp,0.09090909090909091,10,10,TCGTCGTTGACGTGGAACTG,0,3393725
ssnAp,0.09090909090909091,10,10,TCGTACAGGTCGTGGTCGCT,0,3367504
ssnAp,0.09090909090909091,10,10,TCGGTCGCATGAAGCCACTC,0,3391618
ssnAp,0.09090909090909091,10,10,TCGGAGCTGACATGCTCCGC,0,3362621
ssnAp,0.09090909090909091,10,10,TCGATAAGAGCCCTGTTCTT,0,3362991
ssnAp,0.09090909090909091,10,10,TCGACGTATATTGGCTTTAG,0,3376680
ssnAp,0.09090909090909091,10,10,TCCTGAAGTCTAAGTTCATG,0,3389806
ssnAp,0.09090909090909091,10,10,TCCTCGGGGACCCGTTCCGG,0,3380893
ssnAp,0.09090909090909091,10,10,TCCTAAAAAAGTTCATAGAA,0,3385251
ssnAp,0.09090909090909091,10,10,TCCCTCTCTTTCTCGGCATC,0,3370715
ssnAp,0.09090909090909091,10,10,TCCATCTCGAGTCTTCGCTA,0,3389648
ssnAp,0.09090909090909091,10,10,TCCAGTCGCCACCCCCGTTC,0,3401787
ssnAp,0.09090909090909091,10,10,TCATTATCGGATGCATAAAT,0,3391114
ssnAp,0.09090909090909091,10,10,TCATGTTAAGCTGCGTGACC,0,3391483
ssnAp,0.09090909090909091,10,10,TCACTGAGAGCCTAGCGAGA,0,3394796
ssnAp,0.09090909090909091,10,10,TCACGTAACGTGCGGATCTC,0,3359570
ssnAp,0.09090909090909091,10,10,TATTTTTCAATATCCAATGT,0,3389702
ssnAp,0.09090909090909091,10,10,TATTAGGTGAACACCTCGAT,0,3373377
ssnAp,0.09090909090909091,10,10,TATGGGCCGGCACATAGTCC,0,3390603
ssnAp,0.09090909090909091,10,10,TATCTTAGGCCTAAAATTAA,0,3375455
ssnAp,0.09090909090909091,10,10,TATCATAAGAGTATAGTCCA,0,3382097
ssnAp,0.09090909090909091,10,10,TAGCTTATGCTTAGCACGAG,0,3370910
ssnAp,0.09090909090909091,10,10,TAGATCAAGGAGGAGCGGCT,0,3398784
ssnAp,0.09090909090909091,10,10,TACTTCACTCTATCATTGTT,0,3391944
ssnAp,0.09090909090909091,10,10,TACTGCGAAATGCCGTAAGT,0,3381744
ssnAp,0.09090909090909091,10,10,TACCGGACGTTGACCGCGCT,0,3361401
ssnAp,0.09090909090909091,10,10,TAATTCCGACGTAGCCATTC,0,3390068
ssnAp,0.09090909090909091,10,10,TAATGGATTTACGCCATGAG,0,3391910
ssnAp,0.09090909090909091,10,10,TAAGCGGTAGCCACCCGCCA,0,3368916
ssnAp,0.09090909090909091,10,10,TAAGCCTAGCCCCGCAACGG,0,3382602
ssnAp,0.09090909090909091,10,10,TAACGCCATTTTCCTTCGTT,0,3399752
ssnAp,0.09090909090909091,10,10,TAAACTCTAATATCTGTTAG,0,3398783
ssnAp,0.09090909090909091,10,10,GTTTCCTGTGACGGCGTTCA,0,3374097
ssnAp,0.09090909090909091,10,10,GTGCTGTACCGACAATATGA,0,3392402
ssnAp,0.09090909090909091,10,10,GTGCTCCTGAACGATGCTGA,0,3386449
ssnAp,0.09090909090909091,10,10,GTGCCACGCCGCTCGAACTG,0,3366815
ssnAp,0.09090909090909091,10,10,GTGCATCCCCTGTCCTCTAA,0,3401401
ssnAp,0.09090909090909091,10,10,GTCTCATCCTGCCTTCGTTA,0,3397056
ssnAp,0.09090909090909091,10,10,GTCTACATATGAATGTCGCA,0,3393355
ssnAp,0.09090909090909091,10,10,GTCTAATGGCATTATAGAAC,0,3379417
ssnAp,0.09090909090909091,10,10,GTCCCACAGGCGGGTTAGTA,0,3361158
ssnAp,0.09090909090909091,10,10,GTCCAAGACGGCATCCTACT,0,3371872
ssnAp,0.09090909090909091,10,10,GTCACTAAGCTACCACATCA,0,3373336
ssnAp,0.09090909090909091,10,10,GTCAAGAGAACAGGGAACCT,0,3359642
ssnAp,0.09090909090909091,10,10,GTCAAAAATTTGAAACTTAC,0,3382595
ssnAp,0.09090909090909091,10,10,GTATGCTTTCCCATGCCTAA,0,3373028
ssnAp,0.09090909090909091,10,10,GTAGTCAAGGATATATTAAA,0,3385554
ssnAp,0.09090909090909091,10,10,GTAAGATAGGTCCTGATAGT,0,3397119
ssnAp,0.09090909090909091,10,10,GTAACTGGCTGGTAACTTCA,0,3382873
ssnAp,0.09090909090909091,10,10,GGTATAGCCTCAGTAAATCT,0,3377526
ssnAp,0.09090909090909091,10,10,GGGGAAGTAGCTTGTACCCG,0,3397458
ssnAp,0.09090909090909091,10,10,GGGGAAATGGTTTAAAATCA,0,3366621
ssnAp,0.09090909090909091,10,10,GGGCTGTTGCAGCTATCTGA,0,3369275
ssnAp,0.09090909090909091,10,10,GGGATTTAGCCTCTGAACGA,0,3374628
ssnAp,0.09090909090909091,10,10,GGGAAATTAATGGGACTCGC,0,3360695
ssnAp,0.09090909090909091,10,10,GGCGTATTCACATTCAAGGG,0,3393180
ssnAp,0.09090909090909091,10,10,GGATTGGGCCACCTCAATTG,0,3360040
ssnAp,0.09090909090909091,10,10,GGATAAAAGCTATGTACGGT,0,3376577
ssnAp,0.09090909090909091,10,10,GGAGGTAGTCTGCTCGGCCT,0,3364419
ssnAp,0.09090909090909091,10,10,GGAAGGCGTTGATTCCAAAG,0,3393792
ssnAp,0.09090909090909091,10,10,GCTGAAGCTTTATCGTGATC,0,3378605
ssnAp,0.09090909090909091,10,10,GCGTGGAGCTCACCGTATGA,0,3368182
ssnAp,0.09090909090909091,10,10,GCGTGGACCAGCAGACCCCA,0,3399237
ssnAp,0.09090909090909091,10,10,GCGTGAATCACTGTATGGCT,0,3359227
ssnAp,0.09090909090909091,10,10,GCGTAGATAGAACCACAGGC,0,3381853
ssnAp,0.09090909090909091,10,10,GCGTAACGGGATGGCCACGG,0,3389450
ssnAp,0.09090909090909091,10,10,GCGGCTTGTCCCCCACCACA,0,3385249
ssnAp,0.09090909090909091,10,10,GCGGCAACGTACCTATATTT,0,3361441
ssnAp,0.09090909090909091,10,10,GCGAAGGGATATACACACGT,0,3360215
ssnAp,0.09090909090909091,10,10,GCCTTCGTAAAAACTAGAGT,0,3359675
ssnAp,0.09090909090909091,10,10,GCCTATGCGGAAAACCGACT,0,3377527
ssnAp,0.09090909090909091,10,10,GCCTAAAGTTGCCCTCTCCA,0,3377707
ssnAp,0.09090909090909091,10,10,GCCGGGTCTTAGCAGTAGTC,0,3365693
ssnAp,0.09090909090909091,10,10,GCCGGATTAGACTCGTCCTG,0,3370814
ssnAp,0.09090909090909091,10,10,GCCGCTGCCCGCCTATTGGG,0,3393512
ssnAp,0.09090909090909091,10,10,GCCGCAGGTAAATCCGCTCA,0,3385995
ssnAp,0.09090909090909091,10,10,GCCCCTGGATAGCATTCGGC,0,3361271
ssnAp,0.09090909090909091,10,10,GCCAATCTTCCGGTCCCTTA,0,3359305
ssnAp,0.09090909090909091,10,10,GCATCGGATTAATAGGCCTC,0,3368342
ssnAp,0.09090909090909091,10,10,GCAGTAAGCACCTTTCATTT,0,3399180
ssnAp,0.09090909090909091,10,10,GCAGCCCAGTAGCACAGATC,0,3365096
ssnAp,0.09090909090909091,10,10,GCAGACCTAAGTATAGGTAT,0,3371365
ssnAp,0.09090909090909091,10,10,GATTACTGGAAACGGCAGAC,0,3383553
ssnAp,0.09090909090909091,10,10,GATGCAGGGAGTGGCTAGAA,0,3365083
ssnAp,0.09090909090909091,10,10,GATCCTCTTATCGCCTAAAA,0,3382951
ssnAp,0.09090909090909091,10,10,GAGTTGGGCACACCCTTTTT,0,3384302
ssnAp,0.09090909090909091,10,10,GAGTATCTTCCGGGCCACAC,0,3369157
ssnAp,0.09090909090909091,10,10,GAGCCTCGAAGAATCGCCAA,0,3372565
ssnAp,0.09090909090909091,10,10,GAGCCGGCTACCACCCAGAG,0,3363073
ssnAp,0.09090909090909091,10,10,GACCATAGATAATGTATTAA,0,3385449
ssnAp,0.09090909090909091,10,10,GAATGCCGACTCCAGCCCAA,0,3400833
ssnAp,0.09090909090909091,10,10,GAACGGGCGCTCCGCGAGCG,0,3368760
ssnAp,0.09090909090909091,10,10,GAACAGCTACCTTGGCCGCG,0,3370507
ssnAp,0.09090909090909091,10,10,GAAATGCTGCTTCCCCTGAG,0,3397120
ssnAp,0.09090909090909091,10,10,CTTGAGGGTCGTCCAAAGCT,0,3372529
ssnAp,0.09090909090909091,10,10,CTGTGCCGATCCTGGTGGAC,0,3360449
ssnAp,0.09090909090909091,10,10,CTGGTAGGATTATAGTCCAA,0,3386979
ssnAp,0.09090909090909091,10,10,CTGCTGACCCATGCTAAGTC,0,3372701
ssnAp,0.09090909090909091,10,10,CTGCTCCCCTTACATAAGCA,0,3359762
ssnAp,0.09090909090909091,10,10,CTCCGGGCCGAAGCTGCAAC,0,3401299
ssnAp,0.09090909090909091,10,10,CTATTGTGGACTTACTTACT,0,3386390
ssnAp,0.09090909090909091,10,10,CTATGCGCATGAACGCCATT,0,3402839
ssnAp,0.09090909090909091,10,10,CTATCAGCTACTGGGGGAGC,0,3402269
ssnAp,0.09090909090909091,10,10,CTAGTTGGGTCGAGTCGCCG,0,3359605
ssnAp,0.09090909090909091,10,10,CTAGGCGCTTTATTCAGGGT,0,3386781
ssnAp,0.09090909090909091,10,10,CGTTTATTCTCAGTGGGTTA,0,3369190
ssnAp,0.09090909090909091,10,10,CGTTCCTGCCCGACGGTTTT,0,3400301
ssnAp,0.09090909090909091,10,10,CGTGTTTTAAGTTATACCGC,0,3376922
ssnAp,0.09090909090909091,10,10,CGTGTACACTGACAGATTAA,0,3359415
ssnAp,0.09090909090909091,10,10,CGTGGTCGGGCGGAGTCCTG,0,3385588
ssnAp,0.09090909090909091,10,10,CGTGGTCCCTTGAGGGGTCT,0,3387618
ssnAp,0.09090909090909091,10,10,CGTGCACTATCGCACAGAGA,0,3361609
ssnAp,0.09090909090909091,10,10,CGTACGAACTTATAGGTGGA,0,3386205
ssnAp,0.09090909090909091,10,10,CGGTTTTAGATTGTTCTTTA,0,3385921
ssnAp,0.09090909090909091,10,10,CGGTCTGTATTCTCCTGATA,0,3388723
ssnAp,0.09090909090909091,10,10,CGGTATAATTCACACATGCA,0,3384619
ssnAp,0.09090909090909091,10,10,CGGGGCCGCGGCGCCACAAC,0,3389289
ssnAp,0.09090909090909091,10,10,CGGCTTAACAGCCGAGGATA,0,3396269
ssnAp,0.09090909090909091,10,10,CGGAACGAGTGCCACGAGAG,0,3370302
ssnAp,0.09090909090909091,10,10,CGCTCAGCAAGACAGGATTG,0,3395602
ssnAp,0.09090909090909091,10,10,CGCGGGAGGAGTTTTTGGAG,0,3364058
ssnAp,0.09090909090909091,10,10,CGCGATCTCGTGTGGGCGTA,0,3398775
ssnAp,0.09090909090909091,10,10,CGCCGGCCAATTGGCGTAAC,0,3382291
ssnAp,0.09090909090909091,10,10,CGCCATTTGCGTCGCGGGAC,0,3394647
ssnAp,0.09090909090909091,10,10,CGCCACTACGGTATATGTGT,0,3385117
ssnAp,0.09090909090909091,10,10,CGATTACCGGAGTATGTTGT,0,3394480
ssnAp,0.09090909090909091,10,10,CGAGGGGCGCCCGCCCCAGG,0,3368723
ssnAp,0.09090909090909091,10,10,CGACACAGTAAAACAGCGGA,0,3369299
ssnAp,0.09090909090909091,10,10,CCTGGGGCATGTGAGGTTGT,0,3382045
ssnAp,0.09090909090909091,10,10,CCTCTCTCACATAACAATCG,0,3370025
ssnAp,0.09090909090909091,10,10,CCTATCGAAGTCCTTTCTAT,0,3391029
ssnAp,0.09090909090909091,10,10,CCGTGTCTTGCAGAACCGCA,0,3362963
ssnAp,0.09090909090909091,10,10,CCGGCCCGTTAAGTCTTCAC,0,3398108
ssnAp,0.09090909090909091,10,10,CCGGCAAAGAGTCCTGGAAT,0,3401910
ssnAp,0.09090909090909091,10,10,CCCTTTTTGCGGCAACGAGT,0,3370794
ssnAp,0.09090909090909091,10,10,CCAGGTGAAGGCTCTTGATG,0,3384735
ssnAp,0.09090909090909091,10,10,CCAGAGCAGGCGGCTGATCC,0,3362076
ssnAp,0.09090909090909091,10,10,CCAAGACTATTGAAGTGGCG,0,3366521
ssnAp,0.09090909090909091,10,10,CATTTCTATGTGCGTTGACT,0,3397663
ssnAp,0.09090909090909091,10,10,CATTCCTTTGTGCCATACCT,0,3385627
ssnAp,0.09090909090909091,10,10,CATCCCGTTGGCAGACGGTG,0,3394992
ssnAp,0.09090909090909091,10,10,CATAGCCAGTGGAGCATGAT,0,3391008
ssnAp,0.09090909090909091,10,10,CAGTTTTTGTTCCCTCCGAG,0,3385699
ssnAp,0.09090909090909091,10,10,CAGTGTTCTGCATGAGGGAA,0,3377778
ssnAp,0.09090909090909091,10,10,CAGTCGCGTCTAGGACACAG,0,3359839
ssnAp,0.09090909090909091,10,10,CAGGTCCAAGGAGACTTGTT,0,3387831
ssnAp,0.09090909090909091,10,10,CAGGACACACAGTGGTCGGC,0,3388179
ssnAp,0.09090909090909091,10,10,CACTGGGTATGTGCACACAC,0,3379345
ssnAp,0.09090909090909091,10,10,CACTCGGGCGCTAGCGTCGC,0,3391916
ssnAp,0.09090909090909091,10,10,CACGATCGCTTAGGCATCGA,0,3394678
ssnAp,0.09090909090909091,10,10,CACATGTCAAGATGTTACAG,0,3400553
ssnAp,0.09090909090909091,10,10,CACAATTGGACTCAAATATT,0,3395116
ssnAp,0.09090909090909091,10,10,CAATGAATGCGATTAGACGC,0,3402039
ssnAp,0.09090909090909091,10,10,CAAGCCAGAATCTGCGCGAT,0,3386910
ssnAp,0.09090909090909091,10,10,CAAGAAGATCATAAATCGAT,0,3365858
ssnAp,0.09090909090909091,10,10,ATTTTCCAAAAACCCATAGC,0,3379694
ssnAp,0.09090909090909091,10,10,ATTTGTCGGCACAGTATAGT,0,3361439
ssnAp,0.09090909090909091,10,10,ATTTCGAATTACGAGCCGTA,0,3367845
ssnAp,0.09090909090909091,10,10,ATTGTGGTAGCCATAGAGTG,0,3384213
ssnAp,0.09090909090909091,10,10,ATTGGACTTTCTCAAAGTCG,0,3372472
ssnAp,0.09090909090909091,10,10,ATTCTGTGAGTGAGAGGGAT,0,3380701
ssnAp,0.09090909090909091,10,10,ATTCTGTCATCGTTCTCAAA,0,3361006
ssnAp,0.09090909090909091,10,10,ATTCCACGTCTGGCTATCCC,0,3375032
ssnAp,0.09090909090909091,10,10,ATTACAGTGAACAACAGGCA,0,3402598
ssnAp,0.09090909090909091,10,10,ATTAAGGCTGGCATCACCAA,0,3385189
ssnAp,0.09090909090909091,10,10,ATGTGCTTCCAGTATCGACA,0,3393693
ssnAp,0.09090909090909091,10,10,ATGTATAAAGAATGTGTTAG,0,3388033
ssnAp,0.09090909090909091,10,10,ATGAGGCGTTGTGAGTTTAC,0,3376628
ssnAp,0.09090909090909091,10,10,ATCTTTCCATCTGTGGGTCA,0,3370509
ssnAp,0.09090909090909091,10,10,ATCTCAAACAGGAAGTGCTC,0,3376122
ssnAp,0.09090909090909091,10,10,ATCGTATCTAACCGATGAGG,0,3374395
ssnAp,0.09090909090909091,10,10,ATCGCGTTTGTGAGTACAGG,0,3376409
ssnAp,0.09090909090909091,10,10,ATCGATGAAGCAAACTGCGT,0,3364529
ssnAp,0.09090909090909091,10,10,ATCGAGACGGATCTTTGCGG,0,3400580
ssnAp,0.09090909090909091,10,10,ATCAAGCAAAATAGCATTAA,0,3379269
ssnAp,0.09090909090909091,10,10,ATATAAGTGCGACGGATCCT,0,3402934
ssnAp,0.09090909090909091,10,10,ATAGGGAAGAAATTACCGAC,0,3396680
ssnAp,0.09090909090909091,10,10,ATAATGCCGTTGCTCAGCCA,0,3364165
ssnAp,0.09090909090909091,10,10,ATAACTCGGGGGATATGTAG,0,3366185
ssnAp,0.09090909090909091,10,10,ATAACTACGCGCGCATCCGG,0,3376662
ssnAp,0.09090909090909091,10,10,ATAAATATGAGCTCAATTTT,0,3364718
ssnAp,0.09090909090909091,10,10,AGTTGGTACTTGCAAACCAG,0,3390467
ssnAp,0.09090909090909091,10,10,AGTGTCCCACGCAATGCGTC,0,3387990
ssnAp,0.09090909090909091,10,10,AGTCCTACGCACTTGTGCAA,0,3367617
ssnAp,0.09090909090909091,10,10,AGTATCGCAGTTGCGTTGGT,0,3376398
ssnAp,0.09090909090909091,10,10,AGTACTCCTTCTAGGAACGG,0,3378899
ssnAp,0.09090909090909091,10,10,AGGTCTGCTGGGGACCTACA,0,3378523
ssnAp,0.09090909090909091,10,10,AGGGGCCGCGAGACTTAGGG,0,3362910
ssnAp,0.09090909090909091,10,10,AGGAAACAGAAAGATTGTCG,0,3368401
ssnAp,0.09090909090909091,10,10,AGCTATATGGCCCTCAGAAG,0,3389181
ssnAp,0.09090909090909091,10,10,AGCTAGCCAAGAGAGCCATT,0,3370092
ssnAp,0.09090909090909091,10,10,AGCCGGTCTGTTGTGTATCT,0,3400993
ssnAp,0.09090909090909091,10,10,AGCCGGCAAAATTCGACTGG,0,3393615
ssnAp,0.09090909090909091,10,10,AGAGAACAGGTACTTGCTTT,0,3398164
ssnAp,0.09090909090909091,10,10,AGAATTGGATTCGCGATCTT,0,3362934
ssnAp,0.09090909090909091,10,10,AGAAGGATCTATTCTTACTT,0,3386207
ssnAp,0.09090909090909091,10,10,ACTTCGTACCACTATACCGG,0,3401272
ssnAp,0.09090909090909091,10,10,ACTTACGTTACGCGAGTAAA,0,3382981
ssnAp,0.09090909090909091,10,10,ACTGCCGCAAACTGGGAACG,0,3401855
ssnAp,0.09090909090909091,10,10,ACTGACTACATTACCCGTGA,0,3399089
ssnAp,0.09090909090909091,10,10,ACTCTATGGTGACGTGACGC,0,3392243
ssnAp,0.09090909090909091,10,10,ACTCCCGTTCACGTATTTTT,0,3382916
ssnAp,0.09090909090909091,10,10,ACTCATAGGAACCAACACAA,0,3364278
ssnAp,0.09090909090909091,10,10,ACTAATCAGTTAGTTAATTC,0,3365995
ssnAp,0.09090909090909091,10,10,ACGTTGTGGGGTTGTACGCA,0,3377818
ssnAp,0.09090909090909091,10,10,ACGCTCTATCACCAAACTGA,0,3369200
ssnAp,0.09090909090909091,10,10,ACGCGGATAGTAACGCGGTT,0,3370242
ssnAp,0.09090909090909091,10,10,ACGCACGTAACTCTCAGTTC,0,3388694
ssnAp,0.09090909090909091,10,10,ACGATGGTGTCTGAGCGGTA,0,3391282
ssnAp,0.09090909090909091,10,10,ACGAACTGGCCGCTCTGTTT,0,3385333
ssnAp,0.09090909090909091,10,10,ACCTACCTTTACTCCGCTGG,0,3386760
ssnAp,0.09090909090909091,10,10,ACCGCAAGAAGTTTGAGGAG,0,3369513
ssnAp,0.09090909090909091,10,10,ACCCTACCCTCAACAGAAGC,0,3384066
ssnAp,0.09090909090909091,10,10,ACCAAGGAGCGTTGGAACTC,0,3396971
ssnAp,0.09090909090909091,10,10,ACACGGAGGCACGCTCATAA,0,3394846
ssnAp,0.09090909090909091,10,10,ACAATGCGGTGTAATCCTGA,0,3384720
ssnAp,0.09090909090909091,10,10,AATTTGGGAGAGGAACCGAC,0,3379028
ssnAp,0.09090909090909091,10,10,AATTTCATCATAAGATAAAT,0,3359277
ssnAp,0.09090909090909091,10,10,AATTCGGTTCGCTTTGAAGC,0,3394976
ssnAp,0.09090909090909091,10,10,AATTCAAACAGATCGTTTGC,0,3376697
ssnAp,0.09090909090909091,10,10,AATGTAGCAATGCGACATGT,0,3378400
ssnAp,0.09090909090909091,10,10,AATCTTCGTATGCCTACGGA,0,3398051
ssnAp,0.09090909090909091,10,10,AATAGGCGTTGCTATTATGA,0,3397235
ssnAp,0.09090909090909091,10,10,AATACTTCAACGTTCGCTCA,0,3374461
ssnAp,0.09090909090909091,10,10,AATACTGTTGCATGTACTCA,0,3399141
ssnAp,0.09090909090909091,10,10,AAGTGCGATGCCCTTGAAGA,0,3373414
ssnAp,0.09090909090909091,10,10,AAGTCTGGGCGGTACCGTAA,0,3386468
ssnAp,0.09090909090909091,10,10,AAGGTTACGCACTTAGCATC,0,3369879
ssnAp,0.09090909090909091,10,10,AAGCTCATTCTCGTTCGAGG,0,3402348
ssnAp,0.09090909090909091,10,10,AAGAGTCCGACTGGACCACA,0,3386218
ssnAp,0.09090909090909091,10,10,AAGAGCTGGAGGAGTGTATT,0,3386597
ssnAp,0.09090909090909091,10,10,AACGTTCGGTCCTTCGCTGT,0,3383621
ssnAp,0.09090909090909091,10,10,AACGACATCCCACTTTTACG,0,3380546
ssnAp,0.09090909090909091,10,10,AACCATTAATCCCAGCTCTC,0,3391202
ssnAp,0.09090909090909091,10,10,AACCAACTGGTGACTGCCAT,0,3395104
ssnAp,0.09090909090909091,10,10,AACATGTACGCGCGCACAAT,0,3397062
ssnAp,0.09090909090909091,10,10,AAAGAACGAGTACCGGCAGA,0,3390436
ssnAp,0.09090909090909091,10,10,AAACTCAGTGGTTCTCCTCA,0,3365988
ssnAp,0.1,9,9,TTTTCAGTCTGGAATGGGAT,0,3399290
ssnAp,0.1,9,9,TTTTATGCTCTATGACCTCG,0,3396028
ssnAp,0.1,9,9,TTTCCTTCCGCAAACTCAAA,0,3397989
ssnAp,0.1,9,9,TTTCCGTTACCATGGTATAG,0,3367533
ssnAp,0.1,9,9,TTTCATGTTGCTTTAGTTAT,0,3398084
ssnAp,0.1,9,9,TTTACCCCGACCCTTACAAG,0,3388120
ssnAp,0.1,9,9,TTTAACCGTAGAACCGGTCT,0,3394210
ssnAp,0.1,9,9,TTGTTAGTGTTCCAAGGACC,0,3391044
ssnAp,0.1,9,9,TTGGAGTGTGAGGGCCTTCA,0,3363022
ssnAp,0.1,9,9,TTGATGACGCTCTGCCCTTG,0,3361089
ssnAp,0.1,9,9,TTGAGGGGTCCGGCAGAGCT,0,3371498
ssnAp,0.1,9,9,TTCTAGTCCCGGATGGCTGA,0,3361306
ssnAp,0.1,9,9,TTCCTTGCTCCAAGGGCACT,0,3385992
ssnAp,0.1,9,9,TTCCGTGCACGACGCCCGTA,0,3359510
ssnAp,0.1,9,9,TTCCCCACTGACCTGAGGTT,0,3363141
ssnAp,0.1,9,9,TTCAATTGGCATGGACAAAG,0,3360666
ssnAp,0.1,9,9,TTATACCGCCATTTGTTGCA,0,3381188
ssnAp,0.1,9,9,TTATAACATTGTGTTGTCAC,0,3385798
ssnAp,0.1,9,9,TTAGGTTACTCGTCCGCAAG,0,3363237
ssnAp,0.1,9,9,TTAGCAGCTATGCCCAGGAA,0,3368339
ssnAp,0.1,9,9,TTACACCACTCTGGCGTCAT,0,3362790
ssnAp,0.1,9,9,TTAATTTAGGCTCATTCTGC,0,3380045
ssnAp,0.1,9,9,TTAACTGGGTAATGAAACTA,0,3392894
ssnAp,0.1,9,9,TGTTTGTGCCGTGGGAGGAC,0,3397775
ssnAp,0.1,9,9,TGTCATGTCCCCAAAAGTTT,0,3390577
ssnAp,0.1,9,9,TGGTAGGTTCGTGCCGTTTC,0,3383639
ssnAp,0.1,9,9,TGGGGTTGGCTGGATCCCTG,0,3393821
ssnAp,0.1,9,9,TGGGGTTCAGGCATGGTAAA,0,3386725
ssnAp,0.1,9,9,TGGGCCATACCAAGGTTCAC,0,3370648
ssnAp,0.1,9,9,TGGGCCAGTTTATACGGCAT,0,3398230
ssnAp,0.1,9,9,TGGGACTTTACTTTAGTAGG,0,3361891
ssnAp,0.1,9,9,TGGATTGCTGTACCCCTGCT,0,3400075
ssnAp,0.1,9,9,TGCTTTGAAATCGCTCTGGT,0,3396640
ssnAp,0.1,9,9,TGCGGAATCTAGGTATAAAA,0,3364956
ssnAp,0.1,9,9,TGCGACTAGGCTTTAGCCAA,0,3367778
ssnAp,0.1,9,9,TGCACGTGACCTTGGAAAGT,0,3370674
ssnAp,0.1,9,9,TGCAAGTGTGACGGTAATGC,0,3387956
ssnAp,0.1,9,9,TGATGGTGATCGAAATTGTT,0,3381429
ssnAp,0.1,9,9,TGAGTGATAGTATGACTCAC,0,3372702
ssnAp,0.1,9,9,TGACACGTCATTGGCAGCCA,0,3378610
ssnAp,0.1,9,9,TCTGTACTAGGGAGGATGCA,0,3368450
ssnAp,0.1,9,9,TCTGGCCATGAGTCTGGGGT,0,3367694
ssnAp,0.1,9,9,TCTCGTAACTTCCGATCTTA,0,3393131
ssnAp,0.1,9,9,TCTCCTTGAAGACTCTCCAG,0,3371853
ssnAp,0.1,9,9,TCTCAGCCCGATTCGAATGT,0,3364889
ssnAp,0.1,9,9,TCTAAGCTTCTACTGACAGG,0,3360232
ssnAp,0.1,9,9,TCGTGGCTGTATGGTAAGAA,0,3386401
ssnAp,0.1,9,9,TCGGGTCGATCCGACTAGGA,0,3379042
ssnAp,0.1,9,9,TCGGGACATACTGGCACAAG,0,3398301
ssnAp,0.1,9,9,TCGGCACTCCGGATAGGTAA,0,3401851
ssnAp,0.1,9,9,TCGCGTGTTACTTCTCTTAT,0,3397499
ssnAp,0.1,9,9,TCGAAGTGGAAGTAGAAGGG,0,3366297
ssnAp,0.1,9,9,TCCTTGGGCACGTGAATTTG,0,3370795
ssnAp,0.1,9,9,TCCCTCGGAGCACTCTAATT,0,3369494
ssnAp,0.1,9,9,TCCCAGCAATTGGCAGCATT,0,3373090
ssnAp,0.1,9,9,TCCAGCCTCCCATGAATTGT,0,3359589
ssnAp,0.1,9,9,TCATGTTCTGTCAAGTAGAA,0,3389265
ssnAp,0.1,9,9,TCAGGTGATAGGACAGAGTC,0,3372594
ssnAp,0.1,9,9,TCAATATCGGCCTGTCCCCA,0,3396926
ssnAp,0.1,9,9,TATATGAGCAATGGACGACG,0,3389869
ssnAp,0.1,9,9,TATATCTGTATCATACCCAT,0,3392309
ssnAp,0.1,9,9,TATAAATTCCGATTCTCATC,0,3381040
ssnAp,0.1,9,9,TATAAATGAGATTCCTGTAA,0,3377130
ssnAp,0.1,9,9,TAGGGACCGGGGCCATTACT,0,3401605
ssnAp,0.1,9,9,TAGGCCACCTACTATGGCGT,0,3364559
ssnAp,0.1,9,9,TAGCTGTGAAGAATTTATGC,0,3376353
ssnAp,0.1,9,9,TAGCGCTAAAGACGTAGCGA,0,3397392
ssnAp,0.1,9,9,TAGCAGCCCATTGCTCATAT,0,3387972
ssnAp,0.1,9,9,TACCGCTGTGTCCCCCAGTT,0,3366945
ssnAp,0.1,9,9,TACCCGCATTTCGTAATGTT,0,3360793
ssnAp,0.1,9,9,TAAGGGGTCATCTGTGTGAT,0,3378128
ssnAp,0.1,9,9,TAACTTCCGCGGTTTACCTC,0,3391253
ssnAp,0.1,9,9,TAACGAGCGCTAGGACATCA,0,3369783
ssnAp,0.1,9,9,TAAACTCTAGTGATGGCTAA,0,3370360
ssnAp,0.1,9,9,TAAACGTGAGTCCGGCCTAT,0,3393998
ssnAp,0.1,9,9,GTTTGTATAGATATATGATG,0,3377335
ssnAp,0.1,9,9,GTTGCTAATTAAAGAGCCCA,0,3374869
ssnAp,0.1,9,9,GTTGCACATTCTCGTAACTC,0,3377377
ssnAp,0.1,9,9,GTTCCAGGTGGCTGAGTTGG,0,3397374
ssnAp,0.1,9,9,GTTCATCGGGCGGGGTCCTG,0,3377006
ssnAp,0.1,9,9,GTTACCGCCTAGCTCGTCAG,0,3393773
ssnAp,0.1,9,9,GTGTAAGTATACACTCAATG,0,3378975
ssnAp,0.1,9,9,GTGGTGTGTTCAGTCCAATA,0,3364440
ssnAp,0.1,9,9,GTGGAAAACCGCTAGCAAGT,0,3380430
ssnAp,0.1,9,9,GTGCTCCTGCGTAATGCGCG,0,3367989
ssnAp,0.1,9,9,GTCTGTCCTCATGCCATAAG,0,3378494
ssnAp,0.1,9,9,GTCTCGGGATAGAAAAACAG,0,3391172
ssnAp,0.1,9,9,GTCGCCCTTCATCCGGTCTG,0,3390026
ssnAp,0.1,9,9,GTCCTGCGCGGCCAAGTGGC,0,3400170
ssnAp,0.1,9,9,GTCCCGCCCGCAGCATAGGT,0,3378989
ssnAp,0.1,9,9,GTCCCGATTCGCTCTTTGTA,0,3396705
ssnAp,0.1,9,9,GTCCAAGTCCCGTGTATCTC,0,3370736
ssnAp,0.1,9,9,GTCAGCGCCCCGGTACCTGA,0,3400109
ssnAp,0.1,9,9,GTAGTCCTCATCAGCACCAG,0,3398359
ssnAp,0.1,9,9,GTAGCTCAACTAGAGGGGAC,0,3389170
ssnAp,0.1,9,9,GTAGATAATGCAGACTCCAG,0,3393860
ssnAp,0.1,9,9,GTAGAGCGTGGCCAATGCTA,0,3376802
ssnAp,0.1,9,9,GTAGACATTGCTCGTTATTC,0,3382314
ssnAp,0.1,9,9,GTACTTAGACAATGGCATCG,0,3377317
ssnAp,0.1,9,9,GTACGGTGTACGACGCACTT,0,3373995
ssnAp,0.1,9,9,GGTTTGGTAAATAAACTCCT,0,3370719
ssnAp,0.1,9,9,GGTTTGGCAAGAATTGTGCG,0,3384291
ssnAp,0.1,9,9,GGTTTGGAACAGATGCCCGA,0,3395827
ssnAp,0.1,9,9,GGTGGACGGCTCTAAGGTAA,0,3400507
ssnAp,0.1,9,9,GGTGGAAGCTAATAAAATAG,0,3382866
ssnAp,0.1,9,9,GGTCTGCCAACATTCCTAGC,0,3376678
ssnAp,0.1,9,9,GGTCCGGACCATCAGGCCGG,0,3399749
ssnAp,0.1,9,9,GGTAGTTTGCTACACCGGGT,0,3402916
ssnAp,0.1,9,9,GGTAGGCGAAGATTCTCTTG,0,3397878
ssnAp,0.1,9,9,GGTACACCTCTGTACCGTAC,0,3373525
ssnAp,0.1,9,9,GGGTGGGGAGCCACTCTTTG,0,3394092
ssnAp,0.1,9,9,GGGGTACTTTGTCTCGCCCA,0,3368237
ssnAp,0.1,9,9,GGGGGGTTGCAAATTTGAAA,0,3365543
ssnAp,0.1,9,9,GGGGCATACGATAGGTTCAA,0,3379477
ssnAp,0.1,9,9,GGGGATGCGAGAGTGCATCT,0,3385629
ssnAp,0.1,9,9,GGGCTGGTCTCAGGTCCTAA,0,3396963
ssnAp,0.1,9,9,GGGCAGGCAATTTTGTGAAT,0,3396973
ssnAp,0.1,9,9,GGCTTGTGAGTATAGCTCTA,0,3369780
ssnAp,0.1,9,9,GGCTTAAAGCCCGCAAAAGA,0,3382646
ssnAp,0.1,9,9,GGCTGTAAGTGGAAGGGTCA,0,3379502
ssnAp,0.1,9,9,GGCTCGTGTACTTCACTTCA,0,3391149
ssnAp,0.1,9,9,GGCGCGTAGCTGTCTGTTAG,0,3397162
ssnAp,0.1,9,9,GGCGATTCAACACAAAGGGC,0,3367751
ssnAp,0.1,9,9,GGCCCGAGTAAGCAAGGCCT,0,3377278
ssnAp,0.1,9,9,GGCCAGGCCGTTTAATTATC,0,3370510
ssnAp,0.1,9,9,GGCATAAATGGTCACTCTCG,0,3360246
ssnAp,0.1,9,9,GGCAAGGAGGGTGAGGTGTG,0,3392385
ssnAp,0.1,9,9,GGATCCCGATAGTTGTCGGG,0,3395504
ssnAp,0.1,9,9,GGAGTACAACGATACGGGTG,0,3399435
ssnAp,0.1,9,9,GGAGGCAAAATCCGCCTTGA,0,3395145
ssnAp,0.1,9,9,GGACTAGAAGTACCGTTTAC,0,3398076
ssnAp,0.1,9,9,GGACCTAGCACTCTACATGA,0,3396672
ssnAp,0.1,9,9,GCTTGCTTAAGATTTCTCGT,0,3373860
ssnAp,0.1,9,9,GCTTCCCGACGAGGCAGCCA,0,3367293
ssnAp,0.1,9,9,GCTGTGGCTGTCTGTCAGCT,0,3372627
ssnAp,0.1,9,9,GCTGGTACACCTCAAGGTTA,0,3377804
ssnAp,0.1,9,9,GCTGCACGTATGCAGTCGTC,0,3395730
ssnAp,0.1,9,9,GCTGATTAGGCCCTGAGGGG,0,3394265
ssnAp,0.1,9,9,GCTAGTGTATCGATGTCGGA,0,3375836
ssnAp,0.1,9,9,GCTAACTTACCCATTGGGAT,0,3386450
ssnAp,0.1,9,9,GCGCAGTGTAGCTATGATGT,0,3381169
ssnAp,0.1,9,9,GCCTTGAGGAAGGCTTAGAC,0,3363561
ssnAp,0.1,9,9,GCCTCGTCATAGGTAAAGAT,0,3373070
ssnAp,0.1,9,9,GCCGAATTAGGCGCAGGTGT,0,3365789
ssnAp,0.1,9,9,GCCCGAACCTGTACGTACGC,0,3385222
ssnAp,0.1,9,9,GCCACGCTACAGGTACATAT,0,3381282
ssnAp,0.1,9,9,GCCAATAACAAATGCATCCC,0,3366290
ssnAp,0.1,9,9,GCATTTTGGACTACAGAGTT,0,3400452
ssnAp,0.1,9,9,GCATCAGGATAAAATGGCTA,0,3379322
ssnAp,0.1,9,9,GCAGGCGCAGAATCTGAAGG,0,3398338
ssnAp,0.1,9,9,GCAGCTGATGAGACCACGCT,0,3394354
ssnAp,0.1,9,9,GCACTGGCACCTGTATAGCC,0,3363379
ssnAp,0.1,9,9,GATTTTAATTTCCCGGCAAC,0,3382142
ssnAp,0.1,9,9,GATCTGTTGACATTGGCGTA,0,3395920
ssnAp,0.1,9,9,GATCCATATCCCCTATGGAA,0,3370684
ssnAp,0.1,9,9,GATATCTCTGATACGAGGAC,0,3390593
ssnAp,0.1,9,9,GATAGGCGCGTGCTAGGAGT,0,3393784
ssnAp,0.1,9,9,GATACCCTGTATAATCGCTT,0,3385048
ssnAp,0.1,9,9,GAGTCTACGCTTGAGTTGCC,0,3383257
ssnAp,0.1,9,9,GAGTCAAACGGAGTTGTATA,0,3393253
ssnAp,0.1,9,9,GAGCTGGCAAGTGAACAACA,0,3398313
ssnAp,0.1,9,9,GAGCCACTTATAAAGAGGCG,0,3371302
ssnAp,0.1,9,9,GAGCATTCCAACCGATCCGA,0,3379946
ssnAp,0.1,9,9,GAGCAAACGAAAGCCCATCG,0,3381683
ssnAp,0.1,9,9,GAGAGGTAGCTCCGAGTTCA,0,3366126
ssnAp,0.1,9,9,GACGAGGGTAGCCGGAACAT,0,3400395
ssnAp,0.1,9,9,GACCAGGCAACACGGTCAAA,0,3383958
ssnAp,0.1,9,9,GACAGTCCCATTCCTCTTTT,0,3385733
ssnAp,0.1,9,9,GAATGCAAATATAGATTGCC,0,3386156
ssnAp,0.1,9,9,GAATAAGACGGCAGCCCACG,0,3389456
ssnAp,0.1,9,9,GAACACGATCTAATACACCA,0,3359917
ssnAp,0.1,9,9,GAAAGTTGAGAATCTATCTG,0,3385403
ssnAp,0.1,9,9,GAAAGGTCTCGTGCAGCGTC,0,3373091
ssnAp,0.1,9,9,GAAACCTCAGCCAAACGGTG,0,3369851
ssnAp,0.1,9,9,CTTTGTAGAGTGCGTTGTGA,0,3399786
ssnAp,0.1,9,9,CTTCAGCCGGTCGTTATCCA,0,3375939
ssnAp,0.1,9,9,CTGGGGTTTTCCCACTGGCG,0,3396814
ssnAp,0.1,9,9,CTGGCCTGACGGGAGTTAGA,0,3385528
ssnAp,0.1,9,9,CTGGACGGCGGTCTTGGCTG,0,3368061
ssnAp,0.1,9,9,CTGCGGCGTGCCACAGTAGC,0,3368701
ssnAp,0.1,9,9,CTGCCGCAATTGATCTCGAC,0,3385125
ssnAp,0.1,9,9,CTGCATCCCCTACTCACTCA,0,3360738
ssnAp,0.1,9,9,CTGAGCAGTCATCAACGGCA,0,3379632
ssnAp,0.1,9,9,CTGACCTTGATAACGGAGAC,0,3402812
ssnAp,0.1,9,9,CTCGGACCAAAACGCTAATT,0,3399771
ssnAp,0.1,9,9,CTCCCTCGGAGCTTGGGTGT,0,3388249
ssnAp,0.1,9,9,CTCATAACTAAACCCTTATG,0,3375643
ssnAp,0.1,9,9,CTATCTTTGGCTATAAGGAA,0,3376630
ssnAp,0.1,9,9,CTATCCAAGGATTATGTATT,0,3369560
ssnAp,0.1,9,9,CTAGGGCACTTATGGAGTAA,0,3362438
ssnAp,0.1,9,9,CTAAGGTAGGTGAGGTTATG,0,3371669
ssnAp,0.1,9,9,CTAAGGACGTCCTTGGACAG,0,3380698
ssnAp,0.1,9,9,CGTTAACCCGCGCGCAATAT,0,3392048
ssnAp,0.1,9,9,CGTGCCAATTCACATTTTTA,0,3367669
ssnAp,0.1,9,9,CGTATCACCTGTGTGACAGT,0,3381331
ssnAp,0.1,9,9,CGGTTCCTTGCGGCGCAGAG,0,3372068
ssnAp,0.1,9,9,CGGTGATCATGTCATGTTCC,0,3387783
ssnAp,0.1,9,9,CGGCAAGGTATGTGGACTAA,0,3381531
ssnAp,0.1,9,9,CGGAGGAATTGGCACAATGG,0,3370614
ssnAp,0.1,9,9,CGGACACTGGTCACAAGCGT,0,3401878
ssnAp,0.1,9,9,CGCTAAAAGCGTCAAGACGT,0,3371304
ssnAp,0.1,9,9,CGCGTTAGGGCCTCACGACG,0,3371941
ssnAp,0.1,9,9,CGCCTAGATGCCACTCAACC,0,3359871
ssnAp,0.1,9,9,CGCATCTTCGCTATGCAGGC,0,3361796
ssnAp,0.1,9,9,CGAGAGATCTTTTTGTTAGC,0,3400668
ssnAp,0.1,9,9,CGACTCGGAGGCTGAACCTT,0,3386160
ssnAp,0.1,9,9,CGAACAATGCTGGAATTTGT,0,3360041
ssnAp,0.1,9,9,CGAAACGCTGCGCTAATTCA,0,3383339
ssnAp,0.1,9,9,CGAAAACTGTACGAAATGCA,0,3397355
ssnAp,0.1,9,9,CCTTGGGTGAGAGAGGAGTG,0,3372931
ssnAp,0.1,9,9,CCTTGGCCCAATTTGGACTG,0,3364136
ssnAp,0.1,9,9,CCTGTCTTGAAAGATGCGAT,0,3362824
ssnAp,0.1,9,9,CCTGCGTTGATGCCCAGGGC,0,3388551
ssnAp,0.1,9,9,CCTCAGACAAGCAATCGCGT,0,3381876
ssnAp,0.1,9,9,CCTCAAGTCCCGGTAACTAG,0,3391009
ssnAp,0.1,9,9,CCTAACTCAGACGTGTCCCA,0,3388443
ssnAp,0.1,9,9,CCGTCGGTTCAGTTAACTGG,0,3359251
ssnAp,0.1,9,9,CCGTATCATTGTTTATGTAG,0,3360507
ssnAp,0.1,9,9,CCGGGCAGTCCGCCACGTAT,0,3400893
ssnAp,0.1,9,9,CCGCCAATTTTACTAGGGCT,0,3368666
ssnAp,0.1,9,9,CCGATGCATGCTGGCAAGGC,0,3396027
ssnAp,0.1,9,9,CCCGTTCGATGCCGAACGAG,0,3382138
ssnAp,0.1,9,9,CCCGCAATTCCTACAACGAA,0,3373141
ssnAp,0.1,9,9,CCCGAGCTCAGCACTGAGGT,0,3393969
ssnAp,0.1,9,9,CCCGACCGGACCAGTCTGTG,0,3390327
ssnAp,0.1,9,9,CCCGAAGCCATTTTCCCTGG,0,3372047
ssnAp,0.1,9,9,CCCCGTAATCAGTTCTTTTT,0,3378314
ssnAp,0.1,9,9,CCCCGCATGCTGGGTAGGCG,0,3374280
ssnAp,0.1,9,9,CCCCCCCCTTGCCATCTTTC,0,3383188
ssnAp,0.1,9,9,CCCATGGCCCAAGTGGCACC,0,3399625
ssnAp,0.1,9,9,CCCATCTTCTATCCAGTGGA,0,3363449
ssnAp,0.1,9,9,CCCAATTGATACGTCTCGGC,0,3360188
ssnAp,0.1,9,9,CCATGCATGTAGATATTTCG,0,3400804
ssnAp,0.1,9,9,CCAGTGCATCGTCAATCTTC,0,3384870
ssnAp,0.1,9,9,CCAGGCGGGCGTCCGCAGCT,0,3364827
ssnAp,0.1,9,9,CATCGTAAGAGGTTGTATTC,0,3392721
ssnAp,0.1,9,9,CATCCGCGAGGTGTACCTCT,0,3359704
ssnAp,0.1,9,9,CATCACATGACCCGACCGTT,0,3389292
ssnAp,0.1,9,9,CAGGTGAAATCCAAGCGTGT,0,3379290
ssnAp,0.1,9,9,CAGGTCTATCGTCAATCGGA,0,3380254
ssnAp,0.1,9,9,CAGGACTAGGAATTGCGCCC,0,3359405
ssnAp,0.1,9,9,CAGCACCAACGCATCTTTAC,0,3379997
ssnAp,0.1,9,9,CAGATGGGACAAACTGAATC,0,3377196
ssnAp,0.1,9,9,CACGGGCATCGAGGTCGCAG,0,3399274
ssnAp,0.1,9,9,CAATGCTATGTATTGCAAAA,0,3383303
ssnAp,0.1,9,9,CAATGCTAGGAATCGCGTCC,0,3360264
ssnAp,0.1,9,9,CAATCGGCTAAGTGTGGGTT,0,3375314
ssnAp,0.1,9,9,CAATCCAGCGCGAAGTGGCA,0,3394598
ssnAp,0.1,9,9,CAAGTGACCCTACCTGGGAG,0,3384272
ssnAp,0.1,9,9,CAAGGTCGAAGGGAAGGGTA,0,3367160
ssnAp,0.1,9,9,CAAGCGGAGAAAGATACTTT,0,3395269
ssnAp,0.1,9,9,ATTGTCAAGTGGGTCCCTGA,0,3400325
ssnAp,0.1,9,9,ATTGCCTTCTCTTTGATCTA,0,3361626
ssnAp,0.1,9,9,ATTCAAGTTCCGACCTTTTA,0,3363044
ssnAp,0.1,9,9,ATTACGAGCTCGATCATCAT,0,3399793
ssnAp,0.1,9,9,ATGGCAAGATTGCTACGCTA,0,3364647
ssnAp,0.1,9,9,ATGAGGGCACGCCTCGGTCA,0,3383882
ssnAp,0.1,9,9,ATCGCTATACCAGGAGCTAG,0,3361766
ssnAp,0.1,9,9,ATCCGGGTGGACTCTAGCTG,0,3396305
ssnAp,0.1,9,9,ATCCCTGTCGGCCCCTGGCT,0,3392539
ssnAp,0.1,9,9,ATCACGCTTCTAGGTATGGG,0,3362901
ssnAp,0.1,9,9,ATCACATTACCCCATATTGG,0,3376204
ssnAp,0.1,9,9,ATCACACAGACTGTGCCTTC,0,3375625
ssnAp,0.1,9,9,ATATTTGGTGGGACAACGTC,0,3374182
ssnAp,0.1,9,9,ATATGCAAGTAGCTCCCTGT,0,3399820
ssnAp,0.1,9,9,ATAGAACAGCTCTGCAATGT,0,3386448
ssnAp,0.1,9,9,ATACGTTGCTTTCGTGCGGT,0,3390470
ssnAp,0.1,9,9,ATACCTGCATCCAACGTTAC,0,3372345
ssnAp,0.1,9,9,ATACCCCTTGGTGTACAATC,0,3383304
ssnAp,0.1,9,9,ATAATCGATCAAGTCATCCG,0,3379018
ssnAp,0.1,9,9,AGTTTTGCATTACATTGTGC,0,3389079
ssnAp,0.1,9,9,AGTTGGCCTTGGACCGTTAT,0,3372993
ssnAp,0.1,9,9,AGTGTTTCCATGGACGACTA,0,3363510
ssnAp,0.1,9,9,AGTCAAGTGCACCAAATTCA,0,3381175
ssnAp,0.1,9,9,AGTATAAGGGTGGGTCGGAC,0,3391342
ssnAp,0.1,9,9,AGTAATTTTGCATCTGGATT,0,3391703
ssnAp,0.1,9,9,AGGTTGGTTGGCTGTACAGT,0,3362585
ssnAp,0.1,9,9,AGGGTTGTACGCAGGTAGTG,0,3380103
ssnAp,0.1,9,9,AGGGCTACAGAAAACGGGTT,0,3362291
ssnAp,0.1,9,9,AGGGCACACATTTTTGTAGA,0,3374061
ssnAp,0.1,9,9,AGGCCAGAGGGTTGTTGCCA,0,3380379
ssnAp,0.1,9,9,AGGACCAAATGTCTCGATTA,0,3396387
ssnAp,0.1,9,9,AGGAAGCGGCGCGGTCTCGA,0,3386776
ssnAp,0.1,9,9,AGCTGGGAGCGCAACCATCT,0,3360151
ssnAp,0.1,9,9,AGCGAGTCCGGCGGTGCAAG,0,3361905
ssnAp,0.1,9,9,AGCGACACCGTCCGATACAG,0,3373221
ssnAp,0.1,9,9,AGCCACTACTTTGCGCGAGC,0,3400531
ssnAp,0.1,9,9,AGATGCAGAAGATTACCCAT,0,3360616
ssnAp,0.1,9,9,AGAGTTATACACATGGGTCG,0,3378497
ssnAp,0.1,9,9,AGACGCAGCGAACTGCCCGC,0,3385445
ssnAp,0.1,9,9,AGACCCTCGACCCGGGCCGA,0,3373872
ssnAp,0.1,9,9,AGAACGATATACGCATACCA,0,3396876
ssnAp,0.1,9,9,AGAACAGTCGCCTATTCGCG,0,3394587
ssnAp,0.1,9,9,ACTGCAGGCAGACTTTTTGG,0,3367988
ssnAp,0.1,9,9,ACTGAAATAGACCGAGATTA,0,3382651
ssnAp,0.1,9,9,ACTATGTTAACCACATTTTT,0,3374893
ssnAp,0.1,9,9,ACTACTGATTGAAGTTCTCA,0,3368301
ssnAp,0.1,9,9,ACTACAGTCTCAGGTTGGCA,0,3383622
ssnAp,0.1,9,9,ACTACACAATTGGGGGTTAC,0,3399320
ssnAp,0.1,9,9,ACGTTTAACACACGGTCTCG,0,3400424
ssnAp,0.1,9,9,ACGCCAGCGGAATAGGTAGG,0,3370090
ssnAp,0.1,9,9,ACGCAATCGGCGATGAAGCT,0,3385665
ssnAp,0.1,9,9,ACGATGCCGTTTCCGCTAAT,0,3363227
ssnAp,0.1,9,9,ACCTATTACGCCACTTGAGT,0,3380558
ssnAp,0.1,9,9,ACCTAGGACCGACCGTGTGT,0,3372686
ssnAp,0.1,9,9,ACCGTTGGAAAAACGAAACA,0,3386632
ssnAp,0.1,9,9,ACCATTTGCACCTGCGTTTT,0,3371809
ssnAp,0.1,9,9,ACCACTGTAGTAGGTTATCC,0,3377756
ssnAp,0.1,9,9,ACCACCTGTGCTGTCTTAGT,0,3366810
ssnAp,0.1,9,9,ACCAAAGGCTGCTCGTGATT,0,3370226
ssnAp,0.1,9,9,ACACGGGTGTGTCTATTATC,0,3362093
ssnAp,0.1,9,9,ACAAGATTTACTTGGTATTA,0,3401598
ssnAp,0.1,9,9,ACAACCTAGGCCCTACGAGC,0,3395283
ssnAp,0.1,9,9,AATTTCGTTTGGGGTCACTC,0,3402468
ssnAp,0.1,9,9,AATTGCGTACTTGTACTTAC,0,3386769
ssnAp,0.1,9,9,AATTCCATCGTAGCCTGCTC,0,3366367
ssnAp,0.1,9,9,AATTACGTATCACCGTCGTA,0,3381884
ssnAp,0.1,9,9,AATAATTGGCGTTACGACCT,0,3368920
ssnAp,0.1,9,9,AATAAATATTGGCTTTGTTT,0,3361231
ssnAp,0.1,9,9,AAGTTCTGTCATCAACGACA,0,3399267
ssnAp,0.1,9,9,AAGCGGACGCTCTTCACCTT,0,3394347
ssnAp,0.1,9,9,AAGCATCCTACCAGGCCGTA,0,3374269
ssnAp,0.1,9,9,AAGATCCGAGGGGCGGGGGA,0,3369445
ssnAp,0.1,9,9,AACTTTCTTTGTGGGGAGTG,0,3372190
ssnAp,0.1,9,9,AACTGCCGTCGGCACTAAGA,0,3379140
ssnAp,0.1,9,9,AACAGTGTAACCAATCTTAT,0,3373635
ssnAp,0.1,9,9,AAATCTTGTATATAATACCA,0,3387480
ssnAp,0.1,9,9,AAAGTCTGACGCCGCTGTTG,0,3395757
ssnAp,0.1,9,9,AAAGGTCTAAATGTATATTC,0,3363767
ssnAp,0.1,9,9,AAAGCTTAAGCGTAAGCCAA,0,3390054
ssnAp,0.1,9,9,AAAGAGCTTCTTTGCCCATA,0,3376522
ssnAp,0.1,9,9,AAACGCTTGGCCTTAAGAAT,0,3397423
ssnAp,0.1,9,9,AAACGAGGCATGTTTGGTGG,0,3395798
ssnAp,0.1,9,9,AAAAATGGAGTTTACAGCCA,0,3399254
ssnAp,0.1111111111111111,8,8,TTTTCTGCTGACGAGTCATA,0,3394730
ssnAp,0.1111111111111111,8,8,TTTTATATATTACAAGCCCT,0,3388170
ssnAp,0.1111111111111111,8,8,TTTTACCCTGCGTTCACGAA,0,3402129
ssnAp,0.1111111111111111,8,8,TTTGGCGCCGCCCGATCTCA,0,3374895
ssnAp,0.1111111111111111,8,8,TTTCTGGAGGTGAATGTGAG,0,3367479
ssnAp,0.1111111111111111,8,8,TTTCCCCTAGTTGCGCATCT,0,3388558
ssnAp,0.1111111111111111,8,8,TTTCAAGTTGGTCGTTGGGT,0,3363045
ssnAp,0.1111111111111111,8,8,TTTCAACATTTTGTGTAATG,0,3368622
ssnAp,0.1111111111111111,8,8,TTTACTCGGGTCTCCCTTTC,0,3379281
ssnAp,0.1111111111111111,8,8,TTGTAAGGGCACAAGATAAC,0,3388205
ssnAp,0.1111111111111111,8,8,TTGGTGGGCACAGTCCTTAA,0,3389162
ssnAp,0.1111111111111111,8,8,TTGGCTCGAGGAATGGGTGC,0,3374150
ssnAp,0.1111111111111111,8,8,TTGGAGGTCTTGTGTGTCAC,0,3391156
ssnAp,0.1111111111111111,8,8,TTCTGCCAGCCCTGCGGCCA,0,3392762
ssnAp,0.1111111111111111,8,8,TTCTAACAACAAGTAGGAAG,0,3383020
ssnAp,0.1111111111111111,8,8,TTCGTGTCCTTCTACACCGG,0,3384298
ssnAp,0.1111111111111111,8,8,TTCGGAACGATCTGCTGCCG,0,3391835
ssnAp,0.1111111111111111,8,8,TTCGCCTGCGGGTTCAAAGA,0,3382249
ssnAp,0.1111111111111111,8,8,TTCCGGGTAAAGGGGTTTAC,0,3376739
ssnAp,0.1111111111111111,8,8,TTCCCGTAAGGAACTATCAT,0,3389164
ssnAp,0.1111111111111111,8,8,TTCAGAACTGTACGGAATCG,0,3393736
ssnAp,0.1111111111111111,8,8,TTAGTAAAACGGAGGGCAAT,0,3367585
ssnAp,0.1111111111111111,8,8,TTAGGACAAGTTGGGATAAC,0,3366576
ssnAp,0.1111111111111111,8,8,TTACATCCGTCCGTGAACTT,0,3397051
ssnAp,0.1111111111111111,8,8,TTAATGAAAACGGGCAAAGC,0,3401827
ssnAp,0.1111111111111111,8,8,TGTCGCTTTGTGTTATGAAT,0,3385051
ssnAp,0.1111111111111111,8,8,TGTCCGCTCTGAATACAATC,0,3382735
ssnAp,0.1111111111111111,8,8,TGTCAGCCACCTAGTCTTGG,0,3382869
ssnAp,0.1111111111111111,8,8,TGGGGTTGATCCAAGGGAGA,0,3366882
ssnAp,0.1111111111111111,8,8,TGGGCCTCCCCGTATTAGTT,0,3362199
ssnAp,0.1111111111111111,8,8,TGGGCATCTTCATTCCATGC,0,3368593
ssnAp,0.1111111111111111,8,8,TGGCGCGAGCTTGGCCATAA,0,3385681
ssnAp,0.1111111111111111,8,8,TGGCCGTTCTGTCGAGAACG,0,3364344
ssnAp,0.1111111111111111,8,8,TGGAGGGGCCGCGGCTAGAC,0,3387093
ssnAp,0.1111111111111111,8,8,TGGAGAATGTTAGCGACAGA,0,3387560
ssnAp,0.1111111111111111,8,8,TGGACTGCCCATCGTATAGG,0,3393818
ssnAp,0.1111111111111111,8,8,TGGACTAGGTGGTCGCATTG,0,3369850
ssnAp,0.1111111111111111,8,8,TGCTTTTAGGTCGCATCTTG,0,3366484
ssnAp,0.1111111111111111,8,8,TGCACACGAATAAAGAGGCC,0,3364432
ssnAp,0.1111111111111111,8,8,TGACGAACAGAAAAAGTATG,0,3391323
ssnAp,0.1111111111111111,8,8,TGAATCCCTGACTGAAAATG,0,3384193
ssnAp,0.1111111111111111,8,8,TGAATACAGTAGTATTTCAC,0,3391247
ssnAp,0.1111111111111111,8,8,TGAAGTGTAATTACATAGAA,0,3401838
ssnAp,0.1111111111111111,8,8,TGAAGACGTAGCCAGTATCT,0,3374507
ssnAp,0.1111111111111111,8,8,TCTCGCACAATGGCGATAGA,0,3388412
ssnAp,0.1111111111111111,8,8,TCTAACGGGGCGCCTATGGA,0,3371981
ssnAp,0.1111111111111111,8,8,TCGTGTGTCTCAAGCGGCCG,0,3402518
ssnAp,0.1111111111111111,8,8,TCGTATAGAATGATAAAAAG,0,3373723
ssnAp,0.1111111111111111,8,8,TCGGGTTCCAGCTATTGATT,0,3371455
ssnAp,0.1111111111111111,8,8,TCGGGCTTTGGCATTGCCAT,0,3388046
ssnAp,0.1111111111111111,8,8,TCGGCTCCCAGCACGTCCAT,0,3376368
ssnAp,0.1111111111111111,8,8,TCGCGATCGTTTCACCTAAG,0,3401298
ssnAp,0.1111111111111111,8,8,TCCGTGTTTAGATCGTGCTC,0,3371652
ssnAp,0.1111111111111111,8,8,TCCGTCGGTGAAAACGCTAA,0,3391404
ssnAp,0.1111111111111111,8,8,TCCGTAGAGAATCGGGACGT,0,3395266
ssnAp,0.1111111111111111,8,8,TCCGGTATATGCAATGTCTT,0,3378138
ssnAp,0.1111111111111111,8,8,TCCCCAGTTATCCCCATTAA,0,3384100
ssnAp,0.1111111111111111,8,8,TCCAGTGTGTTTAGGAAATC,0,3378151
ssnAp,0.1111111111111111,8,8,TCCAGACCCGTCACACCGGA,0,3375606
ssnAp,0.1111111111111111,8,8,TCCAACCCCGCTCGTATGGT,0,3389643
ssnAp,0.1111111111111111,8,8,TCATTTGGTCGAACTTGCGT,0,3390898
ssnAp,0.1111111111111111,8,8,TCATGTGACCATCACGTAAC,0,3399753
ssnAp,0.1111111111111111,8,8,TCATCCGACCTTCGTCTGAG,0,3384236
ssnAp,0.1111111111111111,8,8,TCAGTCCCGTGGCGCGGCTA,0,3386136
ssnAp,0.1111111111111111,8,8,TCAGATTCATTTATACCCTG,0,3371978
ssnAp,0.1111111111111111,8,8,TCACCCTAGTGCCACGGCCA,0,3383444
ssnAp,0.1111111111111111,8,8,TCACCACGCCTAAAAAGCGT,0,3402373
ssnAp,0.1111111111111111,8,8,TCACATGATGGGAGGCGTGC,0,3369165
ssnAp,0.1111111111111111,8,8,TCACATAAAGCGGGTACACC,0,3395290
ssnAp,0.1111111111111111,8,8,TCAATCTTTAACTATGAAGA,0,3387189
ssnAp,0.1111111111111111,8,8,TCAAGTGGGTAACACATAAG,0,3361535
ssnAp,0.1111111111111111,8,8,TCAACTCGGCTACGGTATGA,0,3371024
ssnAp,0.1111111111111111,8,8,TATCATTTGAGAACCGCACA,0,3376968
ssnAp,0.1111111111111111,8,8,TATAGTCGTATTTCACCATT,0,3393949
ssnAp,0.1111111111111111,8,8,TATAACTGGACCAACTTGAT,0,3370371
ssnAp,0.1111111111111111,8,8,TAGGGTATCTAGCACATGAA,0,3375354
ssnAp,0.1111111111111111,8,8,TAGGCTTACGCACCAAGAGG,0,3379751
ssnAp,0.1111111111111111,8,8,TAGCAGGGCTGTTGCAAAGT,0,3399551
ssnAp,0.1111111111111111,8,8,TACTGGGAGGGAGTAGGAAC,0,3359327
ssnAp,0.1111111111111111,8,8,TACTGAATTCGTCTCCAAGT,0,3396217
ssnAp,0.1111111111111111,8,8,TACTAATATGCCGCCAACTT,0,3379339
ssnAp,0.1111111111111111,8,8,TACGCGCCCTACCAATTACC,0,3392019
ssnAp,0.1111111111111111,8,8,TACGCGAAACGGTTCGTCGT,0,3393617
ssnAp,0.1111111111111111,8,8,TACGCCACTATGCGGTAAAC,0,3378141
ssnAp,0.1111111111111111,8,8,TACCTTCAGAGCCGTACCCA,0,3364223
ssnAp,0.1111111111111111,8,8,TACCTCAACGCAACTTGGGT,0,3391173
ssnAp,0.1111111111111111,8,8,TACATCGAGGCCCTGGGAAT,0,3377269
ssnAp,0.1111111111111111,8,8,TACAGGTTATAGTATCTCAC,0,3392000
ssnAp,0.1111111111111111,8,8,TAATTGTTGCGAACGAGATC,0,3395795
ssnAp,0.1111111111111111,8,8,TAAGTGAGAACCGTGTCTGT,0,3371630
ssnAp,0.1111111111111111,8,8,TAACTGTGGTAATCGGGGAG,0,3402972
ssnAp,0.1111111111111111,8,8,TAACATGGGGGAGAGCTAGG,0,3374083
ssnAp,0.1111111111111111,8,8,TAACATCCTGACAGCACTAA,0,3370890
ssnAp,0.1111111111111111,8,8,TAAAGCATCGAAGTTCCCTC,0,3387914
ssnAp,0.1111111111111111,8,8,TAAACTACAGATATGACAGG,0,3362066
ssnAp,0.1111111111111111,8,8,TAAAATAGCTGTGAACCGGG,0,3378328
ssnAp,0.1111111111111111,8,8,GTTTGTCAGTAGCGCGATCC,0,3370186
ssnAp,0.1111111111111111,8,8,GTTTGATGTACACGCACCCA,0,3388795
ssnAp,0.1111111111111111,8,8,GTTTCAGGTGTCTTGACACA,0,3389964
ssnAp,0.1111111111111111,8,8,GTTGGGTTTGCACTGTGACA,0,3364594
ssnAp,0.1111111111111111,8,8,GTTCAATCCGGATTAGGCGA,0,3394979
ssnAp,0.1111111111111111,8,8,GTTCAATCCAGCCTTTCGGA,0,3379920
ssnAp,0.1111111111111111,8,8,GTTAGGCTAGCCGGTGTGAG,0,3386368
ssnAp,0.1111111111111111,8,8,GTGTCTAAGCCAAGAACGTC,0,3374652
ssnAp,0.1111111111111111,8,8,GTGGTACCATGTAAACCTCG,0,3391068
ssnAp,0.1111111111111111,8,8,GTGGGGTTGTGTAGCTAGCT,0,3386980
ssnAp,0.1111111111111111,8,8,GTGGCCAGACGGTACTATTT,0,3390744
ssnAp,0.1111111111111111,8,8,GTGGATATGCAGCACGATAT,0,3362433
ssnAp,0.1111111111111111,8,8,GTGGAATCGCGGCCGGCCGA,0,3393990
ssnAp,0.1111111111111111,8,8,GTGGAAAGTGTGCTACGCAG,0,3375536
ssnAp,0.1111111111111111,8,8,GTGCTTACCCCGTCTTATGA,0,3362882
ssnAp,0.1111111111111111,8,8,GTGCCGTGCGGCACGGTTTT,0,3397439
ssnAp,0.1111111111111111,8,8,GTGCAAGTTATTGTAAACAA,0,3369746
ssnAp,0.1111111111111111,8,8,GTGAGATCGCAAAGTTGTGT,0,3384819
ssnAp,0.1111111111111111,8,8,GTGAGATAGTTCGCAAGGTC,0,3390717
ssnAp,0.1111111111111111,8,8,GTCTTGTTGATCCGTCTTTA,0,3395797
ssnAp,0.1111111111111111,8,8,GTCTTAACTGTCCGTCCAAC,0,3400396
ssnAp,0.1111111111111111,8,8,GTCGTAGGCCCTATCTTCTA,0,3394364
ssnAp,0.1111111111111111,8,8,GTCGGGGGACGCCTTGACTC,0,3395438
ssnAp,0.1111111111111111,8,8,GTCGCTGTATGCGACCACTG,0,3385474
ssnAp,0.1111111111111111,8,8,GTCGCGTCAGGTCTCCGCTG,0,3396776
ssnAp,0.1111111111111111,8,8,GTCGAACAGCGTCTGATGGC,0,3364899
ssnAp,0.1111111111111111,8,8,GTCCGCGGTACAGATTCAAT,0,3372774
ssnAp,0.1111111111111111,8,8,GTCAAACTTTACCGGCTGAA,0,3379002
ssnAp,0.1111111111111111,8,8,GTATTCTAAGGCAAGATCAT,0,3393553
ssnAp,0.1111111111111111,8,8,GTATGTGAATGGATGACGAC,0,3370404
ssnAp,0.1111111111111111,8,8,GTATCTGTTCCGTCTTGTTC,0,3370365
ssnAp,0.1111111111111111,8,8,GTATAGCACATTTGGGAAAT,0,3377817
ssnAp,0.1111111111111111,8,8,GTAGTTTCGACCTTTCAGAA,0,3368763
ssnAp,0.1111111111111111,8,8,GTAGTTACTCCCGGCGACGG,0,3360572
ssnAp,0.1111111111111111,8,8,GTAGAGCCTACGCACTCACG,0,3385016
ssnAp,0.1111111111111111,8,8,GTAGACCACCCTGCCGAGTA,0,3368392
ssnAp,0.1111111111111111,8,8,GGTTTGGCACGCGCGCAGGT,0,3399781
ssnAp,0.1111111111111111,8,8,GGTTACGACGCAAAGGTTCA,0,3371130
ssnAp,0.1111111111111111,8,8,GGTGGAGGCAGATGGCCACC,0,3396618
ssnAp,0.1111111111111111,8,8,GGTCGGTCAAGGCTGTGGGA,0,3383096
ssnAp,0.1111111111111111,8,8,GGTCCATTCTTTAAAGCAAA,0,3384821
ssnAp,0.1111111111111111,8,8,GGTAGATACTTCTTCCACAC,0,3367221
ssnAp,0.1111111111111111,8,8,GGTACGTTGTCTTGGCGGTA,0,3393586
ssnAp,0.1111111111111111,8,8,GGTAAGGCAGCAGCTTAAGT,0,3384155
ssnAp,0.1111111111111111,8,8,GGTAACCCGCCGTGTAACAA,0,3396590
ssnAp,0.1111111111111111,8,8,GGGTTGCTACTTGCCCATAC,0,3386085
ssnAp,0.1111111111111111,8,8,GGGTTCATCGCGGCTATAGT,0,3395661
ssnAp,0.1111111111111111,8,8,GGGTCATATCCGCCCGGTAG,0,3361435
ssnAp,0.1111111111111111,8,8,GGGTACCCTTGACCTTGAAG,0,3362158
ssnAp,0.1111111111111111,8,8,GGGGGGTTCAGGCCGAGTTT,0,3376869
ssnAp,0.1111111111111111,8,8,GGGGCAGATAGCTGCTCCCA,0,3399872
ssnAp,0.1111111111111111,8,8,GGGGATTCATACGCGCTCAA,0,3372362
ssnAp,0.1111111111111111,8,8,GGGCTCAATTTCGAAGTCAG,0,3387784
ssnAp,0.1111111111111111,8,8,GGGCGGAGTTTAGAGTGTGT,0,3375111
ssnAp,0.1111111111111111,8,8,GGGCAGCAGATGTGGCGGCT,0,3379341
ssnAp,0.1111111111111111,8,8,GGGCACACAGACTCACCGCA,0,3387220
ssnAp,0.1111111111111111,8,8,GGGATTTTCGCGCATCCACG,0,3364471
ssnAp,0.1111111111111111,8,8,GGGATTCGTTAATTCCTGTC,0,3382564
ssnAp,0.1111111111111111,8,8,GGGACTCGCAAGTATCACAG,0,3382295
ssnAp,0.1111111111111111,8,8,GGGAATTATTTTTCAATAGT,0,3380623
ssnAp,0.1111111111111111,8,8,GGCGGGTTCATTAGGATTTC,0,3391580
ssnAp,0.1111111111111111,8,8,GGCGGAGTTGTTCTAAGAGC,0,3369982
ssnAp,0.1111111111111111,8,8,GGCGAAAAATCGAATCGGAT,0,3395731
ssnAp,0.1111111111111111,8,8,GGCCGATATAGGGGTTGCAA,0,3374505
ssnAp,0.1111111111111111,8,8,GGCCCCTTGTTCTCCCTGGT,0,3359253
ssnAp,0.1111111111111111,8,8,GGCATTTCAACATGTGCTCT,0,3386423
ssnAp,0.1111111111111111,8,8,GGCAGCTGTCCCGATGGCCC,0,3394061
ssnAp,0.1111111111111111,8,8,GGCACCTGTTTGAGTACTAA,0,3391756
ssnAp,0.1111111111111111,8,8,GGAGGTAATATGTCTATTTT,0,3382367
ssnAp,0.1111111111111111,8,8,GGAGAAGTGGGGCAGCGCCT,0,3366617
ssnAp,0.1111111111111111,8,8,GGACGCTTACGGTCCCACCA,0,3400092
ssnAp,0.1111111111111111,8,8,GGACAGCGCCGAGGTCCTTA,0,3361122
ssnAp,0.1111111111111111,8,8,GGAACCCCAGATAGGTCTGT,0,3382444
ssnAp,0.1111111111111111,8,8,GGAAAAGCGCAGGCGCGGAG,0,3377103
ssnAp,0.1111111111111111,8,8,GCTTCCAGCTGATACCACTA,0,3389765
ssnAp,0.1111111111111111,8,8,GCTCGACCTTCCGGTTATCG,0,3372330
ssnAp,0.1111111111111111,8,8,GCTCAGACAATCCCGAGGCT,0,3375110
ssnAp,0.1111111111111111,8,8,GCTAGCACAGTTAACGCCCC,0,3400952
ssnAp,0.1111111111111111,8,8,GCTACCTTGAAGGGCCACGG,0,3366613
ssnAp,0.1111111111111111,8,8,GCTACCAGACGGGACTTCCG,0,3375537
ssnAp,0.1111111111111111,8,8,GCGTTTTTCCTGTCGTCAGG,0,3380257
ssnAp,0.1111111111111111,8,8,GCGTTCTTTGCGAGGCACGA,0,3382184
ssnAp,0.1111111111111111,8,8,GCGTTCAAGGTAAATCTAAA,0,3378192
ssnAp,0.1111111111111111,8,8,GCGGGCAAAATGCGCTGAGT,0,3401732
ssnAp,0.1111111111111111,8,8,GCGGAGGTAGTGCTCGTAGC,0,3367696
ssnAp,0.1111111111111111,8,8,GCGCTGGAGCATGGTGATCT,0,3365515
ssnAp,0.1111111111111111,8,8,GCGCCAACGCTTCGTGACAA,0,3361067
ssnAp,0.1111111111111111,8,8,GCGAGGGACGCTACCAAAAA,0,3398449
ssnAp,0.1111111111111111,8,8,GCGACAGCAGATGGTGCTAC,0,3393397
ssnAp,0.1111111111111111,8,8,GCGAAGGCTAAGCGCATACA,0,3388881
ssnAp,0.1111111111111111,8,8,GCGAAGAGGCGACTATGTCA,0,3373789
ssnAp,0.1111111111111111,8,8,GCCTCGTTCGGTTAATCATT,0,3384439
ssnAp,0.1111111111111111,8,8,GCCGTGTGCGACTGGTTGCC,0,3388345
ssnAp,0.1111111111111111,8,8,GCCCGTTACGTTTTCCGCTG,0,3378195
ssnAp,0.1111111111111111,8,8,GCCCGCGTCTCCTCACGGGG,0,3389370
ssnAp,0.1111111111111111,8,8,GCCCATATTGCGCCGGGAAC,0,3371696
ssnAp,0.1111111111111111,8,8,GCCAGATCTTCCCACGAGAG,0,3387419
ssnAp,0.1111111111111111,8,8,GCCACGGGCACGGGCGTATA,0,3389090
ssnAp,0.1111111111111111,8,8,GCCAACCAGGGGTTCATGGA,0,3397304
ssnAp,0.1111111111111111,8,8,GCCAAAGATTCCGTATCACA,0,3377212
ssnAp,0.1111111111111111,8,8,GCATCAGGTATACGCACAAA,0,3381112
ssnAp,0.1111111111111111,8,8,GCAGTTTGCGCTTTAAGAAA,0,3389730
ssnAp,0.1111111111111111,8,8,GCAGTACTGATCTAACCGAA,0,3396745
ssnAp,0.1111111111111111,8,8,GCAGGACGCACCCGCAACCA,0,3369416
ssnAp,0.1111111111111111,8,8,GCACCGTTCTGCAGCGAGGC,0,3394999
ssnAp,0.1111111111111111,8,8,GCACCATTTGATACACGCCA,0,3360481
ssnAp,0.1111111111111111,8,8,GCACCATGTTGACTGGTACA,0,3359249
ssnAp,0.1111111111111111,8,8,GCACAACAGCGAACCGGCTA,0,3382319
ssnAp,0.1111111111111111,8,8,GCAACCCGATCTGTCGTTGA,0,3377608
ssnAp,0.1111111111111111,8,8,GATTGTTGAACTATTCGACG,0,3388413
ssnAp,0.1111111111111111,8,8,GATTCCTAATAAGTCATGCT,0,3392725
ssnAp,0.1111111111111111,8,8,GATGGGATGCTCGCTCACTA,0,3399509
ssnAp,0.1111111111111111,8,8,GATCTTGGATTATGGCGGGT,0,3398271
ssnAp,0.1111111111111111,8,8,GAGTGGTCAAAGCCTCAAGT,0,3366568
ssnAp,0.1111111111111111,8,8,GAGTAATATCCCGGTGTTGC,0,3368101
ssnAp,0.1111111111111111,8,8,GAGGGGGACAAACGAGACCT,0,3360853
ssnAp,0.1111111111111111,8,8,GAGACTATGCGAAAAGAAGG,0,3361589
ssnAp,0.1111111111111111,8,8,GACTAGGTTAAAGTTGTTCT,0,3362462
ssnAp,0.1111111111111111,8,8,GACGTGTGCTCGTTTATGCT,0,3383271
ssnAp,0.1111111111111111,8,8,GACGATTCTAGAACCAGTGA,0,3392130
ssnAp,0.1111111111111111,8,8,GACCGGTAAACACGCGGACT,0,3389558
ssnAp,0.1111111111111111,8,8,GACCGGAATTCGCCATCGCA,0,3382300
ssnAp,0.1111111111111111,8,8,GACCAGGTAGGGTTAGGAAA,0,3383912
ssnAp,0.1111111111111111,8,8,GACACAGGGACATGCATGCT,0,3388982
ssnAp,0.1111111111111111,8,8,GAATTCGACCGCCAGATCTA,0,3395829
ssnAp,0.1111111111111111,8,8,GAATCATGTCTCCTGACCGA,0,3402599
ssnAp,0.1111111111111111,8,8,GAATATTAGTCACGTCGTGG,0,3363225
ssnAp,0.1111111111111111,8,8,GAATACAGTCTCTTACTTCG,0,3393555
ssnAp,0.1111111111111111,8,8,GAATACACATACCTCATCCG,0,3370541
ssnAp,0.1111111111111111,8,8,GAACAATCTCCCCGGTCCCT,0,3387958
ssnAp,0.1111111111111111,8,8,GAACAACAGGAGTCCATCAC,0,3399090
ssnAp,0.1111111111111111,8,8,CTTTCGTCTTAAGTCTGTTT,0,3384763
ssnAp,0.1111111111111111,8,8,CTTCCTGGCGTGAAGGCCCA,0,3392632
ssnAp,0.1111111111111111,8,8,CTTCCGGGTAACAGTATCGG,0,3367173
ssnAp,0.1111111111111111,8,8,CTTATGAACCCTACGGTGGC,0,3364615
ssnAp,0.1111111111111111,8,8,CTTAGATGACGTCAGTGCCC,0,3377827
ssnAp,0.1111111111111111,8,8,CTGTTTTCTAGCGGCCGCCC,0,3368247
ssnAp,0.1111111111111111,8,8,CTGTGTGCCAAAAAGTCATT,0,3373623
ssnAp,0.1111111111111111,8,8,CTGTCGTAACGTAACGGCCT,0,3383080
ssnAp,0.1111111111111111,8,8,CTGTAAGGCGGTGTGATAAC,0,3388282
ssnAp,0.1111111111111111,8,8,CTGGTGTCTGATCCACTCTA,0,3386466
ssnAp,0.1111111111111111,8,8,CTGGTAGCTATTGGTCATCA,0,3360970
ssnAp,0.1111111111111111,8,8,CTGGAAGGCCATTAAGAACC,0,3370305
ssnAp,0.1111111111111111,8,8,CTGCGGTATTGCTTTGATAC,0,3380315
ssnAp,0.1111111111111111,8,8,CTGCGGCCCCCCTGCTCGGG,0,3397771
ssnAp,0.1111111111111111,8,8,CTGATGCAACGACTTAAATG,0,3401529
ssnAp,0.1111111111111111,8,8,CTCTGCTTGGCCCTTCGGAT,0,3402098
ssnAp,0.1111111111111111,8,8,CTCGTTTCGCGGTACTGTAC,0,3377136
ssnAp,0.1111111111111111,8,8,CTCGGGGTGTCTTTGTCTTT,0,3392348
ssnAp,0.1111111111111111,8,8,CTCGCACTACAAGCACGATC,0,3376475
ssnAp,0.1111111111111111,8,8,CTCCCTAAGAGGAAGTCCCC,0,3381558
ssnAp,0.1111111111111111,8,8,CTCAGTGGCAAAACACCATT,0,3377215
ssnAp,0.1111111111111111,8,8,CTCAGCCATTTCCACGGACA,0,3369374
ssnAp,0.1111111111111111,8,8,CTAGTTTGGTGGCCCCCTAA,0,3396368
ssnAp,0.1111111111111111,8,8,CTAAGAAGTAACTAATGGAC,0,3392054
ssnAp,0.1111111111111111,8,8,CTAACCGGGTATAGGACTAC,0,3366776
ssnAp,0.1111111111111111,8,8,CGTTTTGTTTCGCTAACGAA,0,3362247
ssnAp,0.1111111111111111,8,8,CGTTGGGGGAATAACGCCAA,0,3394164
ssnAp,0.1111111111111111,8,8,CGTGCAAATACAGATTTCCA,0,3388206
ssnAp,0.1111111111111111,8,8,CGTCTTGTATAGAAAGATCG,0,3388884
ssnAp,0.1111111111111111,8,8,CGTACGACTTTCTCCTGGCT,0,3377320
ssnAp,0.1111111111111111,8,8,CGGTCAAATAAGGGCACACA,0,3392541
ssnAp,0.1111111111111111,8,8,CGGTATTAAGCTACTAGCTA,0,3367179
ssnAp,0.1111111111111111,8,8,CGGTATCGACGCTCACGGGT,0,3369287
ssnAp,0.1111111111111111,8,8,CGGGTTGAGCTCGCGTGTCG,0,3387836
ssnAp,0.1111111111111111,8,8,CGGGTCTACATCGGGTTGAG,0,3391830
ssnAp,0.1111111111111111,8,8,CGGGGGTTATCTGCTCAAAT,0,3400650
ssnAp,0.1111111111111111,8,8,CGGGGGCGACACCCAGCGGA,0,3389802
ssnAp,0.1111111111111111,8,8,CGGGAGCTTCTACAGAGTTC,0,3378885
ssnAp,0.1111111111111111,8,8,CGGCTTACCAACTTTTGTGC,0,3399692
ssnAp,0.1111111111111111,8,8,CGGCGCTTTTGCGCCACACC,0,3399471
ssnAp,0.1111111111111111,8,8,CGGCGACTAAACCGGTCGCC,0,3370208
ssnAp,0.1111111111111111,8,8,CGGCCGATGGTGCTCAGTAA,0,3368481
ssnAp,0.1111111111111111,8,8,CGGCCATTAGAGCATTGATT,0,3383549
ssnAp,0.1111111111111111,8,8,CGGACTCGACCTCTGTATGT,0,3363687
ssnAp,0.1111111111111111,8,8,CGCGCGTAAAGTCGCATTCT,0,3389886
ssnAp,0.1111111111111111,8,8,CGCGCCACCCATGGACAATG,0,3399406
ssnAp,0.1111111111111111,8,8,CGCGCATTAGGGACAAATCA,0,3383345
ssnAp,0.1111111111111111,8,8,CGCCTATCTCTGGATGAAGC,0,3402577
ssnAp,0.1111111111111111,8,8,CGCATGTGTCCGATTGCAGT,0,3361091
ssnAp,0.1111111111111111,8,8,CGCATAACTTTCCGGCCGAG,0,3387429
ssnAp,0.1111111111111111,8,8,CGAGGCAGGGCAAGTAGTTG,0,3391087
ssnAp,0.1111111111111111,8,8,CGAGGACCCGGTCTGGATCG,0,3363344
ssnAp,0.1111111111111111,8,8,CGACTCAAGGGACCTCCTCA,0,3362579
ssnAp,0.1111111111111111,8,8,CCTTGGGGGACCTACGTAGA,0,3384420
ssnAp,0.1111111111111111,8,8,CCTTGCTCAAGTTTTGTTCG,0,3390698
ssnAp,0.1111111111111111,8,8,CCTGTGGGACTACTATGGAC,0,3394186
ssnAp,0.1111111111111111,8,8,CCTGAGTGATGCTTCGGTGC,0,3391893
ssnAp,0.1111111111111111,8,8,CCTAGTTGGCCTCGGACTGG,0,3372666
ssnAp,0.1111111111111111,8,8,CCTAATCGAGGCCCGAGTTC,0,3370685
ssnAp,0.1111111111111111,8,8,CCGTCCAGAAAACGGAGAAT,0,3367444
ssnAp,0.1111111111111111,8,8,CCGGTGAGCGGAGTTATCGC,0,3367363
ssnAp,0.1111111111111111,8,8,CCGGTAGAGGATTTGCGTGT,0,3381644
ssnAp,0.1111111111111111,8,8,CCGGGGCTTACCCAAATCCG,0,3393670
ssnAp,0.1111111111111111,8,8,CCGCATGCGCCCGGATCAGG,0,3387019
ssnAp,0.1111111111111111,8,8,CCGCACGTCACTCGTGACGT,0,3359963
ssnAp,0.1111111111111111,8,8,CCGCAATGCGGTGAGAAATC,0,3375654
ssnAp,0.1111111111111111,8,8,CCGAGAAGGCTCGTGGACGT,0,3399504
ssnAp,0.1111111111111111,8,8,CCCTGCAGCTATCGCGACGG,0,3363985
ssnAp,0.1111111111111111,8,8,CCCGTTGTTTGTAGGACACA,0,3380829
ssnAp,0.1111111111111111,8,8,CCCGACGGTCCCGATGCAAG,0,3391711
ssnAp,0.1111111111111111,8,8,CCATGCTGGACCGTGGGGGA,0,3380717
ssnAp,0.1111111111111111,8,8,CCACCTCGAAACCTATTTAA,0,3374234
ssnAp,0.1111111111111111,8,8,CCACAGCGTCACTATGGGCA,0,3364494
ssnAp,0.1111111111111111,8,8,CCAACTCACTGGAGCGAAGA,0,3366439
ssnAp,0.1111111111111111,8,8,CATTTTATTGTGGTTTCAAT,0,3400669
ssnAp,0.1111111111111111,8,8,CATTTGAGAAGCCAGGTTTG,0,3381782
ssnAp,0.1111111111111111,8,8,CATGCCATGTGAGGGTTTAG,0,3400492
ssnAp,0.1111111111111111,8,8,CATCCAGAATTAGGATGAGT,0,3391532
ssnAp,0.1111111111111111,8,8,CATCAAGCGACGGATACAGA,0,3395027
ssnAp,0.1111111111111111,8,8,CATAGCAGTCAGACTTACCC,0,3385047
ssnAp,0.1111111111111111,8,8,CAGGCCCAGCCCTCACAGCA,0,3366088
ssnAp,0.1111111111111111,8,8,CAGGATACCACTCTTGTTCT,0,3363302
ssnAp,0.1111111111111111,8,8,CAGCGTACGCATCGACGGAT,0,3376282
ssnAp,0.1111111111111111,8,8,CAGCGCGCCTACTATGAGGT,0,3395385
ssnAp,0.1111111111111111,8,8,CACCCTGCACTTGGTTTGGT,0,3366329
ssnAp,0.1111111111111111,8,8,CACATAATTCCTTCACAAGT,0,3368769
ssnAp,0.1111111111111111,8,8,CAACCAGCCGAAGAATGTGC,0,3377525
ssnAp,0.1111111111111111,8,8,CAACATGCTGTGGGGGGGGG,0,3391361
ssnAp,0.1111111111111111,8,8,CAAACTTAAAACGGGCTCAT,0,3363410
ssnAp,0.1111111111111111,8,8,CAAAAATAACGAGCAAGCTG,0,3394167
ssnAp,0.1111111111111111,8,8,ATTTTTTGGCCGTTAGTATG,0,3400984
ssnAp,0.1111111111111111,8,8,ATTTGTTTTAACAACGAGAT,0,3393763
ssnAp,0.1111111111111111,8,8,ATTTGCTTTGCGTATCGAAC,0,3372276
ssnAp,0.1111111111111111,8,8,ATTGGTTCACTTCACTTGGG,0,3377763
ssnAp,0.1111111111111111,8,8,ATTGCGCTGAATCTGAGTTC,0,3371071
ssnAp,0.1111111111111111,8,8,ATTGCAGCCAGGGTGCACGA,0,3384145
ssnAp,0.1111111111111111,8,8,ATTAGTAATGTACCCACGAC,0,3368728
ssnAp,0.1111111111111111,8,8,ATGTCTTTTTTATTGCCAGT,0,3364107
ssnAp,0.1111111111111111,8,8,ATGTAGGCCAGCTCAGTGTA,0,3363911
ssnAp,0.1111111111111111,8,8,ATGGTTGCCCTCCGGCTGGC,0,3366951
ssnAp,0.1111111111111111,8,8,ATGCTGGCCGAGAATGCCAG,0,3388964
ssnAp,0.1111111111111111,8,8,ATGCGTATATTCTTGAGAAG,0,3363329
ssnAp,0.1111111111111111,8,8,ATGAATGCTCTGGTTGCACC,0,3369913
ssnAp,0.1111111111111111,8,8,ATCTCTGTCCGTCGGCTCCG,0,3394091
ssnAp,0.1111111111111111,8,8,ATCGTCCGCGGCCGATCAAT,0,3382803
ssnAp,0.1111111111111111,8,8,ATCGCGGTTTAGCAAGGACG,0,3365420
ssnAp,0.1111111111111111,8,8,ATCCTATTCTCGTCGCTCAT,0,3381141
ssnAp,0.1111111111111111,8,8,ATCCTAGACGTATTGTCGCG,0,3397919
ssnAp,0.1111111111111111,8,8,ATCCACGCGTCAGCCGGTAC,0,3374381
ssnAp,0.1111111111111111,8,8,ATCAGGTCCGATTGCAAGTG,0,3388144
ssnAp,0.1111111111111111,8,8,ATCAATAGGTCGGTAGACAT,0,3376553
ssnAp,0.1111111111111111,8,8,ATATTGTCACGCTGCCTCAC,0,3388578
ssnAp,0.1111111111111111,8,8,ATATGGGACGGTCATACGAT,0,3395796
ssnAp,0.1111111111111111,8,8,ATATGGAGCCGAGTACGAGC,0,3398347
ssnAp,0.1111111111111111,8,8,ATATATCTACACACCGCCTT,0,3362796
ssnAp,0.1111111111111111,8,8,ATATACATTGAATGGCTTTC,0,3370931
ssnAp,0.1111111111111111,8,8,ATATAACTTGCTGCGGTGCG,0,3359983
ssnAp,0.1111111111111111,8,8,ATAGTACACGGAGATCCCTA,0,3367807
ssnAp,0.1111111111111111,8,8,ATAGGTGGCGTATAATCAGA,0,3379700
ssnAp,0.1111111111111111,8,8,ATAGCTAATATCCCGTGGAG,0,3376242
ssnAp,0.1111111111111111,8,8,ATACTTTGCAATCCTGGCGT,0,3362023
ssnAp,0.1111111111111111,8,8,ATACGGCTCAACCACGGGAC,0,3393390
ssnAp,0.1111111111111111,8,8,ATAAGACGAGATTATATCCA,0,3399536
ssnAp,0.1111111111111111,8,8,AGTTGTAAGTGATAAAAGTT,0,3359569
ssnAp,0.1111111111111111,8,8,AGTTAATCCTGAACCTGAAA,0,3386553
ssnAp,0.1111111111111111,8,8,AGTGACGTTCAGTACGTGCC,0,3366520
ssnAp,0.1111111111111111,8,8,AGTGAACTACGCCTCCTCTG,0,3378280
ssnAp,0.1111111111111111,8,8,AGTCTACTCAGAGAGAAACT,0,3359813
ssnAp,0.1111111111111111,8,8,AGTATAGGGTTGACACGTGT,0,3374992
ssnAp,0.1111111111111111,8,8,AGGTTAAACGATTCTTAATC,0,3391446
ssnAp,0.1111111111111111,8,8,AGGTCCTCCTAGAAATTCCA,0,3375884
ssnAp,0.1111111111111111,8,8,AGGGGTACGCGGCCCGGCTC,0,3395972
ssnAp,0.1111111111111111,8,8,AGGCGTGGATTTTTAGATAG,0,3376241
ssnAp,0.1111111111111111,8,8,AGGAGATTCTCACGTGGCCC,0,3393187
ssnAp,0.1111111111111111,8,8,AGCTAGCTACGACATTGTGG,0,3387867
ssnAp,0.1111111111111111,8,8,AGCTACGTGGTACCATCACA,0,3380507
ssnAp,0.1111111111111111,8,8,AGCGTCCGCTTAGTTAACCA,0,3385046
ssnAp,0.1111111111111111,8,8,AGCGCAGGTTGAGACGGTTG,0,3367654
ssnAp,0.1111111111111111,8,8,AGCATGCATCTTATCATGGT,0,3377474
ssnAp,0.1111111111111111,8,8,AGCATCCCGTGGATCCGGGT,0,3360358
ssnAp,0.1111111111111111,8,8,AGCATCATGTAAAATCCACC,0,3389426
ssnAp,0.1111111111111111,8,8,AGATCTCTCATTTCAGCAGA,0,3380775
ssnAp,0.1111111111111111,8,8,AGAGGGGACCATCCGAGACT,0,3376887
ssnAp,0.1111111111111111,8,8,AGAGGATAGTTTCGGGCTAG,0,3394838
ssnAp,0.1111111111111111,8,8,AGAGACTAAACCATGCAGTA,0,3369721
ssnAp,0.1111111111111111,8,8,AGACCGCCCCAATAGTTCAA,0,3359729
ssnAp,0.1111111111111111,8,8,AGAACGGAGCGGGTACGCTT,0,3402178
ssnAp,0.1111111111111111,8,8,AGAACGCATTAAGCAATCAC,0,3388807
ssnAp,0.1111111111111111,8,8,AGAACCTTGGAGCCAACACT,0,3371438
ssnAp,0.1111111111111111,8,8,AGAACAGCATCCCAACGGGA,0,3372571
ssnAp,0.1111111111111111,8,8,AGAAAGTGCAGCGACAAAAG,0,3374594
ssnAp,0.1111111111111111,8,8,AGAAAAGCTTAATTATCCTG,0,3385614
ssnAp,0.1111111111111111,8,8,ACTTATGTCTGAGCGGTCTC,0,3371534
ssnAp,0.1111111111111111,8,8,ACTTAGCCGGCTGTCATAGC,0,3369564
ssnAp,0.1111111111111111,8,8,ACTGTCAGATCACTCGGGTG,0,3382756
ssnAp,0.1111111111111111,8,8,ACTGAGCCCATAGATGGGAG,0,3400267
ssnAp,0.1111111111111111,8,8,ACTCATACCTATCTGTGCCT,0,3367943
ssnAp,0.1111111111111111,8,8,ACTAGAGGAAGTTAATCCGA,0,3391727
ssnAp,0.1111111111111111,8,8,ACGGTCGTGGTTCCTCCTGC,0,3395759
ssnAp,0.1111111111111111,8,8,ACGGAAGCGGAACTTAGGCG,0,3372667
ssnAp,0.1111111111111111,8,8,ACGCATAGCATGATTCTAAT,0,3380812
ssnAp,0.1111111111111111,8,8,ACCGGGATAATTTGCAGGAA,0,3379416
ssnAp,0.1111111111111111,8,8,ACCATGTGGTAGTTCCCAGG,0,3380164
ssnAp,0.1111111111111111,8,8,ACCACTCCTGACCAGTCAGT,0,3361437
ssnAp,0.1111111111111111,8,8,ACATACGATGCGGAAGGTCT,0,3368857
ssnAp,0.1111111111111111,8,8,ACAGTGGTTCTTAAGTGCAT,0,3393599
ssnAp,0.1111111111111111,8,8,ACACGCGAGGCGCTTCGGTA,0,3400881
ssnAp,0.1111111111111111,8,8,ACACCGTTGAATGTTACATA,0,3401245
ssnAp,0.1111111111111111,8,8,ACACATAGGTGCCGAGAGAA,0,3388323
ssnAp,0.1111111111111111,8,8,AATTAGGCTGATGCACTCGT,0,3368550
ssnAp,0.1111111111111111,8,8,AATGCACTGCCACTAAAGAA,0,3382922
ssnAp,0.1111111111111111,8,8,AATACAAGGACAATGCCGCT,0,3386648
ssnAp,0.1111111111111111,8,8,AATAACCTTTTACTGAACGT,0,3364542
ssnAp,0.1111111111111111,8,8,AAGTTACCGCATTCAGAATA,0,3379948
ssnAp,0.1111111111111111,8,8,AAGTAGTTCTTAACTGCTTA,0,3401619
ssnAp,0.1111111111111111,8,8,AAGGTTTGGACGTAGATGTG,0,3366428
ssnAp,0.1111111111111111,8,8,AAGGCACGTATAATTTACAC,0,3376285
ssnAp,0.1111111111111111,8,8,AAGGATACCGCAAAATGAAG,0,3366602
ssnAp,0.1111111111111111,8,8,AAGCCGTTGCCACTTATAAA,0,3386338
ssnAp,0.1111111111111111,8,8,AACTTTCTGACAAGAGGAGA,0,3368125
ssnAp,0.1111111111111111,8,8,AACGTTCGCGATTTAGTCTA,0,3397436
ssnAp,0.1111111111111111,8,8,AACGTCTGACGGATCTCAAT,0,3392492
ssnAp,0.1111111111111111,8,8,AACGTACGATTCCACAGCTT,0,3381578
ssnAp,0.1111111111111111,8,8,AACGGTTTCCTGCGCAGTAT,0,3361732
ssnAp,0.1111111111111111,8,8,AACGGGCCAATCTAGCTCAT,0,3366814
ssnAp,0.1111111111111111,8,8,AACCAGCTTAGGTTTCTGAC,0,3363481
ssnAp,0.1111111111111111,8,8,AACATAACAGATTCGGGCCT,0,3397451
ssnAp,0.1111111111111111,8,8,AACACAGATTATCCCGTATA,0,3371307
ssnAp,0.1111111111111111,8,8,AAATTGTATCGTGTCGAGAT,0,3373026
ssnAp,0.1111111111111111,8,8,AAACTTACGACATTTCCGGT,0,3380585
ssnAp,0.1111111111111111,8,8,AAACGTGGTCCATCTATTTT,0,3370237
ssnAp,0.1111111111111111,8,8,AAACCTCGTTAGCGTAGGAG,0,3392387
ssnAp,0.1111111111111111,8,8,AAACCGGTCAACCAAGGCAT,0,3363115
ssnAp,0.1111111111111111,8,8,AAACCGGGAGTGGCTTTCCA,0,3389102
ssnAp,0.1111111111111111,8,8,AAACCGAGATGAACCAGGAA,0,3389084
ssnAp,0.1111111111111111,8,8,AAAAGAGTCCCGGTAGCACG,0,3402776
ssnAp,0.125,7,7,TTTTTATAGCGCGGGGTGAT,0,3398587
ssnAp,0.125,7,7,TTTTCGTCCACATAATATTT,0,3366449
ssnAp,0.125,7,7,TTTTCCTGTAACCCATCATT,0,3384241
ssnAp,0.125,7,7,TTTGTGCCAGAAATCTCGGA,0,3385280
ssnAp,0.125,7,7,TTTGACATTTCGCGGACAGG,0,3397340
ssnAp,0.125,7,7,TTTCTGTGAGGACTCCCGAA,0,3359759
ssnAp,0.125,7,7,TTTCGAAAGAGGCAGCATTC,0,3362461
ssnAp,0.125,7,7,TTTATGTTTCGATGAATAAT,0,3367926
ssnAp,0.125,7,7,TTTATCATCTTAACGAGGGC,0,3389454
ssnAp,0.125,7,7,TTTAGTTTAGGACCTTGTCA,0,3365591
ssnAp,0.125,7,7,TTTAAGTTCGGCGCCCAAGC,0,3379321
ssnAp,0.125,7,7,TTGTTGGTTGTCCTTCCCAT,0,3401127
ssnAp,0.125,7,7,TTGTTAGCGGGGCTTGGCCA,0,3361342
ssnAp,0.125,7,7,TTGTGCCTTACTCATTTGAC,0,3376410
ssnAp,0.125,7,7,TTGTCGGAGCTATTACGAAC,0,3371728
ssnAp,0.125,7,7,TTGGTGGATTGAATGTTGAC,0,3362097
ssnAp,0.125,7,7,TTGCTATTCTCCCAGAGACA,0,3377836
ssnAp,0.125,7,7,TTGCAAGTTTGGGCAGGTCG,0,3377050
ssnAp,0.125,7,7,TTGAGTAAGAATGGACCTGT,0,3391077
ssnAp,0.125,7,7,TTCTTCACAGCTAGTCATCC,0,3374932
ssnAp,0.125,7,7,TTCGGTCACAGGAGATTGTG,0,3372058
ssnAp,0.125,7,7,TTCGCTATCTTAAGGAGTTA,0,3370552
ssnAp,0.125,7,7,TTCCTGACGGGATATCAAAC,0,3381398
ssnAp,0.125,7,7,TTCATATGGGGTCACCGATT,0,3363555
ssnAp,0.125,7,7,TTCACCTGACTATTGCCATT,0,3389640
ssnAp,0.125,7,7,TTATGTGCCAGACGAGTTCT,0,3362917
ssnAp,0.125,7,7,TTAGTCCATAAACAGTCCAC,0,3384501
ssnAp,0.125,7,7,TTAGGTCAGCGACGTATAAC,0,3388583
ssnAp,0.125,7,7,TTAGCAGCCTTCTAGGAACG,0,3394584
ssnAp,0.125,7,7,TTACTGGCTAGGGCATCGTT,0,3372097
ssnAp,0.125,7,7,TTACAGCGTAACCGGCTGGC,0,3373133
ssnAp,0.125,7,7,TGTTGATTTGCGGCCTTTAG,0,3378708
ssnAp,0.125,7,7,TGTGTTCATTGCTTATCTCG,0,3364122
ssnAp,0.125,7,7,TGTGCGGCGCGCCGCGGATT,0,3387089
ssnAp,0.125,7,7,TGTGAAAGGTGTCTGGTACC,0,3368303
ssnAp,0.125,7,7,TGTACTATAGATACTGACAA,0,3360251
ssnAp,0.125,7,7,TGGTGGACTTCAGTGGCAAC,0,3365775
ssnAp,0.125,7,7,TGGTGCTACACGTTGATCGG,0,3366555
ssnAp,0.125,7,7,TGGGTTTGGATTGGCCTAAA,0,3365655
ssnAp,0.125,7,7,TGGGCTCACTGAAACTGTCG,0,3372624
ssnAp,0.125,7,7,TGGCTTTTCTCAGCCCTCCT,0,3395187
ssnAp,0.125,7,7,TGGCGTCAATCAGTCCCGAT,0,3363817
ssnAp,0.125,7,7,TGGCGCGGGCATGTCGAATT,0,3397988
ssnAp,0.125,7,7,TGGCGAGTCGATGGCACCAA,0,3393720
ssnAp,0.125,7,7,TGGATATCGAGCTAATCATT,0,3401908
ssnAp,0.125,7,7,TGGAGACCAAATATTCAAAC,0,3396445
ssnAp,0.125,7,7,TGCTCAGTGGCGCATAAAGA,0,3362142
ssnAp,0.125,7,7,TGCGGGAAGAGCGTGTGAGC,0,3366711
ssnAp,0.125,7,7,TGCGGCAATAGGGAGTAGTA,0,3392114
ssnAp,0.125,7,7,TGCGGAATCCTTTCGCGATT,0,3370239
ssnAp,0.125,7,7,TGCGCACTGCGCGAAACGTA,0,3394175
ssnAp,0.125,7,7,TGCGAGTAATATCTAGTACT,0,3364017
ssnAp,0.125,7,7,TGCCTGTAGTATTTGTCGTA,0,3373337
ssnAp,0.125,7,7,TGCCCTGGCCCTAAGTCGAT,0,3388845
ssnAp,0.125,7,7,TGCATTAAGGCTATGAAGTT,0,3367531
ssnAp,0.125,7,7,TGCAATATTTAAACAAAGGA,0,3374775
ssnAp,0.125,7,7,TGATTTGGCATGACGTCAGA,0,3361356
ssnAp,0.125,7,7,TGAGGTTTGCCACATATGTA,0,3382122
ssnAp,0.125,7,7,TGACTTTGACTCTAAAAGTC,0,3366129
ssnAp,0.125,7,7,TGACGTTATACTAGACGCTT,0,3386240
ssnAp,0.125,7,7,TGACGCAAGCGCATTATTTG,0,3383848
ssnAp,0.125,7,7,TGACCTGACTTGTTGGTATT,0,3392086
ssnAp,0.125,7,7,TGAATTTAGCCTTCCTGTCA,0,3390543
ssnAp,0.125,7,7,TGAATTACTAAACGTTAGAA,0,3391886
ssnAp,0.125,7,7,TGAATGCAACAAACCTAAAA,0,3390121
ssnAp,0.125,7,7,TGAAGGCGAAGACAATATCT,0,3393738
ssnAp,0.125,7,7,TCTTTAATTGCGATCATAGT,0,3368631
ssnAp,0.125,7,7,TCTTCTGTGATGGAAGTTGG,0,3388986
ssnAp,0.125,7,7,TCTTCAACCTGGATAACACG,0,3395434
ssnAp,0.125,7,7,TCTGTTACACCTCCCATTCT,0,3391101
ssnAp,0.125,7,7,TCTGCCGAGAGGGGTCAATG,0,3390494
ssnAp,0.125,7,7,TCTCCGACCCAGGCAGGTAA,0,3363461
ssnAp,0.125,7,7,TCTCAGTGTGTGCCTATCCT,0,3376371
ssnAp,0.125,7,7,TCTCACCGCACGCAGCGGTA,0,3385527
ssnAp,0.125,7,7,TCTATCAGCTCGTCCCAAAA,0,3379587
ssnAp,0.125,7,7,TCTACTCTCCGATATTAGTT,0,3371237
ssnAp,0.125,7,7,TCGTTGGTGCCCACTAAAAC,0,3370976
ssnAp,0.125,7,7,TCGTGTTGTACTGTGGTATC,0,3366279
ssnAp,0.125,7,7,TCGTGAGTCAGGGATAAATA,0,3400951
ssnAp,0.125,7,7,TCGTCGGCAGATTTTCTAGG,0,3362803
ssnAp,0.125,7,7,TCGGTTCTAAAACTTGACAG,0,3363630
ssnAp,0.125,7,7,TCGGTCATAAACAGAAATTT,0,3402865
ssnAp,0.125,7,7,TCGGGGTCACACCTGGGCTA,0,3362380
ssnAp,0.125,7,7,TCGCGGGACATGCCTATTTC,0,3378608
ssnAp,0.125,7,7,TCGCACCTAGCATTAAGACG,0,3380213
ssnAp,0.125,7,7,TCGCACATATTCGTAAAGTC,0,3390597
ssnAp,0.125,7,7,TCCTTGGTGAGAAGGGCTCC,0,3378001
ssnAp,0.125,7,7,TCCGTCCGAATTACGTATAA,0,3394708
ssnAp,0.125,7,7,TCCGGTAGGATCCAAGCCTC,0,3389682
ssnAp,0.125,7,7,TCCCTCTCCGTTGCTGCACA,0,3374433
ssnAp,0.125,7,7,TCCCCACTCGTATATGATTA,0,3399960
ssnAp,0.125,7,7,TCCCATGGCATCAGTCTAGC,0,3369600
ssnAp,0.125,7,7,TCAGGATGCAAAGCAAACGT,0,3381023
ssnAp,0.125,7,7,TCAGATTACTCTTTATCCTG,0,3394256
ssnAp,0.125,7,7,TCACAGCGCATATACAGGAA,0,3366243
ssnAp,0.125,7,7,TCACAGATCCCGGCACAACA,0,3376347
ssnAp,0.125,7,7,TCAAAATACAAGGCTACCCA,0,3374373
ssnAp,0.125,7,7,TATTCCCGGGAATCAGCGGC,0,3379300
ssnAp,0.125,7,7,TATGTACATTATTTCCTCAA,0,3387041
ssnAp,0.125,7,7,TATGGCCGCTGGAGGGGTCA,0,3396366
ssnAp,0.125,7,7,TAGGTTGTTGACCCCGTAGA,0,3402388
ssnAp,0.125,7,7,TAGGGGTTAGGTGGAGGGAC,0,3387044
ssnAp,0.125,7,7,TAGGCTGGGAGGACTCGGAT,0,3384071
ssnAp,0.125,7,7,TAGATCAACGAAGCGACGAA,0,3399049
ssnAp,0.125,7,7,TAGAACGGGTGCTTGTGTAT,0,3381932
ssnAp,0.125,7,7,TACTTGCCGCTCAGCAATCT,0,3381625
ssnAp,0.125,7,7,TACTACGATCTATTACCAGA,0,3400848
ssnAp,0.125,7,7,TACGGTCGTGAATAGTGTAG,0,3372890
ssnAp,0.125,7,7,TACGGCCGACAGTGCTTGAC,0,3368324
ssnAp,0.125,7,7,TACCACGCTCTGCCAATAAG,0,3391832
ssnAp,0.125,7,7,TACATTCCTGCATGCCACAA,0,3374415
ssnAp,0.125,7,7,TACATCTACGTAGAAAGCAT,0,3395976
ssnAp,0.125,7,7,TACAGTGTCGCTGGGGCCTA,0,3399281
ssnAp,0.125,7,7,TACAACCACTCAACTTGATC,0,3387961
ssnAp,0.125,7,7,TAATATGCAATGCGAGTCAA,0,3369943
ssnAp,0.125,7,7,TAATATCCAGCGCAAGACAT,0,3378197
ssnAp,0.125,7,7,TAAGGTCCGGCGTTATATCT,0,3362410
ssnAp,0.125,7,7,TAACCTGTTTCTATATTTAG,0,3397126
ssnAp,0.125,7,7,TAACCCAAGTCGGAGGTAAT,0,3359546
ssnAp,0.125,7,7,TAAATGTAAACGTGGAACAG,0,3395895
ssnAp,0.125,7,7,TAAAGACAGCTAATAAACGA,0,3369928
ssnAp,0.125,7,7,GTTTTCGGTGGAAGGGAGTG,0,3361375
ssnAp,0.125,7,7,GTTTGTATAGAAAGTTTAGG,0,3377348
ssnAp,0.125,7,7,GTTTATGATCAATCTTCAAT,0,3397350
ssnAp,0.125,7,7,GTTGTGATGCGTCCGTCCGT,0,3382540
ssnAp,0.125,7,7,GTTGGAGGCCCAGCACAGTG,0,3377991
ssnAp,0.125,7,7,GTTGCGTACATATATTTCTA,0,3383385
ssnAp,0.125,7,7,GTTGAGATCTTGATGTTACA,0,3391948
ssnAp,0.125,7,7,GTTCATGTCCTACCCTGGTG,0,3393880
ssnAp,0.125,7,7,GTTCATCTTGCGCTGAAGGG,0,3398829
ssnAp,0.125,7,7,GTTCACTTATCGTGAAGAGA,0,3361146
ssnAp,0.125,7,7,GTTAACTAGAACACTCGTCT,0,3368968
ssnAp,0.125,7,7,GTGTTGCTCTTTGCTGCTTA,0,3392132
ssnAp,0.125,7,7,GTGTTATACAGGTAGCCTTT,0,3384341
ssnAp,0.125,7,7,GTGTACTCTCGCCCGATTTG,0,3369749
ssnAp,0.125,7,7,GTGGTCTCCATCTTGACCAC,0,3374000
ssnAp,0.125,7,7,GTGGCTAATTCCAGCGACAG,0,3399605
ssnAp,0.125,7,7,GTGGATTAACTTGCGGCAGG,0,3385806
ssnAp,0.125,7,7,GTGCCAGAGTCCCCGGCACA,0,3377767
ssnAp,0.125,7,7,GTGATTCTTAGGGATAGGGA,0,3383778
ssnAp,0.125,7,7,GTGAATCGCGCATTGAGATA,0,3402490
ssnAp,0.125,7,7,GTGAAGGACGGAAAGTTGCA,0,3386907
ssnAp,0.125,7,7,GTCTTTTCTTGGCATCGCTC,0,3365465
ssnAp,0.125,7,7,GTCTTCTACCCGTACTCTGT,0,3393075
ssnAp,0.125,7,7,GTCTGCAGCTGTCCTATTGT,0,3383440
ssnAp,0.125,7,7,GTCTCTTATATATAGCCTGC,0,3376853
ssnAp,0.125,7,7,GTCTAGGGGTTGGGAGGTTT,0,3380537
ssnAp,0.125,7,7,GTCGGTACAAGTCAATTTCT,0,3374004
ssnAp,0.125,7,7,GTCGGTAAACACGCGTTCCT,0,3390929
ssnAp,0.125,7,7,GTCCGTAGAGTTCTTGTCCG,0,3395927
ssnAp,0.125,7,7,GTCCGGGAGTCAACGTACTC,0,3383227
ssnAp,0.125,7,7,GTCAAATTCGCAATTCAATT,0,3360012
ssnAp,0.125,7,7,GTATTGAGCCCTCGTTTAAG,0,3360145
ssnAp,0.125,7,7,GTATAGGGGGCGGAGACCAA,0,3364720
ssnAp,0.125,7,7,GTAGACCCGTTAGGCTTAAG,0,3387290
ssnAp,0.125,7,7,GTACCGCCGTTGAGGGGCAA,0,3377068
ssnAp,0.125,7,7,GGTTTGGGATGTGCGGCAGA,0,3359706
ssnAp,0.125,7,7,GGTTCACGAGTCCCGGTGTA,0,3378333
ssnAp,0.125,7,7,GGTTAGATACAAGAGGGTCC,0,3373384
ssnAp,0.125,7,7,GGTGTGGGTTAATGTTGAAT,0,3367456
ssnAp,0.125,7,7,GGTGTGGACCATGACGCGGC,0,3393819
ssnAp,0.125,7,7,GGTGATGTGGTAAAAATGGT,0,3383324
ssnAp,0.125,7,7,GGTCTACCCAAATTCAGCTA,0,3377092
ssnAp,0.125,7,7,GGTCAATAGGAGGCGAAATT,0,3394956
ssnAp,0.125,7,7,GGTCAAGTACACCCGAGGGG,0,3385217
ssnAp,0.125,7,7,GGTATGGGAAGACCTTTGTA,0,3384472
ssnAp,0.125,7,7,GGTACTACGGCAACAGTAGT,0,3373744
ssnAp,0.125,7,7,GGTAACATCGAGTTAAGACG,0,3379007
ssnAp,0.125,7,7,GGGTTACAAGTAAGGGGGAA,0,3367326
ssnAp,0.125,7,7,GGGTAAATTCTATCAACGGG,0,3370544
ssnAp,0.125,7,7,GGGGTGCCATCGGTCTGTGA,0,3370724
ssnAp,0.125,7,7,GGGGGGATACATCATTAGTT,0,3361038
ssnAp,0.125,7,7,GGGGCGCATCACTATCGACT,0,3387922
ssnAp,0.125,7,7,GGGGCCGGACTTTGGGCACG,0,3360734
ssnAp,0.125,7,7,GGGGCAACTGGTCGGGGAAT,0,3391653
ssnAp,0.125,7,7,GGGCTCTCTTGACTTGGCCG,0,3375612
ssnAp,0.125,7,7,GGGCTATCAATCACAGATTT,0,3371249
ssnAp,0.125,7,7,GGGCGTTCATTACTCAGGTG,0,3394691
ssnAp,0.125,7,7,GGGCGGATTTGTTGTGAAGT,0,3362831
ssnAp,0.125,7,7,GGGCGCACGGTAGAAAATTC,0,3370322
ssnAp,0.125,7,7,GGGATTGAGACGATCAAGCT,0,3374316
ssnAp,0.125,7,7,GGGACTACAACATTCGGTTT,0,3368754
ssnAp,0.125,7,7,GGGACAATCAGTCACACAAT,0,3381302
ssnAp,0.125,7,7,GGCTTCGGGGACTCGCCTAC,0,3380860
ssnAp,0.125,7,7,GGCTCGTCCGTTCGCGGTAT,0,3392353
ssnAp,0.125,7,7,GGCGTTACTAAGCTACGGCA,0,3381927
ssnAp,0.125,7,7,GGCGTCACAACTCCACATAT,0,3371520
ssnAp,0.125,7,7,GGCGCAACGATGAAGGAGGT,0,3386206
ssnAp,0.125,7,7,GGCACACTGCCCATGTTATG,0,3395762
ssnAp,0.125,7,7,GGATGTCGGTCTCCTGCAGA,0,3377431
ssnAp,0.125,7,7,GGATGTCGAAGACGCTCGAA,0,3381631
ssnAp,0.125,7,7,GGATGTACCCAGAATTCTGG,0,3359248
ssnAp,0.125,7,7,GGATATGATGAATTAATATT,0,3401524
ssnAp,0.125,7,7,GGAGGACAGGGGACAAATTT,0,3400987
ssnAp,0.125,7,7,GGAGCACTGGACACCCGTGC,0,3380861
ssnAp,0.125,7,7,GGAGAAAGTCTGATAGGGCG,0,3382950
ssnAp,0.125,7,7,GGACGAGGCTGGCCGCGTCC,0,3393069
ssnAp,0.125,7,7,GGAATGGGTACAGCATGTAT,0,3364160
ssnAp,0.125,7,7,GGAAGGTGCGAGGGAATCAA,0,3401367
ssnAp,0.125,7,7,GGAACTGTATAACCCGAGTT,0,3382411
ssnAp,0.125,7,7,GCTGTCATGCTCTGAGCCTC,0,3390949
ssnAp,0.125,7,7,GCTGCAAGAAAACTAGGGTG,0,3400015
ssnAp,0.125,7,7,GCTGATTCCCCGAATCGGAT,0,3385130
ssnAp,0.125,7,7,GCTCGCGGATTTACCCAGCG,0,3361946
ssnAp,0.125,7,7,GCTCCGAGTCTTGGAAATTC,0,3377728
ssnAp,0.125,7,7,GCTCATTCGGCGGTAGCTAT,0,3393835
ssnAp,0.125,7,7,GCTCACCGGCTGGTCACAGC,0,3392462
ssnAp,0.125,7,7,GCTAGAGGAAGTTTAAACGT,0,3397249
ssnAp,0.125,7,7,GCTACCAGAGGTACAAACGG,0,3365576
ssnAp,0.125,7,7,GCGTTAGTAAGGACATCTGA,0,3367703
ssnAp,0.125,7,7,GCGTTAAAACAGCACCCATT,0,3385667
ssnAp,0.125,7,7,GCGTGGCGTTTTAGTTTGTT,0,3364390
ssnAp,0.125,7,7,GCGTCGTGGCATTTGCACGA,0,3374525
ssnAp,0.125,7,7,GCGGTGCTTGATAGAGATCC,0,3373646
ssnAp,0.125,7,7,GCGGCGCGGTTAATAAGGAA,0,3361254
ssnAp,0.125,7,7,GCGCCCCGTCTAAGTACCGT,0,3374341
ssnAp,0.125,7,7,GCGAGTAGTCGTCGGTCGAT,0,3365387
ssnAp,0.125,7,7,GCGAGGCACGAGGTAAAGTT,0,3382575
ssnAp,0.125,7,7,GCGAGCCTGAGATGGCCCTG,0,3376782
ssnAp,0.125,7,7,GCGAATAGTTAAGTCCTGTC,0,3375250
ssnAp,0.125,7,7,GCCTTACGTGGTGGTACCGG,0,3400367
ssnAp,0.125,7,7,GCCTCTGTGGTGGGGAGGGA,0,3387474
ssnAp,0.125,7,7,GCCTCTCCGTTCAACGCAGC,0,3383762
ssnAp,0.125,7,7,GCCTAATTCTAATAAGTGAT,0,3400148
ssnAp,0.125,7,7,GCCCGGGACTTGCCTTTGGC,0,3365249
ssnAp,0.125,7,7,GCATTTTTTTGGGGAACCCG,0,3395025
ssnAp,0.125,7,7,GCATTCAAGCCCTCGCAAAA,0,3385173
ssnAp,0.125,7,7,GCATTATGGTCAATGGATAT,0,3359920
ssnAp,0.125,7,7,GCAGGGTGTCTGGTTGTAGA,0,3381321
ssnAp,0.125,7,7,GCAGCGCGATCGGGCACTGA,0,3369917
ssnAp,0.125,7,7,GCACACGGAGATCGATCATA,0,3382953
ssnAp,0.125,7,7,GCAATGCGCAACGACAGTAC,0,3374551
ssnAp,0.125,7,7,GCAAGTTGAATGGCTATCTG,0,3401392
ssnAp,0.125,7,7,GCAAACCCAGCGAGGGGCGA,0,3386592
ssnAp,0.125,7,7,GATTCGCCTTTAGAAACTCA,0,3376937
ssnAp,0.125,7,7,GATTAAAGCACTTATAATGG,0,3363363
ssnAp,0.125,7,7,GATGTTTGCACATTCCCACC,0,3396540
ssnAp,0.125,7,7,GATGTCAGCGTTTGGGCGGC,0,3365017
ssnAp,0.125,7,7,GATCCTCATCAGCGGCCTTA,0,3395277
ssnAp,0.125,7,7,GATAAAATAGTCGATTATCG,0,3369025
ssnAp,0.125,7,7,GAGTGTGACTTGAAATTGGT,0,3378955
ssnAp,0.125,7,7,GAGTGATATTGTTTAACCTC,0,3373874
ssnAp,0.125,7,7,GAGGGTTCTCCGTATGATCA,0,3361464
ssnAp,0.125,7,7,GAGGGTAATCGCATTTAACA,0,3377397
ssnAp,0.125,7,7,GAGCTCCTGATACGGTAGTC,0,3359413
ssnAp,0.125,7,7,GAGCGCCGTGGATGCCCTAA,0,3371022
ssnAp,0.125,7,7,GAGCGCCAATGCCGGAGGAA,0,3393360
ssnAp,0.125,7,7,GAGAGTTCTACACTTTACCA,0,3390716
ssnAp,0.125,7,7,GAGAGAATACCAAAGCACGC,0,3385777
ssnAp,0.125,7,7,GACGCTTTGCGGACTTTGAC,0,3364840
ssnAp,0.125,7,7,GACGCGCAACTTCTTAACGG,0,3400921
ssnAp,0.125,7,7,GACGAACAGGCCAAAATAGA,0,3384516
ssnAp,0.125,7,7,GACCGGTTGAGTCTGCAAAA,0,3373372
ssnAp,0.125,7,7,GACCGCCCCTGCTCGTGTTT,0,3386282
ssnAp,0.125,7,7,GACAAGACGAGGGGCATATA,0,3360093
ssnAp,0.125,7,7,GAATTGCCAACGCGAAACCC,0,3401166
ssnAp,0.125,7,7,GAATGTACTGTTCCGGCTGT,0,3361590
ssnAp,0.125,7,7,GAATGCTCGTAGCAGGGGTG,0,3390870
ssnAp,0.125,7,7,GAATCTGGGAACCGCCTTCG,0,3371634
ssnAp,0.125,7,7,GAATCTACGCCAGGTTGCCC,0,3365211
ssnAp,0.125,7,7,GAAGTGGTAGGAACACATAA,0,3387489
ssnAp,0.125,7,7,GAACTGTGTGATTGCTTTGA,0,3382862
ssnAp,0.125,7,7,GAACGCTCTCGTGAGACGTT,0,3370337
ssnAp,0.125,7,7,GAAATTGATTAGCGATAGAG,0,3374710
ssnAp,0.125,7,7,GAAACGGTTGCAATATCTCA,0,3377077
ssnAp,0.125,7,7,GAAAACCCTTGCTTAGATTA,0,3384998
ssnAp,0.125,7,7,GAAAAAGATAATATAGTAGG,0,3370506
ssnAp,0.125,7,7,CTTTACTTTATTCCTTCTGT,0,3392196
ssnAp,0.125,7,7,CTTTACGCGCTATTTCCTCA,0,3387876
ssnAp,0.125,7,7,CTTTAAATATGAGGCACTAA,0,3398217
ssnAp,0.125,7,7,CTTGTCCATATGATTACGTA,0,3361767
ssnAp,0.125,7,7,CTTATTAGTCACGCCGATGA,0,3392904
ssnAp,0.125,7,7,CTTAGGCTTTTGTGTCATTG,0,3367426
ssnAp,0.125,7,7,CTTAACGTAAGCGACTACTT,0,3361198
ssnAp,0.125,7,7,CTTAAATGTAACCGTGGAAT,0,3363877
ssnAp,0.125,7,7,CTGTTTTCGAAGAATAACCG,0,3361906
ssnAp,0.125,7,7,CTGTTCCCGCGAAGATAGCG,0,3362605
ssnAp,0.125,7,7,CTGTGTGAGTTAATTAGTTT,0,3395094
ssnAp,0.125,7,7,CTGGAAGAAGGATTGGTGCC,0,3398129
ssnAp,0.125,7,7,CTGCTCGCGGCAGGCACGGC,0,3376459
ssnAp,0.125,7,7,CTGCCGTCAGTAACCCTCCG,0,3384166
ssnAp,0.125,7,7,CTGCACCGCTGAAGCTTCGA,0,3367154
ssnAp,0.125,7,7,CTGAGGATCCGGATAGCGCG,0,3368675
ssnAp,0.125,7,7,CTGACTGGCCGACCCCAAGT,0,3397347
ssnAp,0.125,7,7,CTCTAGGTTAGTCCTTGTGT,0,3400056
ssnAp,0.125,7,7,CTCGTATCGGACTAGGCGTA,0,3371001
ssnAp,0.125,7,7,CTCGGTAACCATGTATCTTT,0,3380393
ssnAp,0.125,7,7,CTCGCCACAATTGGAGTGAA,0,3366083
ssnAp,0.125,7,7,CTCGATTCGGTAACGATGAT,0,3402779
ssnAp,0.125,7,7,CTCGACATGGGCGCACACAT,0,3368485
ssnAp,0.125,7,7,CTCGACACCTCCACTAACAA,0,3362583
ssnAp,0.125,7,7,CTCGAATTCGTTACGCATGA,0,3393478
ssnAp,0.125,7,7,CTCCGCGCATGCAAGATGTA,0,3380848
ssnAp,0.125,7,7,CTCCGCCTCGTTCGGAGAGT,0,3377951
ssnAp,0.125,7,7,CTCCGCCGGACAGTGCTTAA,0,3371919
ssnAp,0.125,7,7,CTCCGACACGAGAACTGTGA,0,3364725
ssnAp,0.125,7,7,CTCATGTTCCACCCACACTT,0,3373908
ssnAp,0.125,7,7,CTCAGCTAGACCTTCGCGGA,0,3376631
ssnAp,0.125,7,7,CTCACAGGGTCATGAGCGCT,0,3396338
ssnAp,0.125,7,7,CTATGGGTTTAACAGTAAAC,0,3399416
ssnAp,0.125,7,7,CTATCACAGTGTACTCCAGC,0,3393072
ssnAp,0.125,7,7,CTATATCTTTTTGGTACCGG,0,3368328
ssnAp,0.125,7,7,CTAGTTCAATACCGTACGTC,0,3366562
ssnAp,0.125,7,7,CGTTGCGACTATCGTAGCTG,0,3369596
ssnAp,0.125,7,7,CGTTCGGTTTCATGCAGAAT,0,3381363
ssnAp,0.125,7,7,CGTTACTCTAAACGTCTATA,0,3362752
ssnAp,0.125,7,7,CGTTACGAAAAACCTTGAAG,0,3362788
ssnAp,0.125,7,7,CGTGTAAGCGTTTTGTGCAA,0,3381572
ssnAp,0.125,7,7,CGTGGCGCCATATATTGCCC,0,3382532
ssnAp,0.125,7,7,CGTCTGATGCCGACAAATCA,0,3396728
ssnAp,0.125,7,7,CGTCATTCGCGCTTTCCGGA,0,3360791
ssnAp,0.125,7,7,CGTAGCAAGTAAGCACTACC,0,3401735
ssnAp,0.125,7,7,CGTAGACTGTGTAGACCAGT,0,3377989
ssnAp,0.125,7,7,CGGTGTTAGATGGGACGTAA,0,3402282
ssnAp,0.125,7,7,CGGTGTCCATCGGCAGAGGA,0,3396819
ssnAp,0.125,7,7,CGGTCCAAGACCTCGAGCAT,0,3371870
ssnAp,0.125,7,7,CGGTCATGAAACTCTCTCCA,0,3387345
ssnAp,0.125,7,7,CGGGTGACGGGGGGCTGAAA,0,3362667
ssnAp,0.125,7,7,CGGGTAGCTAAGGCGCTACA,0,3371968
ssnAp,0.125,7,7,CGGGCAAAGTGAGAAAGTAT,0,3376250
ssnAp,0.125,7,7,CGGCGAAAAACCGAGATTTG,0,3359339
ssnAp,0.125,7,7,CGGCACCAGGGATGGTCGAG,0,3362885
ssnAp,0.125,7,7,CGGCACAATGCTGATCGTTA,0,3389837
ssnAp,0.125,7,7,CGGAGGCATAAACCCCGGCC,0,3370055
ssnAp,0.125,7,7,CGGACGGACCAGTCTTAAAG,0,3381793
ssnAp,0.125,7,7,CGGACCGCGTGGTGGTCACA,0,3362053
ssnAp,0.125,7,7,CGGAACGAGGGGCAGAATAA,0,3359436
ssnAp,0.125,7,7,CGCTGTTGCAATGTAATGAG,0,3401829
ssnAp,0.125,7,7,CGCGCGGTGAGCCCGTAGGA,0,3362451
ssnAp,0.125,7,7,CGCGCCGGACCAAGCTAAAC,0,3366769
ssnAp,0.125,7,7,CGCGCAGTGGATATCATGCG,0,3398834
ssnAp,0.125,7,7,CGCGACCGTTGTGCCTCCCA,0,3383036
ssnAp,0.125,7,7,CGCGACATTATCCAGCGTCC,0,3383846
ssnAp,0.125,7,7,CGCCTGTTCGTGCTATTCGC,0,3370157
ssnAp,0.125,7,7,CGCCCAATCCGTCTTACTCG,0,3395409
ssnAp,0.125,7,7,CGCATTGTGTCCGCCACCCT,0,3361018
ssnAp,0.125,7,7,CGATTTCCGGGAGATAGTCG,0,3372489
ssnAp,0.125,7,7,CGATTAACCTCTTCTTTCCA,0,3387751
ssnAp,0.125,7,7,CGATGGACATTAGCCGGTCT,0,3381393
ssnAp,0.125,7,7,CGAGTTACCCCGCCCCACGA,0,3373931
ssnAp,0.125,7,7,CGAGCTACGGAAGTATTTCC,0,3393560
ssnAp,0.125,7,7,CGAATCGTCGCTGCGACCAC,0,3376009
ssnAp,0.125,7,7,CGAATCCTCGGATTTACCGA,0,3397916
ssnAp,0.125,7,7,CGAAGGTCACGGGCGTTTAA,0,3370720
ssnAp,0.125,7,7,CGAAGATGTCGAGTTAAAAT,0,3397567
ssnAp,0.125,7,7,CCTTTACTGTCTCCGCCAAG,0,3377845
ssnAp,0.125,7,7,CCTGTTGACCATAACTTAGC,0,3365098
ssnAp,0.125,7,7,CCTCTAGCGGCTATGAGTAA,0,3377573
ssnAp,0.125,7,7,CCTCAATCATAGTGAAGAGC,0,3393582
ssnAp,0.125,7,7,CCTAGTCCTAGGTTTCCACC,0,3398143
ssnAp,0.125,7,7,CCTAGAGTGCTGTCGGGGCG,0,3401039
ssnAp,0.125,7,7,CCTAACATCATGAAGTTGTA,0,3383851
ssnAp,0.125,7,7,CCGTTTTGTGTTTTAGATGA,0,3382572
ssnAp,0.125,7,7,CCGTGCGAAATACAAGGCTA,0,3379080
ssnAp,0.125,7,7,CCGGTTATCCCAACATCGCC,0,3402815
ssnAp,0.125,7,7,CCGGTATGACTACAAGTATC,0,3391258
ssnAp,0.125,7,7,CCGGGAGTTCTTGGCTGCAT,0,3366414
ssnAp,0.125,7,7,CCGGCCAGACCAGACTCCGG,0,3363560
ssnAp,0.125,7,7,CCGCGGGGAGTGTTCTGGTA,0,3392574
ssnAp,0.125,7,7,CCGCGGGGAAAACATGGAAC,0,3383026
ssnAp,0.125,7,7,CCGCAGATAACTATCCGATA,0,3361949
ssnAp,0.125,7,7,CCGAAAGGCATGCCGGCCCT,0,3383273
ssnAp,0.125,7,7,CCCTTTTAGAGCGAAGTTAA,0,3400083
ssnAp,0.125,7,7,CCCTTTCAGGTTCCAGGGTT,0,3371878
ssnAp,0.125,7,7,CCCTCAATGACATAGAGATA,0,3379085
ssnAp,0.125,7,7,CCCTCAAGAGCACAGGCTCA,0,3382271
ssnAp,0.125,7,7,CCCTAAGCGCTACATAATGT,0,3398212
ssnAp,0.125,7,7,CCCGTACCGCTCGGTGTGGC,0,3374936
ssnAp,0.125,7,7,CCCGCGGATACGGTGATCCC,0,3366372
ssnAp,0.125,7,7,CCCGAGATTGTTGACCACAA,0,3393836
ssnAp,0.125,7,7,CCCGACTGTTTGTGGGAATC,0,3394396
ssnAp,0.125,7,7,CCCCTGGTCATTCGTCGGGA,0,3378853
ssnAp,0.125,7,7,CCCCAGCGCAAGCCTGGAAG,0,3383818
ssnAp,0.125,7,7,CCCCAGAAAAATCTATGACC,0,3374474
ssnAp,0.125,7,7,CCCAGGCCAGTATTCCCGAG,0,3395599
ssnAp,0.125,7,7,CCCACCGCCGACATCCGCGT,0,3396335
ssnAp,0.125,7,7,CCCAATGGGCGAACAATCCT,0,3361111
ssnAp,0.125,7,7,CCATACCAGGTATTACCGTT,0,3393322
ssnAp,0.125,7,7,CCAGACACTGTCTCCATCGA,0,3373252
ssnAp,0.125,7,7,CCACCTGGATTGGGACTTTG,0,3367650
ssnAp,0.125,7,7,CCACCATGAGTCTGTCAGGA,0,3394773
ssnAp,0.125,7,7,CCAATTCGGGAGAGCGTTAT,0,3370238
ssnAp,0.125,7,7,CCAAGTTACTCGGCTTGTTC,0,3396508
ssnAp,0.125,7,7,CCAAGATGGCACCAGTGTCA,0,3378811
ssnAp,0.125,7,7,CCAAGATCCACTGAGTCGTG,0,3389639
ssnAp,0.125,7,7,CATTTGGTCTGAAGCACCCC,0,3362995
ssnAp,0.125,7,7,CATGGTCGTGACGAGCTAGT,0,3362320
ssnAp,0.125,7,7,CATGGGGCCATTGGAAAGGA,0,3367998
ssnAp,0.125,7,7,CATGGCAGCCACCACCCAGG,0,3363797
ssnAp,0.125,7,7,CATGCCATTCTTGTGGTCTG,0,3388676
ssnAp,0.125,7,7,CATCCAGACGCATGGGCAAA,0,3390284
ssnAp,0.125,7,7,CATCACCGGTGGGGGAGCTC,0,3389151
ssnAp,0.125,7,7,CATATGAAGGGCCTGGGCAG,0,3388937
ssnAp,0.125,7,7,CATATATTAATGCTACTGAC,0,3361585
ssnAp,0.125,7,7,CAGTTCAGTGGGTGGCCCCT,0,3392943
ssnAp,0.125,7,7,CAGTGGATTCTCTACCTACA,0,3372332
ssnAp,0.125,7,7,CAGTCGGTCAATATGAGGAG,0,3399905
ssnAp,0.125,7,7,CAGTATCGAGCTGATATTAA,0,3377821
ssnAp,0.125,7,7,CAGGTAGATGGCGTGTAGTT,0,3385855
ssnAp,0.125,7,7,CAGGAACTGGGTATCCGCAA,0,3381937
ssnAp,0.125,7,7,CAGCGTCCGACCATGGGCGC,0,3367625
ssnAp,0.125,7,7,CAGCCTTCGTTAGGCTTCGA,0,3373652
ssnAp,0.125,7,7,CAGATATAACTACGGCTGAC,0,3384075
ssnAp,0.125,7,7,CACTCGGCTAACGTATCATC,0,3372366
ssnAp,0.125,7,7,CACTCCTTAAGCGCCATGAT,0,3364035
ssnAp,0.125,7,7,CACGCAAAAGAATAATTATA,0,3392207
ssnAp,0.125,7,7,CACCTTGATCCGCCTTATCC,0,3389324
ssnAp,0.125,7,7,CACCTAATTGGTTATCCGGG,0,3373464
ssnAp,0.125,7,7,CACCGCTGGTTGTTATTAAT,0,3360718
ssnAp,0.125,7,7,CACATATCTGCCATGGCATT,0,3390290
ssnAp,0.125,7,7,CACAGCTCATGCCCTCTCAG,0,3398578
ssnAp,0.125,7,7,CACAAGTGCTTTATAGCGAA,0,3382321
ssnAp,0.125,7,7,CAAGTTAGGGCTTGGCTAAC,0,3380677
ssnAp,0.125,7,7,CAAGGACTAAACCGCTTAGT,0,3391350
ssnAp,0.125,7,7,CAAGCTTTTGTACATCGAGC,0,3388522
ssnAp,0.125,7,7,CAAGCCGCTAACTCATCTTG,0,3380984
ssnAp,0.125,7,7,CAAGAGTTGCTCCAGGAGGT,0,3399362
ssnAp,0.125,7,7,CAAGACAAGACCGATAATGG,0,3378107
ssnAp,0.125,7,7,CAACCCGCATGCGCATTTAG,0,3370990
ssnAp,0.125,7,7,CAAAAGGTAATTCATGTAGT,0,3388668
ssnAp,0.125,7,7,CAAAAAACCTGCTACGCGAA,0,3372023
ssnAp,0.125,7,7,ATTTGGCTCTTGAGAGATTG,0,3392509
ssnAp,0.125,7,7,ATTTCGTGATAAGTCTGATC,0,3362285
ssnAp,0.125,7,7,ATTTCACACGATATAATTGT,0,3376849
ssnAp,0.125,7,7,ATTGTCGCTACAATACTGCC,0,3401817
ssnAp,0.125,7,7,ATTGGACTCGGGTTACCAGC,0,3372333
ssnAp,0.125,7,7,ATTGATACGTCTAAATCACG,0,3366615
ssnAp,0.125,7,7,ATTCGATCATCTGGTCCATT,0,3395268
ssnAp,0.125,7,7,ATTCAGTTACAAGCAGGGTC,0,3372242
ssnAp,0.125,7,7,ATTCAAGATTGTCTAAGGCT,0,3400625
ssnAp,0.125,7,7,ATTATACAGGTCTAGGCACG,0,3381871
ssnAp,0.125,7,7,ATGGTTAGATTAGTATCTCA,0,3401543
ssnAp,0.125,7,7,ATGGTCGTACCCAGCACATA,0,3387175
ssnAp,0.125,7,7,ATGGTAGCGATCAGGACTTT,0,3388444
ssnAp,0.125,7,7,ATGGGCACCCGGGATCGAAA,0,3392745
ssnAp,0.125,7,7,ATGCTTTCGCGACTTAATGA,0,3369678
ssnAp,0.125,7,7,ATGCTCCGGGTGGGGCACGG,0,3363798
ssnAp,0.125,7,7,ATCTTGAAGAAGGACATCAG,0,3373640
ssnAp,0.125,7,7,ATCTGTTTCACTTCTCAAGA,0,3393739
ssnAp,0.125,7,7,ATCTGTCTCTCGGGGATCAT,0,3388462
ssnAp,0.125,7,7,ATCTGACAAAGATACGGTGT,0,3399116
ssnAp,0.125,7,7,ATCTGAAACCGCGCGATTTA,0,3385206
ssnAp,0.125,7,7,ATCTCCACCGCTGTCGTCAT,0,3397307
ssnAp,0.125,7,7,ATCGTTGTCTATACCGCTCG,0,3379912
ssnAp,0.125,7,7,ATCGTTATAGTCACTCGTCA,0,3386879
ssnAp,0.125,7,7,ATCGTGGGGTAAAACTGCTG,0,3386706
ssnAp,0.125,7,7,ATCGCTCCCGCGGTATTGGG,0,3367380
ssnAp,0.125,7,7,ATCGAGTAGACGGGATACCT,0,3391752
ssnAp,0.125,7,7,ATCGACCGTGCCTACCCGGA,0,3371063
ssnAp,0.125,7,7,ATCCACTTAACCAGGTCTAA,0,3374268
ssnAp,0.125,7,7,ATATATACGTGTTTCACTTC,0,3386134
ssnAp,0.125,7,7,ATATAAACTTAGGCTACTAG,0,3363413
ssnAp,0.125,7,7,ATAGGCATAGGACGGGTAGT,0,3390541
ssnAp,0.125,7,7,ATAGAATGTGTATCTCCAGC,0,3375804
ssnAp,0.125,7,7,ATACTTCACTGAGACGGCAA,0,3379360
ssnAp,0.125,7,7,ATACTATGGCTTCTGTAATA,0,3375638
ssnAp,0.125,7,7,ATACGCACGTCATCGAGCGA,0,3381881
ssnAp,0.125,7,7,ATACCTCCAGGCGGCGATAT,0,3369030
ssnAp,0.125,7,7,ATAAGGACACGATGAGGGGG,0,3359156
ssnAp,0.125,7,7,AGTTACGTTCTTAGGTCCCT,0,3388416
ssnAp,0.125,7,7,AGTGCACGAACCATCTGCTC,0,3389015
ssnAp,0.125,7,7,AGTCCTTATAATTGATTTCT,0,3393515
ssnAp,0.125,7,7,AGTATTGTCCGCTGGCTGCG,0,3396240
ssnAp,0.125,7,7,AGTATCTGTTCACTCGTGCG,0,3370144
ssnAp,0.125,7,7,AGTACGGCGAATAGTTCCGG,0,3374307
ssnAp,0.125,7,7,AGTACGCCTCCAACCGCGGT,0,3389824
ssnAp,0.125,7,7,AGTACCACTTACGCCGCAAA,0,3402370
ssnAp,0.125,7,7,AGTAATTCGTCTCGAAAGTC,0,3375815
ssnAp,0.125,7,7,AGTAAGTCGCACGACTTTCG,0,3361182
ssnAp,0.125,7,7,AGGTTTATAGGCAGATCGCC,0,3387775
ssnAp,0.125,7,7,AGGTTCTTTTCACAGTGCCC,0,3377229
ssnAp,0.125,7,7,AGGTAAACGAGATTATTTCG,0,3382705
ssnAp,0.125,7,7,AGGGCGGAGGATCGCAGAGT,0,3402862
ssnAp,0.125,7,7,AGGGCCGCACGGAGTCGGGG,0,3390129
ssnAp,0.125,7,7,AGGGCCGAGCTCGCAGGCGA,0,3396059
ssnAp,0.125,7,7,AGGGCATTTATACGATTGCG,0,3383065
ssnAp,0.125,7,7,AGGGCAAGACGGGCGTTGTC,0,3389644
ssnAp,0.125,7,7,AGGCGCTAGGATTAAAACTA,0,3391065
ssnAp,0.125,7,7,AGGCCTGCCACCCGTTTCAT,0,3363018
ssnAp,0.125,7,7,AGGATTCCCGGCCGACAACA,0,3379868
ssnAp,0.125,7,7,AGGACGCGGGCTGTTTCCAT,0,3402921
ssnAp,0.125,7,7,AGGACCGACTACGAGGCTCA,0,3393502
ssnAp,0.125,7,7,AGCTGGGCACAAAGTTCCAA,0,3402354
ssnAp,0.125,7,7,AGCTCTATCATCCTTGGAAG,0,3380444
ssnAp,0.125,7,7,AGCGGCGTCTGATATTCTCT,0,3395271
ssnAp,0.125,7,7,AGCGGACGTAGAGCCGTACG,0,3373764
ssnAp,0.125,7,7,AGCGCTTAGTCTCGGTAACT,0,3393208
ssnAp,0.125,7,7,AGCGCATCGCGTCACTCAGG,0,3390255
ssnAp,0.125,7,7,AGCCTTGCAGGGGATTCTAT,0,3397290
ssnAp,0.125,7,7,AGCAGAAAACGCCTCTCTTC,0,3366300
ssnAp,0.125,7,7,ACTTAATCTAAGGCTCAAGT,0,3366950
ssnAp,0.125,7,7,ACTGGCTACCCGAATGGGAG,0,3386234
ssnAp,0.125,7,7,ACTGCCCTGTATACTATATA,0,3383122
ssnAp,0.125,7,7,ACTGACATACTTACCTGTGG,0,3380587
ssnAp,0.125,7,7,ACTCTCAGCCTAACCTGAAC,0,3363033
ssnAp,0.125,7,7,ACTACGGGTTCCGGAAATTG,0,3381068
ssnAp,0.125,7,7,ACTACCCATTATACCGACGT,0,3376176
ssnAp,0.125,7,7,ACGTGCGTTCGTGCAGCTGT,0,3393801
ssnAp,0.125,7,7,ACGTCGGTTCCTCGAATGTG,0,3387539
ssnAp,0.125,7,7,ACGGTAGGCGGCGCAGCCCA,0,3397594
ssnAp,0.125,7,7,ACGGGAGTCAGAGCGTCCGG,0,3359985
ssnAp,0.125,7,7,ACGGCTGCCGTGAAAACCGA,0,3382268
ssnAp,0.125,7,7,ACGATTAAAGGGCGGGGGAG,0,3392119
ssnAp,0.125,7,7,ACGAGTTGTCGGCATCTGAT,0,3362314
ssnAp,0.125,7,7,ACGAGGCTTCTCGCATGAGT,0,3390059
ssnAp,0.125,7,7,ACGAGAGGTGGGACATTAAG,0,3372329
ssnAp,0.125,7,7,ACGACGTAAACTCACGGGGT,0,3386030
ssnAp,0.125,7,7,ACCTGCGTGAGCTAATGGGA,0,3372908
ssnAp,0.125,7,7,ACCGGCGAAGCGCCGTACGG,0,3373959
ssnAp,0.125,7,7,ACCGGAGGGTAGAACTCCCG,0,3392641
ssnAp,0.125,7,7,ACCCTTAACGACTAGGATAT,0,3367791
ssnAp,0.125,7,7,ACCCCTCATTGGCATCCGTC,0,3373277
ssnAp,0.125,7,7,ACCAGTCGGAACAGTTACAT,0,3379828
ssnAp,0.125,7,7,ACCAGGTGCCTAGCCGCTGT,0,3381336
ssnAp,0.125,7,7,ACCACTTACTAACAGTTAGA,0,3379772
ssnAp,0.125,7,7,ACATGTATCTTAATTAGTAT,0,3400811
ssnAp,0.125,7,7,ACATAGCCGACCGTACCCGA,0,3371196
ssnAp,0.125,7,7,ACAGGCTGTAAATATACAAA,0,3387225
ssnAp,0.125,7,7,ACACTGATTGTACCGGGCCT,0,3382987
ssnAp,0.125,7,7,ACACAGTCAGAACGGGTAAA,0,3392591
ssnAp,0.125,7,7,ACAACGAATACCTTGCCAGC,0,3376590
ssnAp,0.125,7,7,ACAAAGGCCTGTCCAAATGA,0,3379387
ssnAp,0.125,7,7,ACAAACGCATGACGCTGTAC,0,3361536
ssnAp,0.125,7,7,AATTTTGACTAATTCGCCTC,0,3371656
ssnAp,0.125,7,7,AATTGTAGCGAAAAATACGA,0,3385560
ssnAp,0.125,7,7,AATGCGAGAATTCAGACGCA,0,3383236
ssnAp,0.125,7,7,AATCGAAGCCCGTTTAAGAG,0,3371551
ssnAp,0.125,7,7,AATCCACAAAGTGTGCGACA,0,3401268
ssnAp,0.125,7,7,AATAGTCCATGTGATTTGTA,0,3384926
ssnAp,0.125,7,7,AATAGGTATCTGCACGGTTG,0,3379780
ssnAp,0.125,7,7,AATACCAAAATCGAGGTGTC,0,3368304
ssnAp,0.125,7,7,AATAACTCCTTGTTCGCGGA,0,3368296
ssnAp,0.125,7,7,AAGTTGCAATATTTGGATTC,0,3379822
ssnAp,0.125,7,7,AAGTGTATATTCTGTAGCGG,0,3374336
ssnAp,0.125,7,7,AAGTGGTTCGACGGGAGCTT,0,3388985
ssnAp,0.125,7,7,AAGTCAACAACACTTCGCCT,0,3373212
ssnAp,0.125,7,7,AAGTAACAAGTCCCGGATAA,0,3368967
ssnAp,0.125,7,7,AAGGTTTATTACAGGGCTTC,0,3373471
ssnAp,0.125,7,7,AAGGTCTCTATTCCGGAACG,0,3396290
ssnAp,0.125,7,7,AAGCTTTGTCCGCCATCCTT,0,3389142
ssnAp,0.125,7,7,AAGCTTTAAGCGTAGGCGAC,0,3379798
ssnAp,0.125,7,7,AAGCGGTTGAAGGCGGCGCT,0,3398072
ssnAp,0.125,7,7,AAGCGGGGTATTAATCGAGT,0,3372853
ssnAp,0.125,7,7,AAGCCGTCAATGTGGCAAAT,0,3377355
ssnAp,0.125,7,7,AAGATTGTCAACGGGGGGAC,0,3371420
ssnAp,0.125,7,7,AAGATGCGGGTGCGTTAATC,0,3395101
ssnAp,0.125,7,7,AACTTGGTGTTCTAGCCGCG,0,3368839
ssnAp,0.125,7,7,AACTCGCCAATGTAGTTACT,0,3384673
ssnAp,0.125,7,7,AACTATTAATGACACGGATT,0,3396925
ssnAp,0.125,7,7,AACTACAAACACTAGATGGC,0,3360881
ssnAp,0.125,7,7,AACGGGATGTAGCCACCAGT,0,3392146
ssnAp,0.125,7,7,AACGCCTATACCCTCTTCAA,0,3399899
ssnAp,0.125,7,7,AACGAACCCGCCCAAAACTC,0,3365755
ssnAp,0.125,7,7,AACCCCATGCAGGAATGAAC,0,3393965
ssnAp,0.125,7,7,AACAGGTCACATGATCCAAG,0,3395135
ssnAp,0.125,7,7,AACACGGGGGGCGGAGAATT,0,3368819
ssnAp,0.125,7,7,AACACATAGTTCAAGTTGGA,0,3365386
ssnAp,0.125,7,7,AACAATTGGGTCGGGGTTCC,0,3373962
ssnAp,0.125,7,7,AAATGGGCGGCGAATATAGC,0,3362618
ssnAp,0.125,7,7,AAATAGTAGAAAAAATTGTC,0,3370601
ssnAp,0.125,7,7,AAATAGCAAACACCCTAGCC,0,3365019
ssnAp,0.125,7,7,AAAGCACTAGAGAGAAGGTG,0,3388998
ssnAp,0.125,7,7,AAACGAACCATCCTCGACAG,0,3360385
ssnAp,0.125,7,7,AAAATTATCCGTCAGCGGTG,0,3385767
ssnAp,0.125,7,7,AAAATCAATAACTTGAGTTA,0,3387191
ssnAp,0.125,7,7,AAAATATCAAATTTATGCCC,0,3365466
ssnAp,0.125,7,7,AAAATACGGACTCAGGTGTC,0,3368846
ssnAp,0.125,7,7,AAAAAGCTTGACGGACGGAC,0,3378524
ssnAp,0.14285714285714285,6,6,TTTTTTCGCCCCGGGCCAGT,0,3376015
ssnAp,0.14285714285714285,6,6,TTTTGATATGGGGTAGAGAA,0,3397152
ssnAp,0.14285714285714285,6,6,TTTTCGCGGCAACGGCGAAC,0,3374791
ssnAp,0.14285714285714285,6,6,TTTTAAGGGCCGATCCTAGA,0,3395922
ssnAp,0.14285714285714285,6,6,TTTGATTACATTATGTAAGG,0,3365833
ssnAp,0.14285714285714285,6,6,TTTGATACAGTTAGAACTCA,0,3371515
ssnAp,0.14285714285714285,6,6,TTTGACGGGTGACCAGCAAA,0,3362213
ssnAp,0.14285714285714285,6,6,TTTCAGAATACTTTACCGGG,0,3362951
ssnAp,0.14285714285714285,6,6,TTTAGAATCTTCAATTGTTG,0,3367676
ssnAp,0.14285714285714285,6,6,TTTACATCCCGTTTTTGCGT,0,3362316
ssnAp,0.14285714285714285,6,6,TTTAATTGCTTAGGTGGTCT,0,3402169
ssnAp,0.14285714285714285,6,6,TTGTGGGGATCAATCCCACG,0,3382178
ssnAp,0.14285714285714285,6,6,TTGTGAACATCTCGACTCCA,0,3385411
ssnAp,0.14285714285714285,6,6,TTGTCGTGCGAATCTGCATG,0,3382137
ssnAp,0.14285714285714285,6,6,TTGTCGGTTGTATGGAACTG,0,3396219
ssnAp,0.14285714285714285,6,6,TTGTCGCTTCGCATAAAAAG,0,3371484
ssnAp,0.14285714285714285,6,6,TTGTCCCGGACAGTCAACCG,0,3368941
ssnAp,0.14285714285714285,6,6,TTGTCCCGAACGCATTAGGT,0,3369438
ssnAp,0.14285714285714285,6,6,TTGTAACTGATTGGAACTCT,0,3395067
ssnAp,0.14285714285714285,6,6,TTGGCCTACGGCACCCGGAA,0,3360789
ssnAp,0.14285714285714285,6,6,TTGGCACTAATCGTGACCAC,0,3398097
ssnAp,0.14285714285714285,6,6,TTGGACGCAGCTTAGAACTC,0,3380341
ssnAp,0.14285714285714285,6,6,TTCTCTGTGGATATCGGCAG,0,3369671
ssnAp,0.14285714285714285,6,6,TTCGTTTTTATAATCTGGAT,0,3392389
ssnAp,0.14285714285714285,6,6,TTCGGTGCAACTTCTCAATG,0,3396817
ssnAp,0.14285714285714285,6,6,TTCGGGCGGCTTGATTAGAG,0,3366884
ssnAp,0.14285714285714285,6,6,TTCGGCAGGCCCTTATCATC,0,3402192
ssnAp,0.14285714285714285,6,6,TTCGAGAAAGCCCAGTTATT,0,3372076
ssnAp,0.14285714285714285,6,6,TTCCGTATGTATTCTAGGCC,0,3381606
ssnAp,0.14285714285714285,6,6,TTCCCCTGCACACTAGGTTA,0,3360523
ssnAp,0.14285714285714285,6,6,TTATTAATAACTTTCGTCAA,0,3386876
ssnAp,0.14285714285714285,6,6,TTATGGTTCTGGAATGCACG,0,3375645
ssnAp,0.14285714285714285,6,6,TTATGGGTGTTTTTGTTCAT,0,3383253
ssnAp,0.14285714285714285,6,6,TTATCAATGAAGCCTATATA,0,3371096
ssnAp,0.14285714285714285,6,6,TTATATACAAGCCCGTTAAA,0,3368843
ssnAp,0.14285714285714285,6,6,TTAGGCAGCAGATAGTTTGT,0,3367829
ssnAp,0.14285714285714285,6,6,TTAGATACCCGATTGTAGTA,0,3390526
ssnAp,0.14285714285714285,6,6,TTAGAGCCCTTGACCGTCTA,0,3371240
ssnAp,0.14285714285714285,6,6,TTACCAATTCTAATTGTGGG,0,3364388
ssnAp,0.14285714285714285,6,6,TTACAGCGGATCGTTAAGGG,0,3362102
ssnAp,0.14285714285714285,6,6,TTACACTTAATCGCTCGTGT,0,3393326
ssnAp,0.14285714285714285,6,6,TTAAATACACATCTCGTCAT,0,3383150
ssnAp,0.14285714285714285,6,6,TGTTTGCATCCCGTCATTGC,0,3400663
ssnAp,0.14285714285714285,6,6,TGTTATTCGGATCAACCGGG,0,3367351
ssnAp,0.14285714285714285,6,6,TGTTATTAAGCATCTATGGT,0,3373857
ssnAp,0.14285714285714285,6,6,TGTTAAACTAATACTGTGGA,0,3388069
ssnAp,0.14285714285714285,6,6,TGTGGGGTTGCCTACCGGCA,0,3373201
ssnAp,0.14285714285714285,6,6,TGTCGCTAGGGTCCGACATT,0,3388552
ssnAp,0.14285714285714285,6,6,TGTCCTTTCGGGAAACACAC,0,3365426
ssnAp,0.14285714285714285,6,6,TGTATGGGCGATGTAGACCT,0,3393853
ssnAp,0.14285714285714285,6,6,TGTAAACGGGTTTCACAATA,0,3383071
ssnAp,0.14285714285714285,6,6,TGGTTTTTTTAAAACAATCC,0,3380707
ssnAp,0.14285714285714285,6,6,TGGTAATAGGAAATGACTCA,0,3375684
ssnAp,0.14285714285714285,6,6,TGGTAAACACAGTGCCGGCT,0,3387758
ssnAp,0.14285714285714285,6,6,TGGGTTGGGTTGGCGTTGCA,0,3395641
ssnAp,0.14285714285714285,6,6,TGGGTTCACGAACAGGTTTA,0,3400006
ssnAp,0.14285714285714285,6,6,TGGGATGCTGACTAGATGGC,0,3363194
ssnAp,0.14285714285714285,6,6,TGGCTAGGCCGGAACCGCTA,0,3381471
ssnAp,0.14285714285714285,6,6,TGGCGAACCGCCACAACTAG,0,3400633
ssnAp,0.14285714285714285,6,6,TGGCCATTAAAAGCTAGCCT,0,3369744
ssnAp,0.14285714285714285,6,6,TGGATCTGAGAATAAAGAGT,0,3390376
ssnAp,0.14285714285714285,6,6,TGGAGGGGACTCCCCGGGCA,0,3369937
ssnAp,0.14285714285714285,6,6,TGGAGCTGAACATTATCCGG,0,3401812
ssnAp,0.14285714285714285,6,6,TGGACCGGCTGCGGGGATAT,0,3366840
ssnAp,0.14285714285714285,6,6,TGGACACCGCGGTTGGAATA,0,3373432
ssnAp,0.14285714285714285,6,6,TGCTTGTCATTGGACTAACC,0,3370673
ssnAp,0.14285714285714285,6,6,TGCTATCAGTGGCACTTGAC,0,3365247
ssnAp,0.14285714285714285,6,6,TGCTAATGTAGCCCGCATTA,0,3369930
ssnAp,0.14285714285714285,6,6,TGCGCCGACCCAGATATTTA,0,3384189
ssnAp,0.14285714285714285,6,6,TGCGCATATATGGAGAGGCA,0,3363515
ssnAp,0.14285714285714285,6,6,TGCCTTTGGCGACGGAGTGT,0,3381830
ssnAp,0.14285714285714285,6,6,TGCCTAATACGCTAAGCACT,0,3365340
ssnAp,0.14285714285714285,6,6,TGCCAGGGGGGCCTCAGTTT,0,3379722
ssnAp,0.14285714285714285,6,6,TGCCACACGGCATGAATACG,0,3359215
ssnAp,0.14285714285714285,6,6,TGCAGGGCGTGGCAACTTTG,0,3380624
ssnAp,0.14285714285714285,6,6,TGATTACGGTTGCGTGCCAG,0,3368525
ssnAp,0.14285714285714285,6,6,TGATCGCAACAAGGTATGCA,0,3375859
ssnAp,0.14285714285714285,6,6,TGATCACGCCCTAACTGCTT,0,3385880
ssnAp,0.14285714285714285,6,6,TGATACCCTTGGTGTTTGAA,0,3360257
ssnAp,0.14285714285714285,6,6,TGAGGTTGCGACTTGTACAC,0,3398006
ssnAp,0.14285714285714285,6,6,TGAGCGGGGGAACCTGATGG,0,3374253
ssnAp,0.14285714285714285,6,6,TGACTTTGCGCGGAGTTCAC,0,3392219
ssnAp,0.14285714285714285,6,6,TGACATCAACACCCACTAGC,0,3388129
ssnAp,0.14285714285714285,6,6,TGACAGTACTCACCCTCGTA,0,3393991
ssnAp,0.14285714285714285,6,6,TGACAAAACGCGGAAGTACT,0,3367924
ssnAp,0.14285714285714285,6,6,TGAAAAGCGGACAAGATGTT,0,3366293
ssnAp,0.14285714285714285,6,6,TCTTGCTTAACACGTCCGAC,0,3371923
ssnAp,0.14285714285714285,6,6,TCTTCGATGCTAGCGCGGGG,0,3386098
ssnAp,0.14285714285714285,6,6,TCTTAACGGGTATTAAACTA,0,3385516
ssnAp,0.14285714285714285,6,6,TCTGGAGCTTTCCGGGAGCT,0,3375152
ssnAp,0.14285714285714285,6,6,TCTGCCGGATGTATGTCGCA,0,3398677
ssnAp,0.14285714285714285,6,6,TCTGAGCTAGATGGCCCCCT,0,3373794
ssnAp,0.14285714285714285,6,6,TCTCTGATGCCAAGCAGCAA,0,3370816
ssnAp,0.14285714285714285,6,6,TCTATTGCCACACGGGCTAG,0,3381247
ssnAp,0.14285714285714285,6,6,TCTAATTCGCGAAGTCTTTC,0,3382112
ssnAp,0.14285714285714285,6,6,TCTAATCTTTTAGAGCCTAC,0,3364505
ssnAp,0.14285714285714285,6,6,TCTAACTGTAGAGTCTCGAT,0,3400799
ssnAp,0.14285714285714285,6,6,TCGTTCTTACAGCTGGATGA,0,3368465
ssnAp,0.14285714285714285,6,6,TCGTTAATTCTTTCTGGTCC,0,3384007
ssnAp,0.14285714285714285,6,6,TCGTGCACGTTCTCAAACCT,0,3359369
ssnAp,0.14285714285714285,6,6,TCGTCTTTCGGGTGTGTATT,0,3383718
ssnAp,0.14285714285714285,6,6,TCGTCGTGGACGTCTTTTGT,0,3370898
ssnAp,0.14285714285714285,6,6,TCGTCGCTGTTTCTATGTAG,0,3370269
ssnAp,0.14285714285714285,6,6,TCGTATGGATCGTAGGTCAA,0,3367322
ssnAp,0.14285714285714285,6,6,TCGGTTTAGACCATTTACAA,0,3374867
ssnAp,0.14285714285714285,6,6,TCGGGTGTGTGTACTTACGC,0,3390375
ssnAp,0.14285714285714285,6,6,TCGGACTATACTAGTGCTTA,0,3372386
ssnAp,0.14285714285714285,6,6,TCGGACCTCTTTCGTATCTA,0,3382041
ssnAp,0.14285714285714285,6,6,TCGCTGGGTATCGTGCGGCA,0,3361740
ssnAp,0.14285714285714285,6,6,TCGCTAATACTTACTCAGTT,0,3382248
ssnAp,0.14285714285714285,6,6,TCGCGGCATGGCCATACTTC,0,3390997
ssnAp,0.14285714285714285,6,6,TCGCGGCAGCGCCTGTGGTA,0,3375631
ssnAp,0.14285714285714285,6,6,TCCTAGCGGCGACAATAGAG,0,3385823
ssnAp,0.14285714285714285,6,6,TCCGTGGTGGCTATGCAGCC,0,3366715
ssnAp,0.14285714285714285,6,6,TCCGATTCAGGTGTATCGAT,0,3362389
ssnAp,0.14285714285714285,6,6,TCCCTCATTACGTCTGATAA,0,3398440
ssnAp,0.14285714285714285,6,6,TCCCCTTGCTTTTCCTGTTT,0,3398005
ssnAp,0.14285714285714285,6,6,TCCCCAACCTAAGTATAAGG,0,3374878
ssnAp,0.14285714285714285,6,6,TCCCACTTCATGCGTAGACG,0,3398385
ssnAp,0.14285714285714285,6,6,TCCACGGGCTCTTGAGCAGG,0,3363074
ssnAp,0.14285714285714285,6,6,TCCACGGGAATCCTGAATCA,0,3394852
ssnAp,0.14285714285714285,6,6,TCCAAATTTGCTAGTTTTCC,0,3372549
ssnAp,0.14285714285714285,6,6,TCATTAGTACAACCTGAGTG,0,3367800
ssnAp,0.14285714285714285,6,6,TCATGATGTCGGATTGTTGT,0,3389042
ssnAp,0.14285714285714285,6,6,TCATCGGCGCTTGTCGATAT,0,3395880
ssnAp,0.14285714285714285,6,6,TCATCATTATCCCAAATAAA,0,3380053
ssnAp,0.14285714285714285,6,6,TCACGTTCGGGTGTGTTACG,0,3401875
ssnAp,0.14285714285714285,6,6,TCAATGTGTATCAGTCTGAC,0,3362987
ssnAp,0.14285714285714285,6,6,TCAAAGCATCCTTCTTACCG,0,3371702
ssnAp,0.14285714285714285,6,6,TATTTCACAGTCCTGGCTCG,0,3365720
ssnAp,0.14285714285714285,6,6,TATTGAGTAATGGGCATGCG,0,3402327
ssnAp,0.14285714285714285,6,6,TATGCCCCGATCCAATCACG,0,3365341
ssnAp,0.14285714285714285,6,6,TATGCAGGCCTCAACCTAGT,0,3395192
ssnAp,0.14285714285714285,6,6,TATGATGGTATCGCGTCCTC,0,3384943
ssnAp,0.14285714285714285,6,6,TATCACAGATCTGTAATCAA,0,3372052
ssnAp,0.14285714285714285,6,6,TATACGGCGATGGGTAAATG,0,3362459
ssnAp,0.14285714285714285,6,6,TAGTGGGCGAAGAATGCGCA,0,3383066
ssnAp,0.14285714285714285,6,6,TAGGTCAGACAGTGAAGAAA,0,3363335
ssnAp,0.14285714285714285,6,6,TAGGCTTCAAGGCCTGGTCT,0,3364593
ssnAp,0.14285714285714285,6,6,TAGCTTATCGCTGTGAGTAC,0,3362317
ssnAp,0.14285714285714285,6,6,TAGCGTCTATCTATGCCGGG,0,3395405
ssnAp,0.14285714285714285,6,6,TAGCCTGCTGGGCGCAATAC,0,3373777
ssnAp,0.14285714285714285,6,6,TAGCAGCTCCGCTTAGGTAA,0,3390678
ssnAp,0.14285714285714285,6,6,TAGACAGTTTCCACACGTCT,0,3380939
ssnAp,0.14285714285714285,6,6,TAGAATAACTTAGACGTTTG,0,3400759
ssnAp,0.14285714285714285,6,6,TACTTCAGAAACGGGCGGTG,0,3378607
ssnAp,0.14285714285714285,6,6,TACTTATCCCCGCCTGACTT,0,3377429
ssnAp,0.14285714285714285,6,6,TACTGCGTTACGGGGGCATA,0,3367999
ssnAp,0.14285714285714285,6,6,TACTCGATCAGGGAACTCAT,0,3360341
ssnAp,0.14285714285714285,6,6,TACTCAGGAGGCAACGCGAA,0,3366758
ssnAp,0.14285714285714285,6,6,TACGGGCAAACTGCTCATAC,0,3377674
ssnAp,0.14285714285714285,6,6,TACCGTATTTATCATGCGAC,0,3378279
ssnAp,0.14285714285714285,6,6,TACCGCTGAGATTTCGGTTA,0,3361617
ssnAp,0.14285714285714285,6,6,TACCGCATCGATATGAAGAG,0,3379455
ssnAp,0.14285714285714285,6,6,TACCAGTCAATATATGTGGC,0,3390153
ssnAp,0.14285714285714285,6,6,TACCACCATGTAGTGCATTT,0,3390895
ssnAp,0.14285714285714285,6,6,TACATCTAGCGGCACACATG,0,3379022
ssnAp,0.14285714285714285,6,6,TACAGCGCACAGGAGATCAT,0,3370892
ssnAp,0.14285714285714285,6,6,TACAGCATTAGCTCAGGCCC,0,3380157
ssnAp,0.14285714285714285,6,6,TACAAAAGCAAGCAGGTGAT,0,3391974
ssnAp,0.14285714285714285,6,6,TAATGGTTATTCGATCCGTC,0,3388145
ssnAp,0.14285714285714285,6,6,TAATCGAACGATCCACGCCA,0,3386332
ssnAp,0.14285714285714285,6,6,TAAGTGGAGCCGTGTCGTAA,0,3379745
ssnAp,0.14285714285714285,6,6,TAAGTACTTGCTAGATTCTA,0,3371528
ssnAp,0.14285714285714285,6,6,TAAGCCAGTACTTGGTGTCC,0,3393891
ssnAp,0.14285714285714285,6,6,TAAGATTTGCAGAACACGAT,0,3394726
ssnAp,0.14285714285714285,6,6,TAAGATGCCTACTAGGGACC,0,3402006
ssnAp,0.14285714285714285,6,6,TAAGATGACAAGGATTCTAC,0,3388331
ssnAp,0.14285714285714285,6,6,TAAGAAGATACTAATCGCTT,0,3372797
ssnAp,0.14285714285714285,6,6,TAACGCTATCAAACTGTCAA,0,3371339
ssnAp,0.14285714285714285,6,6,TAAATGGGAACGCATGCGGA,0,3399174
ssnAp,0.14285714285714285,6,6,GTTTATGGTAGACGTGTGAG,0,3372966
ssnAp,0.14285714285714285,6,6,GTTTATAGTAGGGCAGGGCA,0,3401752
ssnAp,0.14285714285714285,6,6,GTTTAGATACCCCAGGGAGA,0,3374480
ssnAp,0.14285714285714285,6,6,GTTTAAGCTTGGAGGTCGGA,0,3386520
ssnAp,0.14285714285714285,6,6,GTTGCTGACCAATACCGGGC,0,3387326
ssnAp,0.14285714285714285,6,6,GTTGCAGTTGGGGTATTCCA,0,3399317
ssnAp,0.14285714285714285,6,6,GTTGATAACCGGGCGAGGGG,0,3373065
ssnAp,0.14285714285714285,6,6,GTTCTTCGGAATGTCCCTGT,0,3392773
ssnAp,0.14285714285714285,6,6,GTTCTACATAGGACGTCCTG,0,3374078
ssnAp,0.14285714285714285,6,6,GTTCGTACTCAGGCATGGTG,0,3365752
ssnAp,0.14285714285714285,6,6,GTTCGAGATCCCGGTCGATT,0,3382788
ssnAp,0.14285714285714285,6,6,GTTCAAACTAATGCGTTAAA,0,3369068
ssnAp,0.14285714285714285,6,6,GTTATCACGACGTCGTTACG,0,3380472
ssnAp,0.14285714285714285,6,6,GTTATACCTCGGGTTTGAAC,0,3371349
ssnAp,0.14285714285714285,6,6,GTTAGATCAATCACTGATTC,0,3394648
ssnAp,0.14285714285714285,6,6,GTTAATCATGTGGGTTATAG,0,3381781
ssnAp,0.14285714285714285,6,6,GTTAATATAGGGAAGTTTGA,0,3365077
ssnAp,0.14285714285714285,6,6,GTTAAGAGACCAGCGCCCAT,0,3396626
ssnAp,0.14285714285714285,6,6,GTGTCAATCAACGTACATTG,0,3369089
ssnAp,0.14285714285714285,6,6,GTGTACTGGGGATACTTTAC,0,3399191
ssnAp,0.14285714285714285,6,6,GTGGTACAAGTTATAGGTGA,0,3372795
ssnAp,0.14285714285714285,6,6,GTGGGACAGCAACCTATTGA,0,3360363
ssnAp,0.14285714285714285,6,6,GTGCTTTTTGGGTAGGGATC,0,3372767
ssnAp,0.14285714285714285,6,6,GTGCGGGCTGCTTGCTGGTA,0,3366732
ssnAp,0.14285714285714285,6,6,GTGCCATTAGTCTCAGGCCC,0,3369938
ssnAp,0.14285714285714285,6,6,GTGCACTAATAATCAGTTGG,0,3373729
ssnAp,0.14285714285714285,6,6,GTGATGATTGATTTTCATAA,0,3378857
ssnAp,0.14285714285714285,6,6,GTGAGTAGTGCTAGTGTGAA,0,3378034
ssnAp,0.14285714285714285,6,6,GTGAACTCCTCTATACCGCG,0,3369875
ssnAp,0.14285714285714285,6,6,GTGAAACTCCAAGCCTGCGG,0,3377995
ssnAp,0.14285714285714285,6,6,GTCTGTACATACTGGACCAT,0,3395381
ssnAp,0.14285714285714285,6,6,GTCGTTTATCCGGTGTTCCT,0,3396030
ssnAp,0.14285714285714285,6,6,GTCGCTCACGCGTCCGGACT,0,3379653
ssnAp,0.14285714285714285,6,6,GTCGATTTTGTTGGTGAGCA,0,3390975
ssnAp,0.14285714285714285,6,6,GTCCTTTCCTTGACCGAAGA,0,3381785
ssnAp,0.14285714285714285,6,6,GTCCCAATCTTGCTCGCGGA,0,3382753
ssnAp,0.14285714285714285,6,6,GTCCACTTTTTGCACCGATA,0,3398162
ssnAp,0.14285714285714285,6,6,GTCATTAAGAGCGATGTGTT,0,3377819
ssnAp,0.14285714285714285,6,6,GTCAGGTAACGACATACGAC,0,3374909
ssnAp,0.14285714285714285,6,6,GTATCGTTTTAAACCAGGAT,0,3365983
ssnAp,0.14285714285714285,6,6,GTAGTGCGGTACTGTTCCTC,0,3397582
ssnAp,0.14285714285714285,6,6,GTAGAGTCTCAACCTTCCAC,0,3400091
ssnAp,0.14285714285714285,6,6,GTAGACGTACGACGATTTTC,0,3384592
ssnAp,0.14285714285714285,6,6,GTAGAACGCAACACCAGGGG,0,3394415
ssnAp,0.14285714285714285,6,6,GTACGTGTAGGAAATCAGCA,0,3381844
ssnAp,0.14285714285714285,6,6,GTACGATAATGCCAGGTATT,0,3376030
ssnAp,0.14285714285714285,6,6,GTACGAAACATCGGTAGCCT,0,3397391
ssnAp,0.14285714285714285,6,6,GTACATAGAATCTGCGCGTC,0,3387289
ssnAp,0.14285714285714285,6,6,GTAATTGGATGACCTCGCGT,0,3380496
ssnAp,0.14285714285714285,6,6,GTAAGGCTGGTAGAGGAAAG,0,3391439
ssnAp,0.14285714285714285,6,6,GGTGCGCCTCAGGGATCCGG,0,3387151
ssnAp,0.14285714285714285,6,6,GGTGCCGGTGCGGCGACCCT,0,3401810
ssnAp,0.14285714285714285,6,6,GGTGCCGCTTGGTTAGTTAG,0,3374482
ssnAp,0.14285714285714285,6,6,GGTGAAACCTACCCTTATCG,0,3377795
ssnAp,0.14285714285714285,6,6,GGTCGTCATCGAAATATTAA,0,3364716
ssnAp,0.14285714285714285,6,6,GGTCGTACTAGCAACCCCTC,0,3382399
ssnAp,0.14285714285714285,6,6,GGTCCTCCCGACTCCTCTAA,0,3371512
ssnAp,0.14285714285714285,6,6,GGTCAAGTGTTTGACAGAGC,0,3385294
ssnAp,0.14285714285714285,6,6,GGTACTGAGAGGTCTCGGGT,0,3360800
ssnAp,0.14285714285714285,6,6,GGTACAGCAATTCGGCTCAG,0,3394121
ssnAp,0.14285714285714285,6,6,GGGTGTGGCAGCACTAAGGT,0,3380314
ssnAp,0.14285714285714285,6,6,GGGTGATTTTAATATAGGAG,0,3376940
ssnAp,0.14285714285714285,6,6,GGGTCATGTTTTCTGCCGAT,0,3362731
ssnAp,0.14285714285714285,6,6,GGGTAATCAGGATATCTTAG,0,3389563
ssnAp,0.14285714285714285,6,6,GGGTAAACGTCAATCAAAAA,0,3398050
ssnAp,0.14285714285714285,6,6,GGGGCCGTCGCCACGATTCG,0,3377864
ssnAp,0.14285714285714285,6,6,GGGGAGACAACGGCTCGTCA,0,3394275
ssnAp,0.14285714285714285,6,6,GGGGACTGCTCGGCGCGTGA,0,3396044
ssnAp,0.14285714285714285,6,6,GGGCTACGTTTGTCCCTGTG,0,3400245
ssnAp,0.14285714285714285,6,6,GGGCGGGGGAAATAGGCTCT,0,3373866
ssnAp,0.14285714285714285,6,6,GGGAGGTTCGCGACAGATAC,0,3360364
ssnAp,0.14285714285714285,6,6,GGGACGTAGCTCTTTTTCTG,0,3400907
ssnAp,0.14285714285714285,6,6,GGCTCTACTATCACTTGTTC,0,3368874
ssnAp,0.14285714285714285,6,6,GGCTCCCCGCATTCATGGGA,0,3377053
ssnAp,0.14285714285714285,6,6,GGCTATACTCCCAAACGTCT,0,3362223
ssnAp,0.14285714285714285,6,6,GGCGGCTTCAACCAGAGTTG,0,3366987
ssnAp,0.14285714285714285,6,6,GGCGGCACTGCACAGAAACG,0,3396491
ssnAp,0.14285714285714285,6,6,GGCGCTCCGAGGGAGGGGTC,0,3386836
ssnAp,0.14285714285714285,6,6,GGCGAGATTAACACGGCCAA,0,3393662
ssnAp,0.14285714285714285,6,6,GGCACAGATCGTGTTTGCAA,0,3364735
ssnAp,0.14285714285714285,6,6,GGCAATCATTCCGGGCCTTC,0,3374873
ssnAp,0.14285714285714285,6,6,GGCAATATTCACAGTCGGGT,0,3399418
ssnAp,0.14285714285714285,6,6,GGCAATAGCAGCGTCGCGCA,0,3383799
ssnAp,0.14285714285714285,6,6,GGATTTACCCGCCGCTCTCA,0,3395647
ssnAp,0.14285714285714285,6,6,GGATGCTTCTCACGGTTCGC,0,3387665
ssnAp,0.14285714285714285,6,6,GGATCCGGATCAGTAGATCC,0,3390276
ssnAp,0.14285714285714285,6,6,GGATAAAGCCGAGACAGCTC,0,3390114
ssnAp,0.14285714285714285,6,6,GGAGTCGTCTTCTGCTTATT,0,3394048
ssnAp,0.14285714285714285,6,6,GGAGTATAATCTACTCAGCA,0,3389826
ssnAp,0.14285714285714285,6,6,GGAGGTTAGCATGCGAGTAC,0,3393386
ssnAp,0.14285714285714285,6,6,GGAGGATCGTACCAGGCTCT,0,3365398
ssnAp,0.14285714285714285,6,6,GGAGCTGTAACTCTACTTGA,0,3399679
ssnAp,0.14285714285714285,6,6,GGACTCCTCTCGAAATCTTC,0,3393401
ssnAp,0.14285714285714285,6,6,GGACGGACCAACCTGCGTAG,0,3361296
ssnAp,0.14285714285714285,6,6,GGACCGCCCTGCTTACGAGG,0,3382250
ssnAp,0.14285714285714285,6,6,GGACCATACATCTGTTGCCT,0,3397687
ssnAp,0.14285714285714285,6,6,GGACCAAATCAGACGGATCA,0,3374964
ssnAp,0.14285714285714285,6,6,GGAAGGACGGTGTTCAGATT,0,3360755
ssnAp,0.14285714285714285,6,6,GGAAGCATACTATCTTTAGT,0,3391177
ssnAp,0.14285714285714285,6,6,GCTTTTCGTCAAAGGTGTGA,0,3359367
ssnAp,0.14285714285714285,6,6,GCTTTGTTTCGCCCAGTACA,0,3365616
ssnAp,0.14285714285714285,6,6,GCTTTAAGTGGCCCTCGGCA,0,3391608
ssnAp,0.14285714285714285,6,6,GCTTGATAACTAACACCCTT,0,3384181
ssnAp,0.14285714285714285,6,6,GCTTCCTTAAGACGGGCTTG,0,3373415
ssnAp,0.14285714285714285,6,6,GCTGTGCGTCCTTGGGTGAG,0,3359810
ssnAp,0.14285714285714285,6,6,GCTGAAGACATAAACTTCAT,0,3388763
ssnAp,0.14285714285714285,6,6,GCTCTCTTTGAGTTTCCGAC,0,3394163
ssnAp,0.14285714285714285,6,6,GCTCGTCATTCGAAGATAGA,0,3392878
ssnAp,0.14285714285714285,6,6,GCTCGCGAATCAACTAAAGC,0,3365933
ssnAp,0.14285714285714285,6,6,GCTCCCCACCCGAGAGGAGT,0,3384478
ssnAp,0.14285714285714285,6,6,GCTAATAGACTCAAGGTCAA,0,3390753
ssnAp,0.14285714285714285,6,6,GCGTGCATCGGTGGACCGCA,0,3399293
ssnAp,0.14285714285714285,6,6,GCGTGAAATACATATGTCGG,0,3365721
ssnAp,0.14285714285714285,6,6,GCGTATAACTGCCAGCAGTC,0,3387281
ssnAp,0.14285714285714285,6,6,GCGGTAAGGCTGATTGCCTA,0,3393503
ssnAp,0.14285714285714285,6,6,GCGGATTTAGGCCCTGTAGC,0,3379359
ssnAp,0.14285714285714285,6,6,GCGGACCGTTCACATTCCAC,0,3396507
ssnAp,0.14285714285714285,6,6,GCGCTCGCAGGGCTTAGATT,0,3395033
ssnAp,0.14285714285714285,6,6,GCGCCGGGTAGAGCCATACA,0,3372689
ssnAp,0.14285714285714285,6,6,GCGCCCGGGCTCGCCCTAGA,0,3392184
ssnAp,0.14285714285714285,6,6,GCGAGGCAATTTTTAACAAT,0,3380481
ssnAp,0.14285714285714285,6,6,GCGAAGCCGTAAGTAAGACC,0,3366931
ssnAp,0.14285714285714285,6,6,GCGAAGCAAGGCCTCGCACG,0,3390546
ssnAp,0.14285714285714285,6,6,GCCTGGCTATAAGTGCAGGT,0,3391698
ssnAp,0.14285714285714285,6,6,GCCTCCCGTGACTCACGAGC,0,3360611
ssnAp,0.14285714285714285,6,6,GCCTCACATCGTGTCCAGAA,0,3391024
ssnAp,0.14285714285714285,6,6,GCCGTGAGTCTGTGCAATGT,0,3388496
ssnAp,0.14285714285714285,6,6,GCCGGGTTTTGAAGTAATCG,0,3365547
ssnAp,0.14285714285714285,6,6,GCCGGCTAGATATTAGGGGG,0,3378267
ssnAp,0.14285714285714285,6,6,GCCGGATTTGTATTTGGTGA,0,3363704
ssnAp,0.14285714285714285,6,6,GCCCGGCGGTGCTACCAGAG,0,3393176
ssnAp,0.14285714285714285,6,6,GCCCCAGACCTACGCTGAAC,0,3384869
ssnAp,0.14285714285714285,6,6,GCCCAGTGGCGCCATATGTT,0,3379915
ssnAp,0.14285714285714285,6,6,GCCATGGCAAACCGGCTGTG,0,3367021
ssnAp,0.14285714285714285,6,6,GCCAAATTTAAATTCTATAC,0,3385257
ssnAp,0.14285714285714285,6,6,GCATTTTGGAGATTCCTTTA,0,3361768
ssnAp,0.14285714285714285,6,6,GCATGTAGACACGGTAATTA,0,3361141
ssnAp,0.14285714285714285,6,6,GCATGAGCCTGCCCTCGAAA,0,3382320
ssnAp,0.14285714285714285,6,6,GCATCCGCTGGCTGGGGATG,0,3377843
ssnAp,0.14285714285714285,6,6,GCACGCGGATGACGTGTGGG,0,3398020
ssnAp,0.14285714285714285,6,6,GCAAGTACCTGCGCACCAAC,0,3395949
ssnAp,0.14285714285714285,6,6,GCAAGCTCCGAGATACACAC,0,3387157
ssnAp,0.14285714285714285,6,6,GATTTTTAGCGCCACAGATG,0,3376637
ssnAp,0.14285714285714285,6,6,GATTCGGGAATAACCAACCG,0,3365513
ssnAp,0.14285714285714285,6,6,GATTCGAGCTGTGCTGAACA,0,3376777
ssnAp,0.14285714285714285,6,6,GATCGGTGCTGCCCCAGTGC,0,3401737
ssnAp,0.14285714285714285,6,6,GATCGGCTGTTACAGAGAAG,0,3383302
ssnAp,0.14285714285714285,6,6,GATCCCCAGTAGGTCAGTCC,0,3390417
ssnAp,0.14285714285714285,6,6,GATATCTGTGGGTCCGGATT,0,3388355
ssnAp,0.14285714285714285,6,6,GAGTTCATGGTTCTGTCAAC,0,3376936
ssnAp,0.14285714285714285,6,6,GAGTGCCCCGAATCTACAGC,0,3381842
ssnAp,0.14285714285714285,6,6,GAGTCGTCATTCATTGCCGG,0,3389903
ssnAp,0.14285714285714285,6,6,GAGTCAGAGCTAGCAACGTC,0,3383431
ssnAp,0.14285714285714285,6,6,GAGTAAGTATTGGGTCTCGG,0,3380219
ssnAp,0.14285714285714285,6,6,GAGGTGTACCAGGGAACGAA,0,3402398
ssnAp,0.14285714285714285,6,6,GAGGTACGTCAACATTATGG,0,3360455
ssnAp,0.14285714285714285,6,6,GAGGATCATCCCGTGGGTTG,0,3368181
ssnAp,0.14285714285714285,6,6,GAGCTCAGTGTACATACGCT,0,3388528
ssnAp,0.14285714285714285,6,6,GAGACTTAATGATGAAACCC,0,3381394
ssnAp,0.14285714285714285,6,6,GAGAACGTTTTGAGCTAATT,0,3370600
ssnAp,0.14285714285714285,6,6,GACTTAGTATTCTAATCCTT,0,3387827
ssnAp,0.14285714285714285,6,6,GACTCGATGGTTAAGTGAGT,0,3381870
ssnAp,0.14285714285714285,6,6,GACGGTAGGGTAGGAAGACC,0,3364164
ssnAp,0.14285714285714285,6,6,GACGGCGGCACAGTAGTGTA,0,3359558
ssnAp,0.14285714285714285,6,6,GACCCTGGCAAGCACTAACT,0,3394917
ssnAp,0.14285714285714285,6,6,GACAGTTTCTTCAGGTTCAC,0,3393768
ssnAp,0.14285714285714285,6,6,GACAAAAGACCGTCACTTGC,0,3400376
ssnAp,0.14285714285714285,6,6,GAATTGCAAGGTAGACGAGG,0,3389594
ssnAp,0.14285714285714285,6,6,GAATGGCCCATAAGAACTAG,0,3401460
ssnAp,0.14285714285714285,6,6,GAATGCACTCTGAGCTCTAA,0,3373164
ssnAp,0.14285714285714285,6,6,GAATGAACAGCCCTTTACAA,0,3361677
ssnAp,0.14285714285714285,6,6,GAATAAGAGAACCAGAGGCA,0,3373427
ssnAp,0.14285714285714285,6,6,GAAGGTCTCTGTCACTTCGC,0,3383183
ssnAp,0.14285714285714285,6,6,GAAGGCGGTAGGACACTACT,0,3395965
ssnAp,0.14285714285714285,6,6,GAAAGTGACTTTCAGTAAAT,0,3380092
ssnAp,0.14285714285714285,6,6,GAAAGTATGATGTAAATCAG,0,3378716
ssnAp,0.14285714285714285,6,6,GAAAAGCAACCGTCATCCAG,0,3398135
ssnAp,0.14285714285714285,6,6,GAAAACAGGTACGTTCTACC,0,3385099
ssnAp,0.14285714285714285,6,6,CTTTTCCAAGTATAAGCCTC,0,3378083
ssnAp,0.14285714285714285,6,6,CTTTCGGTGATGAACGATCT,0,3382219
ssnAp,0.14285714285714285,6,6,CTTGTGGCCATGCTCTCTCA,0,3381450
ssnAp,0.14285714285714285,6,6,CTTGTATGCCACTGACGGTG,0,3372292
ssnAp,0.14285714285714285,6,6,CTTGGGGTTATTGTTTCCGA,0,3360610
ssnAp,0.14285714285714285,6,6,CTTGCAAATGCGGCGGGTCA,0,3397064
ssnAp,0.14285714285714285,6,6,CTTAATGCCCCTACTGTGGT,0,3391702
ssnAp,0.14285714285714285,6,6,CTTAAGATCAAAATTGCGAA,0,3400741
ssnAp,0.14285714285714285,6,6,CTGTTGAGCCATTATAGTGG,0,3385083
ssnAp,0.14285714285714285,6,6,CTGTTATTAAACCCATTGTA,0,3386345
ssnAp,0.14285714285714285,6,6,CTGTGAGACGCCCCGTTTGT,0,3395005
ssnAp,0.14285714285714285,6,6,CTGTCGCTTGGGACCCGGCT,0,3364808
ssnAp,0.14285714285714285,6,6,CTGTCCTGCTTACAGCGGAC,0,3371108
ssnAp,0.14285714285714285,6,6,CTGTCATTAGTACGAAAAAC,0,3375898
ssnAp,0.14285714285714285,6,6,CTGGCAAATTTCGCAGTGTT,0,3373725
ssnAp,0.14285714285714285,6,6,CTGCTGGAGGTTTGCCTAAA,0,3401172
ssnAp,0.14285714285714285,6,6,CTGCGGGCTACAACGCGGAG,0,3366139
ssnAp,0.14285714285714285,6,6,CTGCCACAAAACCAATTCGT,0,3375823
ssnAp,0.14285714285714285,6,6,CTGCATGGCTACGTTCTCTG,0,3369344
ssnAp,0.14285714285714285,6,6,CTGCAATTTGGAACGCACCG,0,3396560
ssnAp,0.14285714285714285,6,6,CTGATAGGCTGCTTGTCGCC,0,3397393
ssnAp,0.14285714285714285,6,6,CTGAGCCTTTTAGTCCATGG,0,3399147
ssnAp,0.14285714285714285,6,6,CTGAACGCCCACTTGGGCCT,0,3360977
ssnAp,0.14285714285714285,6,6,CTGAAAAACAAGGCTCTCCG,0,3362947
ssnAp,0.14285714285714285,6,6,CTCTGAGAAAGTTCTATCAA,0,3386652
ssnAp,0.14285714285714285,6,6,CTCTGAAGCCCGTTACTTTG,0,3398859
ssnAp,0.14285714285714285,6,6,CTCTCTGCGGCCCGTCGAAA,0,3376579
ssnAp,0.14285714285714285,6,6,CTCTACCCCAGTTGCAGCTA,0,3391528
ssnAp,0.14285714285714285,6,6,CTCGGTATCCCAGTCCACTA,0,3394629
ssnAp,0.14285714285714285,6,6,CTCGCTGAGCTTTTTTTAAG,0,3390893
ssnAp,0.14285714285714285,6,6,CTCGCAAGTGTTCGTAACTA,0,3371174
ssnAp,0.14285714285714285,6,6,CTCGACCAACGGTTTTATCT,0,3401582
ssnAp,0.14285714285714285,6,6,CTCCCCACCATCCGTTTCCT,0,3369988
ssnAp,0.14285714285714285,6,6,CTCAGTTAGTTGTCGATATG,0,3387176
ssnAp,0.14285714285714285,6,6,CTCACATTAAGACTATCTCT,0,3388119
ssnAp,0.14285714285714285,6,6,CTCACAGATGCTCGGGGTGG,0,3376826
ssnAp,0.14285714285714285,6,6,CTCAATCAGCAAGTGCAGGA,0,3397327
ssnAp,0.14285714285714285,6,6,CTCAAGGAGTCTCCTTAGAA,0,3374719
ssnAp,0.14285714285714285,6,6,CTATACGGTCGCTATGCTAT,0,3372331
ssnAp,0.14285714285714285,6,6,CTAGTCATGCTGACTGTCTA,0,3379956
ssnAp,0.14285714285714285,6,6,CTAGTCAGCGCAGCGAGCAG,0,3361908
ssnAp,0.14285714285714285,6,6,CTAGGTAAGCGTGTGCACCT,0,3394379
ssnAp,0.14285714285714285,6,6,CTAGCCGCCTACAATTGTCG,0,3391487
ssnAp,0.14285714285714285,6,6,CTACTACTAACAGCTGCAGG,0,3391842
ssnAp,0.14285714285714285,6,6,CTACTACACGGATTCGTCAT,0,3384601
ssnAp,0.14285714285714285,6,6,CTACCGTATCACCCTTCGCA,0,3369854
ssnAp,0.14285714285714285,6,6,CGTTTCGCAACTCGAGAGCG,0,3388490
ssnAp,0.14285714285714285,6,6,CGTTGGTATGTCGGAAGGTA,0,3367616
ssnAp,0.14285714285714285,6,6,CGTTCAGCCTTACTTCTTAC,0,3371999
ssnAp,0.14285714285714285,6,6,CGTTCAGAACATACGATGAC,0,3377946
ssnAp,0.14285714285714285,6,6,CGTGTAGTAGGTATTGCATA,0,3391789
ssnAp,0.14285714285714285,6,6,CGTGCTACCCGCCACATCCT,0,3362725
ssnAp,0.14285714285714285,6,6,CGTGCCTAGAGCATGCGATC,0,3365215
ssnAp,0.14285714285714285,6,6,CGTGCAACACGTCAGGAAAG,0,3360756
ssnAp,0.14285714285714285,6,6,CGTCTCAGCCCCGATAATAT,0,3383375
ssnAp,0.14285714285714285,6,6,CGTCGGGACGAGTCATCACT,0,3367928
ssnAp,0.14285714285714285,6,6,CGTCAACGCATATTCACCTG,0,3391188
ssnAp,0.14285714285714285,6,6,CGTATTCCTCACAATTGGCC,0,3373808
ssnAp,0.14285714285714285,6,6,CGTATTATTCCATACCCTAG,0,3370608
ssnAp,0.14285714285714285,6,6,CGTATGGAATTGCTCGCGGA,0,3362714
ssnAp,0.14285714285714285,6,6,CGTATAGGATCAAGGTCATT,0,3375897
ssnAp,0.14285714285714285,6,6,CGGTTAGTTTCGGCACGGCG,0,3363072
ssnAp,0.14285714285714285,6,6,CGGTCGAGTTCCACGTGCTT,0,3366835
ssnAp,0.14285714285714285,6,6,CGGGTTTAATAACCCAGCCA,0,3402166
ssnAp,0.14285714285714285,6,6,CGGGTCTATGGTAGGGCTTT,0,3395019
ssnAp,0.14285714285714285,6,6,CGGGGCCGTGTACAGAAAGT,0,3375577
ssnAp,0.14285714285714285,6,6,CGGGCGCTGGGATGTGACTA,0,3379979
ssnAp,0.14285714285714285,6,6,CGGCTCGTCGGTTCACGTAT,0,3377523
ssnAp,0.14285714285714285,6,6,CGGCAGACCTCTAGATTGGT,0,3366936
ssnAp,0.14285714285714285,6,6,CGGATCCTGCTCGAGACTGA,0,3379569
ssnAp,0.14285714285714285,6,6,CGGAGTGAAAGAGTTACAGC,0,3375184
ssnAp,0.14285714285714285,6,6,CGGAAGAACTTCACCGGCCT,0,3373417
ssnAp,0.14285714285714285,6,6,CGCTGTGGGCGGTACACGGT,0,3374624
ssnAp,0.14285714285714285,6,6,CGCGTCCGGCGGTATATGGA,0,3368298
ssnAp,0.14285714285714285,6,6,CGCGGCCAAAATGCCGTACT,0,3369332
ssnAp,0.14285714285714285,6,6,CGCGCGAAAGATGTCATCAA,0,3400517
ssnAp,0.14285714285714285,6,6,CGCGACCTCAAATCTAGCAG,0,3389243
ssnAp,0.14285714285714285,6,6,CGCCAGTGAGTGGCAGTGGC,0,3378725
ssnAp,0.14285714285714285,6,6,CGCCAAGGGCTTCCGAAGTC,0,3392881
ssnAp,0.14285714285714285,6,6,CGCAGAGGACCTTGATCTGA,0,3402939
ssnAp,0.14285714285714285,6,6,CGCACCCAGACAATATAGGC,0,3364222
ssnAp,0.14285714285714285,6,6,CGCAATACTGCTGATCGTGA,0,3395459
ssnAp,0.14285714285714285,6,6,CGACTTCAACGTAGCATAAG,0,3390641
ssnAp,0.14285714285714285,6,6,CGACCCAGATTAACGCGAAA,0,3387832
ssnAp,0.14285714285714285,6,6,CGAATATGCCAGGAGGACTA,0,3398903
ssnAp,0.14285714285714285,6,6,CGAACGGTAACAGGCATGGG,0,3380466
ssnAp,0.14285714285714285,6,6,CGAAATATTTCCGTCTTGTA,0,3387122
ssnAp,0.14285714285714285,6,6,CCTTCATGCCCGCGCATTCA,0,3379264
ssnAp,0.14285714285714285,6,6,CCTTATTTTCAAGGTTTCAT,0,3379533
ssnAp,0.14285714285714285,6,6,CCTGCTTTGCACGCGCTCAT,0,3368378
ssnAp,0.14285714285714285,6,6,CCTGAGTAGTCCGTTGCGAG,0,3361636
ssnAp,0.14285714285714285,6,6,CCTCTTCTGCAGTAGTTCCT,0,3397190
ssnAp,0.14285714285714285,6,6,CCTCTACCCTAGGGCCAATG,0,3395305
ssnAp,0.14285714285714285,6,6,CCTCGATGTACGAAATTTCA,0,3364534
ssnAp,0.14285714285714285,6,6,CCTCCGCCGTGAAAGCATCG,0,3388841
ssnAp,0.14285714285714285,6,6,CCTCCCGACATGATCGCAAA,0,3371060
ssnAp,0.14285714285714285,6,6,CCTCACGGATAAGACTACTC,0,3391959
ssnAp,0.14285714285714285,6,6,CCTATCCTCAGCGATCGTGA,0,3380002
ssnAp,0.14285714285714285,6,6,CCTAGCCACGGAACAAATTT,0,3375817
ssnAp,0.14285714285714285,6,6,CCTAGCACCAGGGGAAGGTG,0,3362774
ssnAp,0.14285714285714285,6,6,CCTACCCGAACGCTACTCTG,0,3390970
ssnAp,0.14285714285714285,6,6,CCGTCTCTCCGGCGCTATCC,0,3377992
ssnAp,0.14285714285714285,6,6,CCGGCATAATATTATACACT,0,3396502
ssnAp,0.14285714285714285,6,6,CCGCCACAATGACATGCAGG,0,3385909
ssnAp,0.14285714285714285,6,6,CCGAGATCCACCAGCCCCCG,0,3376537
ssnAp,0.14285714285714285,6,6,CCCTTAATAATGTGGACGCT,0,3373292
ssnAp,0.14285714285714285,6,6,CCCTGATTCGTCTAGTTTGC,0,3377994
ssnAp,0.14285714285714285,6,6,CCCGTATCACCGGATAGAGT,0,3372379
ssnAp,0.14285714285714285,6,6,CCCGCCTCCGCCGTGGGTTC,0,3398235
ssnAp,0.14285714285714285,6,6,CCCGAGCCGGGAAGATGTAA,0,3359301
ssnAp,0.14285714285714285,6,6,CCCGACCGGGGGCATTCGTA,0,3376971
ssnAp,0.14285714285714285,6,6,CCCCATTCGTGCGGGATGAA,0,3368270
ssnAp,0.14285714285714285,6,6,CCCAGGGAGGAGCCGCCGTC,0,3390322
ssnAp,0.14285714285714285,6,6,CCCACCACGACTCTGGACGT,0,3399571
ssnAp,0.14285714285714285,6,6,CCCACATGGGTAGTTCCCGA,0,3364014
ssnAp,0.14285714285714285,6,6,CCCAAGTCCAACAAGTAGTC,0,3389634
ssnAp,0.14285714285714285,6,6,CCATGTGCGTCCTCTACGAA,0,3362415
ssnAp,0.14285714285714285,6,6,CCATGTAGTTGCACGCTTAG,0,3361345
ssnAp,0.14285714285714285,6,6,CCAGTTGCGACTCCGCAGAG,0,3379270
ssnAp,0.14285714285714285,6,6,CCAGTCAACTATCCTCCGAC,0,3382721
ssnAp,0.14285714285714285,6,6,CCAGGTAACCGATAGAGGGA,0,3380903
ssnAp,0.14285714285714285,6,6,CCAGACTAATTTTCTTAGAA,0,3387753
ssnAp,0.14285714285714285,6,6,CCACTTACAGGATGATACTT,0,3377561
ssnAp,0.14285714285714285,6,6,CCACTCGACCGATCGGTTGC,0,3380176
ssnAp,0.14285714285714285,6,6,CCACCTGCTTTCACTCGAGC,0,3381093
ssnAp,0.14285714285714285,6,6,CCACCTGAGTTATGTTTGTC,0,3394200
ssnAp,0.14285714285714285,6,6,CCAAGATGAGGGCGGTAGAG,0,3361466
ssnAp,0.14285714285714285,6,6,CCAACACTTTAGGACTCGGC,0,3385876
ssnAp,0.14285714285714285,6,6,CCAAATATTTACAAAGCTGC,0,3398098
ssnAp,0.14285714285714285,6,6,CCAAAGAAGATCGTCCGATA,0,3371295
ssnAp,0.14285714285714285,6,6,CATTGCTGTGAACTGAATTG,0,3373580
ssnAp,0.14285714285714285,6,6,CATTCTATAACGAGGTTGCG,0,3388335
ssnAp,0.14285714285714285,6,6,CATTCGATATAAGAGGCAAT,0,3366974
ssnAp,0.14285714285714285,6,6,CATGTTTTCTCCCGGCGGAT,0,3395587
ssnAp,0.14285714285714285,6,6,CATGAATAATCTATAAGTGC,0,3382488
ssnAp,0.14285714285714285,6,6,CATCATTGTGTTCGGTTAAG,0,3402410
ssnAp,0.14285714285714285,6,6,CATCATTGTGTAGGTGCTGC,0,3380516
ssnAp,0.14285714285714285,6,6,CATCAATGTATTGGGTCGCC,0,3372420
ssnAp,0.14285714285714285,6,6,CATAGATCTCGAATGACTAT,0,3401830
ssnAp,0.14285714285714285,6,6,CAGTCTTCCAACAAGCTTTA,0,3397408
ssnAp,0.14285714285714285,6,6,CAGTCGAGGTAGTTCGGACA,0,3374088
ssnAp,0.14285714285714285,6,6,CAGGTTCATTTTGACAGGAG,0,3390244
ssnAp,0.14285714285714285,6,6,CAGGTCAAGTGTCTGTCGGA,0,3397666
ssnAp,0.14285714285714285,6,6,CAGGGTTGAAGTATTTGGAC,0,3396565
ssnAp,0.14285714285714285,6,6,CAGGAAGTACTCTCCCGGTA,0,3371403
ssnAp,0.14285714285714285,6,6,CAGCCAGAGCAGCCTCTTCC,0,3375149
ssnAp,0.14285714285714285,6,6,CAGATATCAATAGTTCTGAT,0,3398344
ssnAp,0.14285714285714285,6,6,CAGAGCCTATGCTTAAATTC,0,3391729
ssnAp,0.14285714285714285,6,6,CAGACGTGGTGATTGACGGG,0,3382251
ssnAp,0.14285714285714285,6,6,CACTGAGGTACAGGTGCTTT,0,3365529
ssnAp,0.14285714285714285,6,6,CACTAAGATATTGATTTAGA,0,3383508
ssnAp,0.14285714285714285,6,6,CACGTTCGTCAAGGGGACTA,0,3385557
ssnAp,0.14285714285714285,6,6,CACGTTCCTCACTGTTTCAG,0,3389047
ssnAp,0.14285714285714285,6,6,CACGTCATATCATCAACTAA,0,3365893
ssnAp,0.14285714285714285,6,6,CACGTAGCGAAGCGCCGGGA,0,3361022
ssnAp,0.14285714285714285,6,6,CACGGCTCTCGGGGTAAACT,0,3372377
ssnAp,0.14285714285714285,6,6,CACGCTAACTTTCTTGTGGC,0,3375676
ssnAp,0.14285714285714285,6,6,CACGCGACCGACTTGTAAAA,0,3362140
ssnAp,0.14285714285714285,6,6,CACCGCCATTAATTGCTAAA,0,3369627
ssnAp,0.14285714285714285,6,6,CACCGAAAGCGTTCTTAGAT,0,3374894
ssnAp,0.14285714285714285,6,6,CACCCCCACGCAATTCTATT,0,3399719
ssnAp,0.14285714285714285,6,6,CACCAGTAGTCTGCGGTATT,0,3384908
ssnAp,0.14285714285714285,6,6,CACCAGAGCTCAGACTCATA,0,3382863
ssnAp,0.14285714285714285,6,6,CACCACCGTATTTAGTGTTG,0,3360855
ssnAp,0.14285714285714285,6,6,CACCACCGCCAACAACGTTA,0,3388648
ssnAp,0.14285714285714285,6,6,CACCAAAAAATGGAAAACTG,0,3381769
ssnAp,0.14285714285714285,6,6,CACAGGTATCACCTTCCCTG,0,3393248
ssnAp,0.14285714285714285,6,6,CACACACTAGGGCACGGAAC,0,3402279
ssnAp,0.14285714285714285,6,6,CAATTTGCGCGTACAGTCGT,0,3377295
ssnAp,0.14285714285714285,6,6,CAATGGTAACTAATCACCGC,0,3361092
ssnAp,0.14285714285714285,6,6,CAATCTTGTTTAGAAGAGAG,0,3363431
ssnAp,0.14285714285714285,6,6,CAATCTACTCTAGCGTATCG,0,3375541
ssnAp,0.14285714285714285,6,6,CAATACGGCGTGAGACTTAA,0,3383898
ssnAp,0.14285714285714285,6,6,CAAGGGCTAGGCTAGTATGT,0,3386229
ssnAp,0.14285714285714285,6,6,CAAGCTATTATTAAGTCCGG,0,3370093
ssnAp,0.14285714285714285,6,6,CAAGCCGTGCAGATTGATAC,0,3392908
ssnAp,0.14285714285714285,6,6,CAAGCCCCACTTTGGTGTTG,0,3387473
ssnAp,0.14285714285714285,6,6,CAAGCCAGCATCGGGGTTTA,0,3389030
ssnAp,0.14285714285714285,6,6,CAACCCGTGAGTAGTTTGAT,0,3390277
ssnAp,0.14285714285714285,6,6,CAACACATACGCTTTCATCT,0,3401144
ssnAp,0.14285714285714285,6,6,CAAAGTGTTTTAAGGGGCGG,0,3394911
ssnAp,0.14285714285714285,6,6,CAAAGGTTTAGACTATAACG,0,3362636
ssnAp,0.14285714285714285,6,6,CAAAACAACGTCCGGCGACC,0,3361337
ssnAp,0.14285714285714285,6,6,ATTTTTCTCTGCCATACCGT,0,3396900
ssnAp,0.14285714285714285,6,6,ATTTTACCAACGATCGATCC,0,3375337
ssnAp,0.14285714285714285,6,6,ATTTGGTCGTCTCTACAGTG,0,3370940
ssnAp,0.14285714285714285,6,6,ATTGTCACAGAAAGTGCTAT,0,3366397
ssnAp,0.14285714285714285,6,6,ATTGGAAACCATATCTTAAC,0,3377962
ssnAp,0.14285714285714285,6,6,ATTCCTCAGGCTACAACTGA,0,3389497
ssnAp,0.14285714285714285,6,6,ATTCCGGTTACCAATGGAAG,0,3387581
ssnAp,0.14285714285714285,6,6,ATTCCCGGGTCACCTAGATA,0,3387071
ssnAp,0.14285714285714285,6,6,ATTCCAAAGCTCGTACGCTG,0,3378946
ssnAp,0.14285714285714285,6,6,ATTAGTTATCTTCAAATAGC,0,3359567
ssnAp,0.14285714285714285,6,6,ATTAGCTTAGTGGGAGAGAA,0,3363860
ssnAp,0.14285714285714285,6,6,ATGTTTCCCAGGCTTTGCAT,0,3362464
ssnAp,0.14285714285714285,6,6,ATGTGGACGGACGTCCAGTT,0,3383118
ssnAp,0.14285714285714285,6,6,ATGTGAGACAGAGTTTCGAC,0,3364099
ssnAp,0.14285714285714285,6,6,ATGTAGCGTTCCTAAAGTGG,0,3394299
ssnAp,0.14285714285714285,6,6,ATGTAACGGCGGTGGAAGCG,0,3375308
ssnAp,0.14285714285714285,6,6,ATGGTTGCTGTAGGACCGCG,0,3395056
ssnAp,0.14285714285714285,6,6,ATGCTCGGTCGCACTGTCAA,0,3386815
ssnAp,0.14285714285714285,6,6,ATGCGGCAAATACCATAGCA,0,3388585
ssnAp,0.14285714285714285,6,6,ATGCCTAGTGTGCCGTCAGA,0,3371935
ssnAp,0.14285714285714285,6,6,ATGCAACCTAGAATCTCAGG,0,3378943
ssnAp,0.14285714285714285,6,6,ATGATGTCTCATTGGTGGCT,0,3386542
ssnAp,0.14285714285714285,6,6,ATCTACTAAGGTTCGTGAAT,0,3361300
ssnAp,0.14285714285714285,6,6,ATCGTTTAGTTAGCCGCCCC,0,3375005
ssnAp,0.14285714285714285,6,6,ATCGTGGAGTAGCATTTTGC,0,3372995
ssnAp,0.14285714285714285,6,6,ATCGTATTAACGAATCTAGG,0,3384785
ssnAp,0.14285714285714285,6,6,ATCGGGCGAGCCACTGAGTC,0,3361042
ssnAp,0.14285714285714285,6,6,ATCCTGCGACTGTATTACCA,0,3372436
ssnAp,0.14285714285714285,6,6,ATCCTCTCTTCCGGCACCTG,0,3387139
ssnAp,0.14285714285714285,6,6,ATCCGCTGAGCGTTGTGATA,0,3381772
ssnAp,0.14285714285714285,6,6,ATCCCAGCATAGAAAGATAT,0,3395924
ssnAp,0.14285714285714285,6,6,ATCCATGACTGCGAACGACT,0,3359258
ssnAp,0.14285714285714285,6,6,ATCCACTCGAGTATTTCGGG,0,3399055
ssnAp,0.14285714285714285,6,6,ATCAGCGGCTAGAACGCCCT,0,3398014
ssnAp,0.14285714285714285,6,6,ATCAGAAGTCAGGACCGCAA,0,3378109
ssnAp,0.14285714285714285,6,6,ATCAACCAATCACCAGGTAA,0,3388092
ssnAp,0.14285714285714285,6,6,ATATTTTTGCAGCTTGCTGA,0,3395084
ssnAp,0.14285714285714285,6,6,ATATTACGGAGACGGATAGG,0,3365632
ssnAp,0.14285714285714285,6,6,ATATGGGTCTGTTCATACTC,0,3376171
ssnAp,0.14285714285714285,6,6,ATATCGACCTCTTTCTAGTA,0,3362094
ssnAp,0.14285714285714285,6,6,ATATCAAACCTCTATTCCGC,0,3360711
ssnAp,0.14285714285714285,6,6,ATATATCTGTTGAGTGTCTG,0,3378061
ssnAp,0.14285714285714285,6,6,ATAGGACTAGGTAATGCTCC,0,3400513
ssnAp,0.14285714285714285,6,6,ATAGAGTTTTATTGACTGAA,0,3366087
ssnAp,0.14285714285714285,6,6,ATAGAGATGGGGTCCACCTC,0,3392920
ssnAp,0.14285714285714285,6,6,ATACGGTTGTTTTGCTTCCG,0,3365241
ssnAp,0.14285714285714285,6,6,ATACGATCGCGTTATTGAAA,0,3398498
ssnAp,0.14285714285714285,6,6,ATACATACCCGTTGATATAG,0,3392303
ssnAp,0.14285714285714285,6,6,ATAATTATTCTCGGAGCTTG,0,3401053
ssnAp,0.14285714285714285,6,6,ATAAGCCTTGGCTCAGGATG,0,3374464
ssnAp,0.14285714285714285,6,6,AGTTATTCTTCGCCTCGCCA,0,3361605
ssnAp,0.14285714285714285,6,6,AGTTATCACTGAATTCTGAT,0,3364949
ssnAp,0.14285714285714285,6,6,AGTTAGCAGTCAGGTTACGA,0,3396510
ssnAp,0.14285714285714285,6,6,AGTGGACGTAGTTGCGCGAG,0,3375242
ssnAp,0.14285714285714285,6,6,AGTGCGTATTAGGTTTTACG,0,3390757
ssnAp,0.14285714285714285,6,6,AGTGCACCTAGTTTGAAGAA,0,3396025
ssnAp,0.14285714285714285,6,6,AGTGATAGGGCATGTAGGGG,0,3397589
ssnAp,0.14285714285714285,6,6,AGTCTAAATCTGGGAGTCAG,0,3383023
ssnAp,0.14285714285714285,6,6,AGTCGTAGTCTCATACTTTT,0,3394100
ssnAp,0.14285714285714285,6,6,AGTAGGAGTAAGGAGAGGCA,0,3386580
ssnAp,0.14285714285714285,6,6,AGTACTGTAATCCATAGCCA,0,3376574
ssnAp,0.14285714285714285,6,6,AGTACCATAGGGCTAATTCT,0,3382374
ssnAp,0.14285714285714285,6,6,AGTACACGGTGAGGGTACTT,0,3367615
ssnAp,0.14285714285714285,6,6,AGTAAATAGTTTTGCTACGC,0,3372337
ssnAp,0.14285714285714285,6,6,AGGTTCTTTTGACTCCCTGT,0,3364546
ssnAp,0.14285714285714285,6,6,AGGTGTAAGACGGACTGGTA,0,3394077
ssnAp,0.14285714285714285,6,6,AGGTATATCTGGTGAAGTAA,0,3390610
ssnAp,0.14285714285714285,6,6,AGGTACAATCCTCCACGGGT,0,3378953
ssnAp,0.14285714285714285,6,6,AGGGTTTCGTTTACCCGTAG,0,3361643
ssnAp,0.14285714285714285,6,6,AGGGTTAGCGGCAGCATAAG,0,3381790
ssnAp,0.14285714285714285,6,6,AGGGAGCAGTCAATGCGTTA,0,3391592
ssnAp,0.14285714285714285,6,6,AGGCAGGCGTTTTATAGTTT,0,3393144
ssnAp,0.14285714285714285,6,6,AGGAGTATGGGGACTTATGT,0,3360509
ssnAp,0.14285714285714285,6,6,AGGACAAACTGGGATGATCT,0,3359162
ssnAp,0.14285714285714285,6,6,AGCTTCGGCATCATTGTTTC,0,3373017
ssnAp,0.14285714285714285,6,6,AGCGTGTATCTTTTTTCAAC,0,3391153
ssnAp,0.14285714285714285,6,6,AGCGGGAGAATGATATCGCC,0,3383267
ssnAp,0.14285714285714285,6,6,AGCGGAAAGTTTAATCTAAC,0,3377753
ssnAp,0.14285714285714285,6,6,AGCGCTTAGCCGAGTGTTCA,0,3399402
ssnAp,0.14285714285714285,6,6,AGCGCGGGTACAGGCATTGC,0,3399627
ssnAp,0.14285714285714285,6,6,AGCCTGTTCTGGCGTCCTAA,0,3362467
ssnAp,0.14285714285714285,6,6,AGCCTGATCTGACCTACGAC,0,3381730
ssnAp,0.14285714285714285,6,6,AGCCTCGAGTGTTCGTTGTC,0,3391601
ssnAp,0.14285714285714285,6,6,AGCCCGGCCACCACCCGGGA,0,3396204
ssnAp,0.14285714285714285,6,6,AGCCAACCACACGTACAGAT,0,3396079
ssnAp,0.14285714285714285,6,6,AGATTATGTACTGCGCGTGA,0,3367912
ssnAp,0.14285714285714285,6,6,AGATGCTTTGATGTTATCGT,0,3361935
ssnAp,0.14285714285714285,6,6,AGATGAGGCTCTCCTTGGTG,0,3394098
ssnAp,0.14285714285714285,6,6,AGAGGCTTATTTCGCTGTAT,0,3378686
ssnAp,0.14285714285714285,6,6,AGAGATGGATGAAAAGCACT,0,3378090
ssnAp,0.14285714285714285,6,6,AGAGAGGAAGGATTTGGACT,0,3397583
ssnAp,0.14285714285714285,6,6,AGACCCGTCCATCGAAAAGA,0,3401837
ssnAp,0.14285714285714285,6,6,AGACCCATAACGGGTACATA,0,3363516
ssnAp,0.14285714285714285,6,6,AGAAACGCTACAGTCGCTGC,0,3374541
ssnAp,0.14285714285714285,6,6,AGAAACATCGGTAAGGTTGA,0,3378136
ssnAp,0.14285714285714285,6,6,ACTTTTGCATGTATGCGAGT,0,3390549
ssnAp,0.14285714285714285,6,6,ACTTGTTAGGGTAAACTTTA,0,3398522
ssnAp,0.14285714285714285,6,6,ACTTGGTAAAGCAGGCCGCA,0,3401311
ssnAp,0.14285714285714285,6,6,ACTTAGTAGGGCGAAAACGT,0,3402491
ssnAp,0.14285714285714285,6,6,ACTGGCTGCGGATGTTGAGC,0,3377314
ssnAp,0.14285714285714285,6,6,ACTGCAGCGGTATCAGTGCA,0,3387545
ssnAp,0.14285714285714285,6,6,ACTGAGAGTCTAACCCCTAG,0,3387396
ssnAp,0.14285714285714285,6,6,ACTGACAAGTGCTATATCGA,0,3367678
ssnAp,0.14285714285714285,6,6,ACTGAAAGAGTCACACTTGA,0,3376859
ssnAp,0.14285714285714285,6,6,ACTCGAGACTTTACCAGGGC,0,3378799
ssnAp,0.14285714285714285,6,6,ACTATCGGCGGTGGGCTAGC,0,3386818
ssnAp,0.14285714285714285,6,6,ACTAGCCCTACTTATTCATT,0,3378203
ssnAp,0.14285714285714285,6,6,ACTACCGAAACAGACCTGCT,0,3390688
ssnAp,0.14285714285714285,6,6,ACTAAGTCATTAGGGGATAA,0,3386543
ssnAp,0.14285714285714285,6,6,ACTAAGGGTTAGTAAGTTTT,0,3369908
ssnAp,0.14285714285714285,6,6,ACGTTCAGATAAACTTATTT,0,3386982
ssnAp,0.14285714285714285,6,6,ACGTGTGCTTAACGTCCGAT,0,3397105
ssnAp,0.14285714285714285,6,6,ACGTGGTTGCTCCGCGATGG,0,3360372
ssnAp,0.14285714285714285,6,6,ACGTCACCAACCAGTCCACA,0,3400723
ssnAp,0.14285714285714285,6,6,ACGTATGTTTTCAAGATGTG,0,3389866
ssnAp,0.14285714285714285,6,6,ACGGGGGCAGTAGGGCGAAC,0,3387521
ssnAp,0.14285714285714285,6,6,ACGATGACTCTTATGTCAAG,0,3394512
ssnAp,0.14285714285714285,6,6,ACGAGCGTCTCAAGGTAACT,0,3368922
ssnAp,0.14285714285714285,6,6,ACCTTGCCAGATGTGGGATC,0,3375936
ssnAp,0.14285714285714285,6,6,ACCTGACTTGGCGCGGAGGG,0,3396504
ssnAp,0.14285714285714285,6,6,ACCTCACGGTCGTGGACGAT,0,3376679
ssnAp,0.14285714285714285,6,6,ACCTAGCCTACATAGCTTGG,0,3375503
ssnAp,0.14285714285714285,6,6,ACCTAGAAAAGCCTCCCTTT,0,3397709
ssnAp,0.14285714285714285,6,6,ACCGTTCGTAACAGCCTGCC,0,3368996
ssnAp,0.14285714285714285,6,6,ACCGACTAACGGACATAGAC,0,3373636
ssnAp,0.14285714285714285,6,6,ACCCGCTGCAGAAACTGGGT,0,3377599
ssnAp,0.14285714285714285,6,6,ACCCCAGCAGTGGTGAGGTG,0,3395709
ssnAp,0.14285714285714285,6,6,ACCCATTAGACAGCCAATTG,0,3360940
ssnAp,0.14285714285714285,6,6,ACCCAAGCATATCTCCGTGA,0,3368991
ssnAp,0.14285714285714285,6,6,ACCATGGTTTAAGCGAGAGA,0,3371372
ssnAp,0.14285714285714285,6,6,ACCAGACCGCAGAAATACAG,0,3369878
ssnAp,0.14285714285714285,6,6,ACCACGTTAGACCCGGAGCG,0,3369593
ssnAp,0.14285714285714285,6,6,ACCACCCAGGAGAGCGTTTA,0,3394484
ssnAp,0.14285714285714285,6,6,ACCACAGGAAAGTATTGTGG,0,3360674
ssnAp,0.14285714285714285,6,6,ACCAACTGCGGAGTACAGGG,0,3391897
ssnAp,0.14285714285714285,6,6,ACATTTTCCTAGTCGTAGAA,0,3378709
ssnAp,0.14285714285714285,6,6,ACATAGTCGGGGCCACAAAG,0,3391849
ssnAp,0.14285714285714285,6,6,ACATAATGTTAATGGGTAAT,0,3400920
ssnAp,0.14285714285714285,6,6,ACAGGGCGCCGGTTTGGTCC,0,3376888
ssnAp,0.14285714285714285,6,6,ACACAAAATCGACTTGCGGT,0,3379522
ssnAp,0.14285714285714285,6,6,ACAATTCGCCCTGAGAGATG,0,3384874
ssnAp,0.14285714285714285,6,6,ACAATAATCTACCGTCGAGC,0,3382042
ssnAp,0.14285714285714285,6,6,AATTGAGACCCTACATTCCA,0,3391726
ssnAp,0.14285714285714285,6,6,AATTCGATCGACGGACGAAA,0,3378602
ssnAp,0.14285714285714285,6,6,AATGTCCTACCGCCCACAGA,0,3387154
ssnAp,0.14285714285714285,6,6,AATGTAAATGACCTCATCAG,0,3399634
ssnAp,0.14285714285714285,6,6,AATGGTATAGTACACTCCTG,0,3376576
ssnAp,0.14285714285714285,6,6,AATGGCGTAAGGCCGGAAAG,0,3376642
ssnAp,0.14285714285714285,6,6,AATGACCTAGAGGCTAATGC,0,3360554
ssnAp,0.14285714285714285,6,6,AATCTTGGACCTAGGGATGG,0,3376093
ssnAp,0.14285714285714285,6,6,AATCTGGATGCTACCGAGGC,0,3372899
ssnAp,0.14285714285714285,6,6,AATCGGCTTTATAGCAAACC,0,3387962
ssnAp,0.14285714285714285,6,6,AATCGGAAGGCGGCCAAACC,0,3372915
ssnAp,0.14285714285714285,6,6,AATCATCTCTACGGTCACGC,0,3375084
ssnAp,0.14285714285714285,6,6,AATCAATGCCGCGAGTCATC,0,3375896
ssnAp,0.14285714285714285,6,6,AATATTTCTACGTCGAGGTG,0,3379659
ssnAp,0.14285714285714285,6,6,AATATGGATATAGGAGCTGG,0,3363253
ssnAp,0.14285714285714285,6,6,AATATCCTGGTCTTATATAC,0,3382073
ssnAp,0.14285714285714285,6,6,AATATAGCCCCTCGGAGAGG,0,3402215
ssnAp,0.14285714285714285,6,6,AATAAGGTACGCCCGCTAGA,0,3374506
ssnAp,0.14285714285714285,6,6,AATAAGCGATCGGTGCGTAT,0,3378264
ssnAp,0.14285714285714285,6,6,AAGTGCCTGCGGCGCCTCGG,0,3380084
ssnAp,0.14285714285714285,6,6,AAGTAAGGGTTCAGCGTGTA,0,3364760
ssnAp,0.14285714285714285,6,6,AAGGCCTGCTGACCACTGAA,0,3394045
ssnAp,0.14285714285714285,6,6,AAGGAGATACCGCGCATTTT,0,3374860
ssnAp,0.14285714285714285,6,6,AAGCGGTTGCGCTATGAACA,0,3381607
ssnAp,0.14285714285714285,6,6,AAGCGGCTCTCCTTGAACCC,0,3396423
ssnAp,0.14285714285714285,6,6,AAGCGGCCGAGCGTTCTTAG,0,3372138
ssnAp,0.14285714285714285,6,6,AAGCCGCGGGCCTATATACA,0,3393126
ssnAp,0.14285714285714285,6,6,AAGCCACGGAGAGGCTCTTG,0,3390725
ssnAp,0.14285714285714285,6,6,AAGCAAAAACGTCCGTATAA,0,3388752
ssnAp,0.14285714285714285,6,6,AAGATTAACATTTCTTCATA,0,3383600
ssnAp,0.14285714285714285,6,6,AAGACCTATTAGCCCTAGAA,0,3395070
ssnAp,0.14285714285714285,6,6,AAGAAGGCGCAGCGTATCCC,0,3391176
ssnAp,0.14285714285714285,6,6,AACTCGCCCGATTTGTCGTG,0,3378814
ssnAp,0.14285714285714285,6,6,AACTACGTCCTAGTCCCACG,0,3387377
ssnAp,0.14285714285714285,6,6,AACGCGATTAAGCCCGCGGC,0,3366747
ssnAp,0.14285714285714285,6,6,AACGCAATCGAATCCCGGCT,0,3362477
ssnAp,0.14285714285714285,6,6,AACCTGTTGTAAGTTCTCAT,0,3378592
ssnAp,0.14285714285714285,6,6,AACCGGCAAGTACTGTAGTA,0,3386140
ssnAp,0.14285714285714285,6,6,AACCCGGGGGAAAAAAGCCT,0,3379357
ssnAp,0.14285714285714285,6,6,AACATTCTATGTCTAACTTA,0,3396182
ssnAp,0.14285714285714285,6,6,AACATCCAGAGCCATCGGAG,0,3392528
ssnAp,0.14285714285714285,6,6,AACATCACGTAAAACCCGAG,0,3398806
ssnAp,0.14285714285714285,6,6,AACATAAATGAGTATTCCAT,0,3362263
ssnAp,0.14285714285714285,6,6,AACAAAAGTTCACATTGTGA,0,3380239
ssnAp,0.14285714285714285,6,6,AAATTGCGGCATACAATTCC,0,3381359
ssnAp,0.14285714285714285,6,6,AAATGGGTGGTTAATTTTAC,0,3393951
ssnAp,0.14285714285714285,6,6,AAATAGATGGAGAAAATAAT,0,3365464
ssnAp,0.14285714285714285,6,6,AAATAAACCACCTCACCTTG,0,3365250
ssnAp,0.14285714285714285,6,6,AAAGTTTCTTATTCATGGTA,0,3378818
ssnAp,0.14285714285714285,6,6,AAAGCGGGTTAGGTGGCTTA,0,3369747
ssnAp,0.14285714285714285,6,6,AAACTAGAATGCGCAAAATA,0,3377390
ssnAp,0.14285714285714285,6,6,AAACGATCGGTCGCCATTGT,0,3396930
ssnAp,0.14285714285714285,6,6,AAACCTTTTCTTGGGACGTC,0,3393765
ssnAp,0.14285714285714285,6,6,AAACATGTTCCTTAGGCGGT,0,3378062
ssnAp,0.14285714285714285,6,6,AAACACACTTTACGGCTTCC,0,3369083
ssnAp,0.14285714285714285,6,6,AAACAAATAGCAGACGGCTC,0,3400878
ssnAp,0.14285714285714285,6,6,AAAATCTGTCGGGTTCTGAT,0,3368243
ssnAp,0.14285714285714285,6,6,AAAAGACCCCGGCAGGGGGC,0,3370671
ssnAp,0.16666666666666666,5,5,TTTTGGGTAGTGCCAACTAA,0,3392664
ssnAp,0.16666666666666666,5,5,TTTGTCCTATCTGATGTGAT,0,3366946
ssnAp,0.16666666666666666,5,5,TTTGTCAAGCGCTGTTAAGC,0,3389082
ssnAp,0.16666666666666666,5,5,TTTGGGTGCCATATCATGAA,0,3396675
ssnAp,0.16666666666666666,5,5,TTTGATCGTTCGCGCCGGTC,0,3367713
ssnAp,0.16666666666666666,5,5,TTTGATACGCTGCCAGCGCA,0,3402898
ssnAp,0.16666666666666666,5,5,TTTGACCTCTAGGATTCTTA,0,3398047
ssnAp,0.16666666666666666,5,5,TTTGAACAGAGCAAAAAGCT,0,3390477
ssnAp,0.16666666666666666,5,5,TTTCTTTCCTACTCTGAGGC,0,3368555
ssnAp,0.16666666666666666,5,5,TTTCTTAAGGGGTACTCAAT,0,3390872
ssnAp,0.16666666666666666,5,5,TTTCTGGGCAACCCGTTTAG,0,3379003
ssnAp,0.16666666666666666,5,5,TTTCTCCGGGGCTACGCGAC,0,3364533
ssnAp,0.16666666666666666,5,5,TTTCCTCAAGTCCCATAGGA,0,3366670
ssnAp,0.16666666666666666,5,5,TTTATCGGCAAAGCGCTATA,0,3399355
ssnAp,0.16666666666666666,5,5,TTTACATATCGCACGCGACC,0,3388212
ssnAp,0.16666666666666666,5,5,TTGGTAGTAGTCTACCCTGT,0,3397425
ssnAp,0.16666666666666666,5,5,TTGGGGCTATTCTTAGTAAA,0,3392849
ssnAp,0.16666666666666666,5,5,TTGGGGACGCAAGCCTCGAA,0,3375186
ssnAp,0.16666666666666666,5,5,TTGGCGTTGTCAGTAGCGGG,0,3390016
ssnAp,0.16666666666666666,5,5,TTGGAGGAGGGCACAGTACG,0,3398180
ssnAp,0.16666666666666666,5,5,TTGGACATTCCTCTAGAACG,0,3381776
ssnAp,0.16666666666666666,5,5,TTGGAATAAGGCTCCCTAAA,0,3367230
ssnAp,0.16666666666666666,5,5,TTGCGCGCTTACATCCATTG,0,3400882
ssnAp,0.16666666666666666,5,5,TTGCCACACGGCTGTGCAAA,0,3375860
ssnAp,0.16666666666666666,5,5,TTGAGCCTATGGAGTATTTT,0,3386355
ssnAp,0.16666666666666666,5,5,TTGAGCAAAGGTGGACTGCT,0,3374759
ssnAp,0.16666666666666666,5,5,TTGACAGCTCTGAAAGTTGT,0,3399460
ssnAp,0.16666666666666666,5,5,TTGACACTCGTTAAAGGTTG,0,3401267
ssnAp,0.16666666666666666,5,5,TTGAATTTCGGCCCACGATG,0,3383879
ssnAp,0.16666666666666666,5,5,TTGAAGGACGGCTACTATAT,0,3402330
ssnAp,0.16666666666666666,5,5,TTCTGGCAGCGCGAAAAGCC,0,3369958
ssnAp,0.16666666666666666,5,5,TTCTACAGAGGCTTTCGGTA,0,3376916
ssnAp,0.16666666666666666,5,5,TTCGTTTAGGACCCTTGGTT,0,3391046
ssnAp,0.16666666666666666,5,5,TTCGGGTGACATGGTCAATT,0,3366006
ssnAp,0.16666666666666666,5,5,TTCGCGTTTTATATGGTGTG,0,3360138
ssnAp,0.16666666666666666,5,5,TTCCGTATTTAATCATGGCA,0,3381539
ssnAp,0.16666666666666666,5,5,TTCCGATAAGTCAATTTAAC,0,3376205
ssnAp,0.16666666666666666,5,5,TTCCAGTTCCAGTTCTGTGG,0,3389584
ssnAp,0.16666666666666666,5,5,TTCCAACCGTTGGTGGCTCA,0,3364787
ssnAp,0.16666666666666666,5,5,TTCATTATAAAAAGTCCGGC,0,3394849
ssnAp,0.16666666666666666,5,5,TTCAGTCGTCGTATAGCGCA,0,3364933
ssnAp,0.16666666666666666,5,5,TTCAGCGTTAGGCTACTTCC,0,3391895
ssnAp,0.16666666666666666,5,5,TTCAGCGTACGTTTAATGAA,0,3383143
ssnAp,0.16666666666666666,5,5,TTATTTACGCGGGGATGTGC,0,3381485
ssnAp,0.16666666666666666,5,5,TTATGCGTCACGCACCTGTG,0,3391484
ssnAp,0.16666666666666666,5,5,TTATCTCCGGCTACGGCAGG,0,3361927
ssnAp,0.16666666666666666,5,5,TTAGTTACTTCAGTGGTTGA,0,3369801
ssnAp,0.16666666666666666,5,5,TTAGTCTATTGGGACCTTTG,0,3391779
ssnAp,0.16666666666666666,5,5,TTAGCGAACTGTAATTCACC,0,3391482
ssnAp,0.16666666666666666,5,5,TTAGCACCTACTACTTAGGC,0,3391880
ssnAp,0.16666666666666666,5,5,TTAGACCACGGCATCAGTGC,0,3361904
ssnAp,0.16666666666666666,5,5,TTACTCACCCCCAAACTCGC,0,3393343
ssnAp,0.16666666666666666,5,5,TTACCTCAGCGCCTCAGTTA,0,3369074
ssnAp,0.16666666666666666,5,5,TTAATTTCTGCCGTTGTGTG,0,3370047
ssnAp,0.16666666666666666,5,5,TTAAGATCACGAATTTTTGG,0,3376384
ssnAp,0.16666666666666666,5,5,TTAAGATAGGTAAAATCGAG,0,3402562
ssnAp,0.16666666666666666,5,5,TGTTTTTGCTCTTACGTTAG,0,3380530
ssnAp,0.16666666666666666,5,5,TGTTTGTTCCATATGGTACG,0,3375479
ssnAp,0.16666666666666666,5,5,TGTTTAGACCATATCCAATT,0,3368420
ssnAp,0.16666666666666666,5,5,TGTTATTTGCGGAATTCCAG,0,3363727
ssnAp,0.16666666666666666,5,5,TGTTACTCCTGCACCTCTCA,0,3388708
ssnAp,0.16666666666666666,5,5,TGTGGGCTAAAGACAAACAT,0,3391075
ssnAp,0.16666666666666666,5,5,TGTGACTGCCATTCGTTAGC,0,3386919
ssnAp,0.16666666666666666,5,5,TGTCGTTTTGTCACGAGCTT,0,3368049
ssnAp,0.16666666666666666,5,5,TGTCCGCCCCGGTTCATGGG,0,3360643
ssnAp,0.16666666666666666,5,5,TGTCATGTCTTCCCCCTCGT,0,3387398
ssnAp,0.16666666666666666,5,5,TGTATAGAGGCGATCCCAGG,0,3382413
ssnAp,0.16666666666666666,5,5,TGTATAACCGCTTGTAAACT,0,3381843
ssnAp,0.16666666666666666,5,5,TGGTTTCACGTCAACGTGTA,0,3390096
ssnAp,0.16666666666666666,5,5,TGGTTTCACAGAGGGCATTG,0,3394272
ssnAp,0.16666666666666666,5,5,TGGTGTGGTGATTGGTCACA,0,3380202
ssnAp,0.16666666666666666,5,5,TGGTGGGAGACTTAAAACGC,0,3396687
ssnAp,0.16666666666666666,5,5,TGGTGGCGGTGGTCTATACG,0,3387457
ssnAp,0.16666666666666666,5,5,TGGTGCAATTTTTGTCTAAG,0,3390868
ssnAp,0.16666666666666666,5,5,TGGTGCAAGGAAGAGGCAGT,0,3383365
ssnAp,0.16666666666666666,5,5,TGGTGACCATGAAAATGACA,0,3368630
ssnAp,0.16666666666666666,5,5,TGGTCGTAGTACCCGGGTGT,0,3401653
ssnAp,0.16666666666666666,5,5,TGGGGCTTACAGGACGCGTT,0,3361632
ssnAp,0.16666666666666666,5,5,TGGGCAGTGCGTAGGGACAA,0,3363092
ssnAp,0.16666666666666666,5,5,TGGGAGATGGGTATTTATGG,0,3388043
ssnAp,0.16666666666666666,5,5,TGGGACGAACGGTATGTACA,0,3395208
ssnAp,0.16666666666666666,5,5,TGGCTTCCAAATTCTTTCGG,0,3366604
ssnAp,0.16666666666666666,5,5,TGGCTATCTTTGCATAGTTA,0,3394376
ssnAp,0.16666666666666666,5,5,TGGATACGCAATGGACCTAC,0,3383318
ssnAp,0.16666666666666666,5,5,TGGACACAGGACTAACCGTA,0,3398988
ssnAp,0.16666666666666666,5,5,TGGAATGGAGAAATGCTGAA,0,3401940
ssnAp,0.16666666666666666,5,5,TGCTTCAAAAGCTCGAATTG,0,3396465
ssnAp,0.16666666666666666,5,5,TGCGGTGCCCCTGATAATGG,0,3397363
ssnAp,0.16666666666666666,5,5,TGCGGACGCTAATTGGGCCA,0,3382071
ssnAp,0.16666666666666666,5,5,TGCGGACAGGCATACAAGGC,0,3375018
ssnAp,0.16666666666666666,5,5,TGCGCCCGGCGGCGTCTGCG,0,3373324
ssnAp,0.16666666666666666,5,5,TGCGAGCGGATTACCGATGA,0,3367024
ssnAp,0.16666666666666666,5,5,TGCCGTAACGTTCTTCTTGG,0,3378277
ssnAp,0.16666666666666666,5,5,TGCCGGGGGCTTAACGGATT,0,3382829
ssnAp,0.16666666666666666,5,5,TGCCACTCTTAAACTCGGTC,0,3400313
ssnAp,0.16666666666666666,5,5,TGCCACAAGGACAGGTAAGT,0,3380776
ssnAp,0.16666666666666666,5,5,TGCCAAGGTCCAGAGTGGCT,0,3384407
ssnAp,0.16666666666666666,5,5,TGCATTATGTAATAAAAGCT,0,3381674
ssnAp,0.16666666666666666,5,5,TGCATTAGGATACGCAACTC,0,3359534
ssnAp,0.16666666666666666,5,5,TGCATTAAGGCATTCCCTCT,0,3386393
ssnAp,0.16666666666666666,5,5,TGCATTAAAACAAGTCCAAT,0,3395485
ssnAp,0.16666666666666666,5,5,TGCATCTGTATACCCTAGTC,0,3375575
ssnAp,0.16666666666666666,5,5,TGCATCCGCAAATATTAATA,0,3386636
ssnAp,0.16666666666666666,5,5,TGCAGTGGAACGAGGGCTTA,0,3402357
ssnAp,0.16666666666666666,5,5,TGCACGGCCGGTCCCACCAA,0,3363040
ssnAp,0.16666666666666666,5,5,TGCAAGCCAATTAGGATTAG,0,3360010
ssnAp,0.16666666666666666,5,5,TGCAACAATTAAAATGAAAC,0,3370367
ssnAp,0.16666666666666666,5,5,TGCAAACGTCACCATATTGG,0,3368428
ssnAp,0.16666666666666666,5,5,TGATTTTGCCTCACAGAATA,0,3363313
ssnAp,0.16666666666666666,5,5,TGATGGGGTTGACGAGGTGC,0,3400724
ssnAp,0.16666666666666666,5,5,TGATGCCGGCCTTCGATAGA,0,3396674
ssnAp,0.16666666666666666,5,5,TGAGTTGGCGCGGTTGACAC,0,3374513
ssnAp,0.16666666666666666,5,5,TGAGTGTCTGATAAGGTACC,0,3365921
ssnAp,0.16666666666666666,5,5,TGAGCGGGCGCGGACCGCGG,0,3387627
ssnAp,0.16666666666666666,5,5,TGAGCCTCAGCGGCCTTGGA,0,3372823
ssnAp,0.16666666666666666,5,5,TGAGCACAACAGGAAGTGGC,0,3366479
ssnAp,0.16666666666666666,5,5,TGACGGGAAGGGATGTCTGC,0,3392846
ssnAp,0.16666666666666666,5,5,TGACGACGGGTTATGTTAAG,0,3383069
ssnAp,0.16666666666666666,5,5,TGACCGTAGGAAGAAGGTTG,0,3363330
ssnAp,0.16666666666666666,5,5,TGACAACGGTTAACAAACAG,0,3361163
ssnAp,0.16666666666666666,5,5,TGAATGATATTTCCACTTTA,0,3394891
ssnAp,0.16666666666666666,5,5,TGAATCGAATCGCGAACTAA,0,3393794
ssnAp,0.16666666666666666,5,5,TGAACTACGACCAGCATACG,0,3390324
ssnAp,0.16666666666666666,5,5,TCTGGTCCAGCAGCCCAGGT,0,3397462
ssnAp,0.16666666666666666,5,5,TCTGGGAGGTGTGAAGCGAC,0,3365705
ssnAp,0.16666666666666666,5,5,TCTGCATATTTGGTAGTATC,0,3371012
ssnAp,0.16666666666666666,5,5,TCTGAAAAGTCCATAGAGGA,0,3384645
ssnAp,0.16666666666666666,5,5,TCTCTCAGAATCGACGTCAC,0,3387366
ssnAp,0.16666666666666666,5,5,TCTCGCGATGCCTGGGATCT,0,3370880
ssnAp,0.16666666666666666,5,5,TCTCCTAGTGTTTTTAAGGC,0,3396132
ssnAp,0.16666666666666666,5,5,TCTCCGAGAAGTCAGCGCCC,0,3393559
ssnAp,0.16666666666666666,5,5,TCTCATCTGATAATGAGGGA,0,3361988
ssnAp,0.16666666666666666,5,5,TCTAGCGAAAGGTCTGCTCG,0,3365545
ssnAp,0.16666666666666666,5,5,TCTAATGTGAGGGAAGACCT,0,3388839
ssnAp,0.16666666666666666,5,5,TCTAAGGCGGAGGCCGGCGC,0,3398208
ssnAp,0.16666666666666666,5,5,TCGTTTCAGTTTAGCACTAG,0,3392588
ssnAp,0.16666666666666666,5,5,TCGTATGGATGGTCAATGGA,0,3380488
ssnAp,0.16666666666666666,5,5,TCGTAGCACCGGGCAATGTC,0,3366067
ssnAp,0.16666666666666666,5,5,TCGTAACAGCAGCGCCATTG,0,3383144
ssnAp,0.16666666666666666,5,5,TCGGGTTCGGAGGGTAAGAT,0,3399853
ssnAp,0.16666666666666666,5,5,TCGGGATCCTGAAATGAGAG,0,3380563
ssnAp,0.16666666666666666,5,5,TCGCTGAAAGAAAACGTCTA,0,3393489
ssnAp,0.16666666666666666,5,5,TCGCTACGGTGCATAAGGTC,0,3399243
ssnAp,0.16666666666666666,5,5,TCGAGCGCAGACCCGTCCTT,0,3379516
ssnAp,0.16666666666666666,5,5,TCGAGAGTTACGCCTAAAAC,0,3370587
ssnAp,0.16666666666666666,5,5,TCGAAGTGTTTATTGAGTAG,0,3379324
ssnAp,0.16666666666666666,5,5,TCGAACCCCAGATGAGCCTT,0,3379998
ssnAp,0.16666666666666666,5,5,TCCTTGGCCCCCTCTAAAAG,0,3399071
ssnAp,0.16666666666666666,5,5,TCCTCCGCCGGATCAATATG,0,3387343
ssnAp,0.16666666666666666,5,5,TCCTAATGTGGGAAGTTTTA,0,3402510
ssnAp,0.16666666666666666,5,5,TCCTAACAAGCCGACCCGAT,0,3372407
ssnAp,0.16666666666666666,5,5,TCCGGCTGGGTTATCGCTGG,0,3371772
ssnAp,0.16666666666666666,5,5,TCCGGCGCCTACGGGCAGAC,0,3388757
ssnAp,0.16666666666666666,5,5,TCCGCTGCGACCTCTCGCCG,0,3382336
ssnAp,0.16666666666666666,5,5,TCCCCGGTGCAGATAGTATG,0,3400730
ssnAp,0.16666666666666666,5,5,TCCCAGCATCAGCCTCACGT,0,3393112
ssnAp,0.16666666666666666,5,5,TCCAGCATGGAGACGATTTG,0,3363799
ssnAp,0.16666666666666666,5,5,TCCACGAGACCGAATTGCGC,0,3401664
ssnAp,0.16666666666666666,5,5,TCATTGCACTTCTTCAGCCC,0,3360694
ssnAp,0.16666666666666666,5,5,TCATCAGACTAAGAGCAGAA,0,3396604
ssnAp,0.16666666666666666,5,5,TCAGTTCGGGTGAACTTTCT,0,3361765
ssnAp,0.16666666666666666,5,5,TCAGTATCTAGCACCAGCCA,0,3365423
ssnAp,0.16666666666666666,5,5,TCAGATCCATAAGGTGTAGG,0,3378907
ssnAp,0.16666666666666666,5,5,TCACGTCCGGCTTATTCAAG,0,3365280
ssnAp,0.16666666666666666,5,5,TCACCTGCTTGTAATATATG,0,3399883
ssnAp,0.16666666666666666,5,5,TCACATGTTTACCTAAATCC,0,3392663
ssnAp,0.16666666666666666,5,5,TCACACACCACTAAAATGCC,0,3388683
ssnAp,0.16666666666666666,5,5,TCAATTGAGGTATCCGCTTA,0,3364962
ssnAp,0.16666666666666666,5,5,TCAATTACCTATAAGGCCGG,0,3372764
ssnAp,0.16666666666666666,5,5,TCAATCCAGTCGGTTAAGGG,0,3379082
ssnAp,0.16666666666666666,5,5,TCAACCGTGTTAGATCGTCA,0,3373015
ssnAp,0.16666666666666666,5,5,TATTTCGGAGTAACTACTAT,0,3401729
ssnAp,0.16666666666666666,5,5,TATTGGTACCGCAAAGATCT,0,3364335
ssnAp,0.16666666666666666,5,5,TATTGCGGTCTGTACAGCTG,0,3387791
ssnAp,0.16666666666666666,5,5,TATTGAAGTGTCCATGACGT,0,3398862
ssnAp,0.16666666666666666,5,5,TATTCTGCGGCATTAAGGGG,0,3399044
ssnAp,0.16666666666666666,5,5,TATGTTCAAGTCTTTACACT,0,3381108
ssnAp,0.16666666666666666,5,5,TATGGCATAACTTTGGCTCT,0,3376377
ssnAp,0.16666666666666666,5,5,TATGCAACTCCGTGAACACG,0,3367226
ssnAp,0.16666666666666666,5,5,TATCTCCTCTTGTATAGAAC,0,3376805
ssnAp,0.16666666666666666,5,5,TATCTAAATCGCATTGACAT,0,3370738
ssnAp,0.16666666666666666,5,5,TATCGGCCGACAAAGAACGG,0,3402604
ssnAp,0.16666666666666666,5,5,TATCGCATCCGTTTCTGTGG,0,3387582
ssnAp,0.16666666666666666,5,5,TATCCGGAACACGTGGTCGT,0,3365719
ssnAp,0.16666666666666666,5,5,TATCCGCGAATGCAAGAGCA,0,3372990
ssnAp,0.16666666666666666,5,5,TATCAGCGAGCGGCTCCCCG,0,3387786
ssnAp,0.16666666666666666,5,5,TATCAAGTGGCATGGCGGTC,0,3380477
ssnAp,0.16666666666666666,5,5,TATAGCTCCAGTCCCCACTG,0,3390951
ssnAp,0.16666666666666666,5,5,TATAGACAGCCCCGTAATGA,0,3391406
ssnAp,0.16666666666666666,5,5,TATAAGCTTAATACCACTGG,0,3400421
ssnAp,0.16666666666666666,5,5,TAGTGATCAGAGTCACAACG,0,3394323
ssnAp,0.16666666666666666,5,5,TAGTCCAGGTTCGAGGCAAA,0,3369635
ssnAp,0.16666666666666666,5,5,TAGGTGTTATTGGGTACTCT,0,3396795
ssnAp,0.16666666666666666,5,5,TAGGTATAGGACTTGCTGTC,0,3376905
ssnAp,0.16666666666666666,5,5,TAGGGGCGCGGAAGCGATAT,0,3374512
ssnAp,0.16666666666666666,5,5,TAGGACTCGTCTAGACAAAA,0,3400174
ssnAp,0.16666666666666666,5,5,TAGCTTGACTTTGAACGGTA,0,3399626
ssnAp,0.16666666666666666,5,5,TAGCATTCTCTCTTGCCCCC,0,3381933
ssnAp,0.16666666666666666,5,5,TAGCAACTGTCGGTGCCGGA,0,3394327
ssnAp,0.16666666666666666,5,5,TAGATTTGCAGGACTGCCAG,0,3361221
ssnAp,0.16666666666666666,5,5,TAGACTCAGTCCCCCCTAGA,0,3394169
ssnAp,0.16666666666666666,5,5,TAGACAATACTCATCGCCGC,0,3392023
ssnAp,0.16666666666666666,5,5,TAGAATTGTGTGGTGTTATT,0,3370521
ssnAp,0.16666666666666666,5,5,TAGAACTAAATCTTACGGCT,0,3391814
ssnAp,0.16666666666666666,5,5,TACTGGCGTATTACGTGAGT,0,3371699
ssnAp,0.16666666666666666,5,5,TACTCTCCCTGGCGATCCGT,0,3392090
ssnAp,0.16666666666666666,5,5,TACTCCGGTTATCATGGGCG,0,3373224
ssnAp,0.16666666666666666,5,5,TACGTAAACCGAAGGGGTTG,0,3380947
ssnAp,0.16666666666666666,5,5,TACGGAGTCGGTCGCGCGTC,0,3400154
ssnAp,0.16666666666666666,5,5,TACGCATATAAACCCGCCCC,0,3379744
ssnAp,0.16666666666666666,5,5,TACGATGCATATCGCGGATG,0,3391126
ssnAp,0.16666666666666666,5,5,TACCGGATAACTTACGTTTA,0,3387763
ssnAp,0.16666666666666666,5,5,TACCGCGCATCTACAGCTCT,0,3370151
ssnAp,0.16666666666666666,5,5,TACCGCGATCCTGGGGTCAT,0,3373096
ssnAp,0.16666666666666666,5,5,TACATTCTCGGAGCATCCGG,0,3362468
ssnAp,0.16666666666666666,5,5,TACAGGTATAGGGCTTCGGA,0,3385763
ssnAp,0.16666666666666666,5,5,TACAACATAGAGTACGCGCA,0,3399000
ssnAp,0.16666666666666666,5,5,TAATTCGGGTCCGGTTAGGT,0,3393057
ssnAp,0.16666666666666666,5,5,TAATCAACAATGGTAAAGCT,0,3393886
ssnAp,0.16666666666666666,5,5,TAATACTGAAGACCCAATCC,0,3380167
ssnAp,0.16666666666666666,5,5,TAAGGGCTCGCATTACACTC,0,3385754
ssnAp,0.16666666666666666,5,5,TAAGATGGATCATGTTAGCC,0,3366009
ssnAp,0.16666666666666666,5,5,TAAGAGACCGCGTATGAAAA,0,3366535
ssnAp,0.16666666666666666,5,5,TAACTATATGGGCTCTTACT,0,3373941
ssnAp,0.16666666666666666,5,5,TAACGAATGAAGCTCTTCGT,0,3388527
ssnAp,0.16666666666666666,5,5,TAACAGTTTACCTGGGTGTA,0,3395934
ssnAp,0.16666666666666666,5,5,TAAAAAACGGTTTGATAGCT,0,3369857
ssnAp,0.16666666666666666,5,5,GTTTTGGGGTCGTTTTGGAG,0,3368035
ssnAp,0.16666666666666666,5,5,GTTTGTTCACTGCTTTAAGT,0,3400591
ssnAp,0.16666666666666666,5,5,GTTTGGAGTGAGGCGAGTGT,0,3388606
ssnAp,0.16666666666666666,5,5,GTTTCCACTAGCAAAGCTCT,0,3361656
ssnAp,0.16666666666666666,5,5,GTTTCATCACAACAGCAACA,0,3382568
ssnAp,0.16666666666666666,5,5,GTTTACGCGCCGAGGAGCGA,0,3384228
ssnAp,0.16666666666666666,5,5,GTTGCTATCGCTGGAGTGGC,0,3374997
ssnAp,0.16666666666666666,5,5,GTTCGAGGTAGACAGTTCTG,0,3375176
ssnAp,0.16666666666666666,5,5,GTTAGGCGTTAAATATAGTG,0,3398690
ssnAp,0.16666666666666666,5,5,GTTAGACATAAAAACCCATT,0,3396327
ssnAp,0.16666666666666666,5,5,GTTACCCATTTTCCGGTCCT,0,3389417
ssnAp,0.16666666666666666,5,5,GTTACCAAATACTGGCGCTG,0,3370531
ssnAp,0.16666666666666666,5,5,GTTAAGGCGGTGACAATTGG,0,3362060
ssnAp,0.16666666666666666,5,5,GTTAAAAGGGGCTATAAAAA,0,3377792
ssnAp,0.16666666666666666,5,5,GTGTACCGCGAGCATCAAGG,0,3373199
ssnAp,0.16666666666666666,5,5,GTGTAAAAGTGTTTTAGAAA,0,3373530
ssnAp,0.16666666666666666,5,5,GTGGTCAAGGTGCCGTCTCC,0,3368699
ssnAp,0.16666666666666666,5,5,GTGGGCCGCCTCATCTCAGC,0,3381030
ssnAp,0.16666666666666666,5,5,GTGGCCATTGGATACGATGG,0,3360141
ssnAp,0.16666666666666666,5,5,GTGGAAGACCAGGAGGAATA,0,3372920
ssnAp,0.16666666666666666,5,5,GTGGAAATTCATTGAGAAGT,0,3376626
ssnAp,0.16666666666666666,5,5,GTGCGCCAAACATCAGAACT,0,3394089
ssnAp,0.16666666666666666,5,5,GTGCGATCGGGCGCGAATCT,0,3386154
ssnAp,0.16666666666666666,5,5,GTGCCCGGATCGAAGCTCCA,0,3377383
ssnAp,0.16666666666666666,5,5,GTGATTACAGGACAGAGGAT,0,3383418
ssnAp,0.16666666666666666,5,5,GTGATAGACATCACTGACCT,0,3394565
ssnAp,0.16666666666666666,5,5,GTGAGATACATGAGTCGCCC,0,3400225
ssnAp,0.16666666666666666,5,5,GTGACTTCTCTATTTACGTC,0,3396252
ssnAp,0.16666666666666666,5,5,GTGACCCTGGACATCTGGAT,0,3384904
ssnAp,0.16666666666666666,5,5,GTGACACTACCAGTCAAGGT,0,3382121
ssnAp,0.16666666666666666,5,5,GTCTTCGTGGCGACGCTAAT,0,3374034
ssnAp,0.16666666666666666,5,5,GTCTCAGCGAGCAACTGAGG,0,3379720
ssnAp,0.16666666666666666,5,5,GTCTACTTAAAAGGAACGTA,0,3383894
ssnAp,0.16666666666666666,5,5,GTCGGGCAAGTTTATAATGT,0,3398701
ssnAp,0.16666666666666666,5,5,GTCGGCCTCGCAAGACTTGC,0,3391205
ssnAp,0.16666666666666666,5,5,GTCGCTCCGATCCACACTAA,0,3387410
ssnAp,0.16666666666666666,5,5,GTCGAAATCAGTTAGGTGTA,0,3394714
ssnAp,0.16666666666666666,5,5,GTCCTTGCCCCAGCTATTTA,0,3373902
ssnAp,0.16666666666666666,5,5,GTCCTGGTCGTTTTTAGGTT,0,3377725
ssnAp,0.16666666666666666,5,5,GTCCCGGTACTTCAGGAAAC,0,3384036
ssnAp,0.16666666666666666,5,5,GTCATTTAATTGGTTAAGAT,0,3382965
ssnAp,0.16666666666666666,5,5,GTCAGCGATTCTCGACACCA,0,3365444
ssnAp,0.16666666666666666,5,5,GTCAGATCGCTTGAAGATAC,0,3377150
ssnAp,0.16666666666666666,5,5,GTCACCGTACCATGCTACTC,0,3387179
ssnAp,0.16666666666666666,5,5,GTATGCGACTCGCACCATAT,0,3384741
ssnAp,0.16666666666666666,5,5,GTATCGTGAGTCAAGAAAAA,0,3383123
ssnAp,0.16666666666666666,5,5,GTAGCCTACATACCTTACAG,0,3382145
ssnAp,0.16666666666666666,5,5,GTAGCAACCTTGGTCCCAAT,0,3388968
ssnAp,0.16666666666666666,5,5,GTAGAGCACTCACTAGAGCC,0,3399046
ssnAp,0.16666666666666666,5,5,GTACTGTACATTCACTTAAT,0,3384388
ssnAp,0.16666666666666666,5,5,GTACGCCCTGCGATGCAAAA,0,3390547
ssnAp,0.16666666666666666,5,5,GTACCAGCTGTTTCATATGG,0,3372373
ssnAp,0.16666666666666666,5,5,GTACATTCGCCTGGCTCTAT,0,3385420
ssnAp,0.16666666666666666,5,5,GTACAAGGATATGCCTAAAT,0,3396425
ssnAp,0.16666666666666666,5,5,GTAAGATTGCTCAGCTACAG,0,3396287
ssnAp,0.16666666666666666,5,5,GTAACCTTTTGGAGGTCGGT,0,3359844
ssnAp,0.16666666666666666,5,5,GTAAAAGTGAACACATGTTA,0,3366306
ssnAp,0.16666666666666666,5,5,GGTTTAACTGAAAGTATTAT,0,3401703
ssnAp,0.16666666666666666,5,5,GGTTGATTCGCAAGAATCCC,0,3373863
ssnAp,0.16666666666666666,5,5,GGTTGACGGTCAGCGCGATG,0,3368169
ssnAp,0.16666666666666666,5,5,GGTTCCACACTCAACGTACA,0,3359326
ssnAp,0.16666666666666666,5,5,GGTGCATGGGGCGCGGTAGT,0,3392192
ssnAp,0.16666666666666666,5,5,GGTCGTGACAAAACCGCCCG,0,3375950
ssnAp,0.16666666666666666,5,5,GGTCCCAAGTAACTGGCGTC,0,3378488
ssnAp,0.16666666666666666,5,5,GGTCCATCTCGAAGTGCACT,0,3383484
ssnAp,0.16666666666666666,5,5,GGTATCAGCACGATGTTGGT,0,3365887
ssnAp,0.16666666666666666,5,5,GGTATACTTATTGCCAGTTG,0,3378574
ssnAp,0.16666666666666666,5,5,GGTACGTAAAAACGAAACAC,0,3397084
ssnAp,0.16666666666666666,5,5,GGTACGGTCACGGCGTGGGA,0,3391905
ssnAp,0.16666666666666666,5,5,GGTACGCTCTATCCATTTGC,0,3398607
ssnAp,0.16666666666666666,5,5,GGTACGAATTGGCGCAGTTG,0,3402424
ssnAp,0.16666666666666666,5,5,GGGTCCGGTTGCCCCGGACC,0,3373089
ssnAp,0.16666666666666666,5,5,GGGTCAGCCCCTCCGATGAG,0,3378286
ssnAp,0.16666666666666666,5,5,GGGTCAAATTGTATATACCG,0,3360313
ssnAp,0.16666666666666666,5,5,GGGGTAACCGCATGATCATA,0,3391007
ssnAp,0.16666666666666666,5,5,GGGGATTCGGTTGTCATAGT,0,3362547
ssnAp,0.16666666666666666,5,5,GGGGACGTTTCCATCAGTCG,0,3368292
ssnAp,0.16666666666666666,5,5,GGGCTGGCCTGATGTTTATT,0,3360208
ssnAp,0.16666666666666666,5,5,GGGCTCCGGTGGTATTGCCC,0,3394227
ssnAp,0.16666666666666666,5,5,GGGCGGCCCATCAACCCATC,0,3383222
ssnAp,0.16666666666666666,5,5,GGGCACTTTTTTTTATCTGC,0,3369645
ssnAp,0.16666666666666666,5,5,GGGCAAACAGAGGTAACGTG,0,3363372
ssnAp,0.16666666666666666,5,5,GGGAGGCATCGGTCTTTTTG,0,3398725
ssnAp,0.16666666666666666,5,5,GGGAATGTGGGTTGCGTCTT,0,3363768
ssnAp,0.16666666666666666,5,5,GGGAAGTACTATACGAGTTC,0,3379361
ssnAp,0.16666666666666666,5,5,GGCTTTGACGAGTTAGAGTG,0,3397339
ssnAp,0.16666666666666666,5,5,GGCTTGTTTGAATTGGTCCG,0,3386998
ssnAp,0.16666666666666666,5,5,GGCTTGCTGTCTGTTCTTTA,0,3370386
ssnAp,0.16666666666666666,5,5,GGCTTCATTTCCGCTTATGA,0,3371308
ssnAp,0.16666666666666666,5,5,GGCTTAATAAATCGCCATGC,0,3381096
ssnAp,0.16666666666666666,5,5,GGCTGTGAGAGAATGATCTT,0,3395708
ssnAp,0.16666666666666666,5,5,GGCTGGCGCTTACCGGGCGT,0,3379721
ssnAp,0.16666666666666666,5,5,GGCTCTTGCGGAGGCCCCCG,0,3392263
ssnAp,0.16666666666666666,5,5,GGCTCGCTGACGGTGACAGG,0,3371958
ssnAp,0.16666666666666666,5,5,GGCTCCGGTGGGAGCAGAAC,0,3400809
ssnAp,0.16666666666666666,5,5,GGCTATATAATTGAGGCGCC,0,3386428
ssnAp,0.16666666666666666,5,5,GGCGTTTCCTGGTCGATTGT,0,3388287
ssnAp,0.16666666666666666,5,5,GGCGGTTTGTGACGCACAGA,0,3388625
ssnAp,0.16666666666666666,5,5,GGCGGACGGGACAGTTAAAG,0,3362663
ssnAp,0.16666666666666666,5,5,GGCCTGGGGGGGCCTCCGTA,0,3374941
ssnAp,0.16666666666666666,5,5,GGCCGACTGTCGTTATTCAA,0,3387248
ssnAp,0.16666666666666666,5,5,GGCCCTAACAAGCTGTTAGT,0,3364119
ssnAp,0.16666666666666666,5,5,GGCCCCCCGGTAGGTTAGAA,0,3363514
ssnAp,0.16666666666666666,5,5,GGCCAGGAGGCTGGAACAAG,0,3388523
ssnAp,0.16666666666666666,5,5,GGCATCAAGCTAAAGGCCGC,0,3360946
ssnAp,0.16666666666666666,5,5,GGCATATTCGTACTCGTTGC,0,3366669
ssnAp,0.16666666666666666,5,5,GGCACCCGCCTCCAGATGCG,0,3368300
ssnAp,0.16666666666666666,5,5,GGATTTAATGAATCTCGTTT,0,3395463
ssnAp,0.16666666666666666,5,5,GGATTATAAGAGTTCCCGTG,0,3402643
ssnAp,0.16666666666666666,5,5,GGATGCGTTAATCATCCTAC,0,3379083
ssnAp,0.16666666666666666,5,5,GGATGACTTACCGTCTCATA,0,3366098
ssnAp,0.16666666666666666,5,5,GGATCTGTTGGCGGGAGAAC,0,3370314
ssnAp,0.16666666666666666,5,5,GGATATCAGTTTTCGCCGGA,0,3396243
ssnAp,0.16666666666666666,5,5,GGATACAATTTGCCGTAACA,0,3398935
ssnAp,0.16666666666666666,5,5,GGAGTTAAGAGCAGGCCGGG,0,3373771
ssnAp,0.16666666666666666,5,5,GGAGTATTACGGCGACACCA,0,3385399
ssnAp,0.16666666666666666,5,5,GGAGTAGAATGTTGGACCTA,0,3395765
ssnAp,0.16666666666666666,5,5,GGAGGTGCCTCTGCGCATAG,0,3401637
ssnAp,0.16666666666666666,5,5,GGAGCCGGTAAGCCCATAAA,0,3398105
ssnAp,0.16666666666666666,5,5,GGAGCCGACACCCTCCGTGT,0,3384416
ssnAp,0.16666666666666666,5,5,GGAGCCCTACAGTTCCTCGT,0,3401625
ssnAp,0.16666666666666666,5,5,GGACCTCTATAGATAACAGG,0,3385085
ssnAp,0.16666666666666666,5,5,GGACAGGTACTTTTTCGAGC,0,3375583
ssnAp,0.16666666666666666,5,5,GGAACTTTTGGTATAAGTTT,0,3378687
ssnAp,0.16666666666666666,5,5,GGAACTATACGTTCGTGCAT,0,3391739
ssnAp,0.16666666666666666,5,5,GGAAACGGAAAGAAGCGTAG,0,3392244
ssnAp,0.16666666666666666,5,5,GCTTTTGTAACATCGCACCT,0,3378432
ssnAp,0.16666666666666666,5,5,GCTTTGGGAGTTTAGAAAAA,0,3381834
ssnAp,0.16666666666666666,5,5,GCTTTGGCAAGTGGGGCCTT,0,3387522
ssnAp,0.16666666666666666,5,5,GCTTGCTTGTGCAAAATCGC,0,3372944
ssnAp,0.16666666666666666,5,5,GCTTGATTACTGGGTCGAAA,0,3397944
ssnAp,0.16666666666666666,5,5,GCTTATTCTAACAGTTGGCT,0,3379592
ssnAp,0.16666666666666666,5,5,GCTTAATGGTCATAGCCTAC,0,3366819
ssnAp,0.16666666666666666,5,5,GCTGTCCATACATACAGTGA,0,3381103
ssnAp,0.16666666666666666,5,5,GCTGGTTCGCTGTCCTAAGC,0,3365889
ssnAp,0.16666666666666666,5,5,GCTGGGGCTTACACGTATTC,0,3383877
ssnAp,0.16666666666666666,5,5,GCTGGAAGTTGTTTCAGTGG,0,3394369
ssnAp,0.16666666666666666,5,5,GCTGATCGCGTCACCCTTTT,0,3364427
ssnAp,0.16666666666666666,5,5,GCTCTGACGCTGCGTGGCCT,0,3389565
ssnAp,0.16666666666666666,5,5,GCTCTCTTTTGTGCCCCCGA,0,3361519
ssnAp,0.16666666666666666,5,5,GCTCTCTCCGGATGTCGAAG,0,3398490
ssnAp,0.16666666666666666,5,5,GCTCTACGCAGGCGCTCCGT,0,3367212
ssnAp,0.16666666666666666,5,5,GCTCGGGTACTAGCCCTCTC,0,3384013
ssnAp,0.16666666666666666,5,5,GCTCGACTCCGATAAACAGC,0,3396613
ssnAp,0.16666666666666666,5,5,GCTACGAGTAAGTGGCAGAA,0,3387011
ssnAp,0.16666666666666666,5,5,GCGTGTAGGGTAAAGTCAGC,0,3394853
ssnAp,0.16666666666666666,5,5,GCGTCTTTAATATTAGAGTG,0,3390446
ssnAp,0.16666666666666666,5,5,GCGTCCCTGGGCCGATCCAT,0,3380214
ssnAp,0.16666666666666666,5,5,GCGGTCGGATGGTAATGATT,0,3402097
ssnAp,0.16666666666666666,5,5,GCGGTACACTCATTGACGAC,0,3385858
ssnAp,0.16666666666666666,5,5,GCGGGGGACGGCCGCTGTTG,0,3383142
ssnAp,0.16666666666666666,5,5,GCGGGGAGCGCGGTAAGCAA,0,3391362
ssnAp,0.16666666666666666,5,5,GCGGCCTGTGGTCAGAGTTG,0,3388647
ssnAp,0.16666666666666666,5,5,GCGGCAGTGGCGGGAAGACC,0,3378278
ssnAp,0.16666666666666666,5,5,GCGGATTCAGAGTGGACGTG,0,3397322
ssnAp,0.16666666666666666,5,5,GCGCGGTAACGCGGGACGAT,0,3394033
ssnAp,0.16666666666666666,5,5,GCGCAGATCTCCAATTACGC,0,3373052
ssnAp,0.16666666666666666,5,5,GCGAAAAACTACCCCGCGCT,0,3401438
ssnAp,0.16666666666666666,5,5,GCCTGTACCTTGGCGTGTGA,0,3402236
ssnAp,0.16666666666666666,5,5,GCCTCCTTAGGCTTCTCTAT,0,3366886
ssnAp,0.16666666666666666,5,5,GCCTCCCCTAGTAGTAAGTG,0,3380513
ssnAp,0.16666666666666666,5,5,GCCGGCATAGGCCCATCTAC,0,3368875
ssnAp,0.16666666666666666,5,5,GCCGCGCTACAGGTCCCTGA,0,3376698
ssnAp,0.16666666666666666,5,5,GCCGATAGGTGGTCTAATGG,0,3392461
ssnAp,0.16666666666666666,5,5,GCCCGCGTCTGATATCGGCA,0,3369425
ssnAp,0.16666666666666666,5,5,GCCCAGCACGGCCCGCCTAC,0,3369422
ssnAp,0.16666666666666666,5,5,GCATCTACGCTCGCTACGTG,0,3365976
ssnAp,0.16666666666666666,5,5,GCAGGGGTTCAAAAGGGGCG,0,3370183
ssnAp,0.16666666666666666,5,5,GCAGGACCTGCCTGGGCTGC,0,3368886
ssnAp,0.16666666666666666,5,5,GCACTCACTTGAGTCATGTC,0,3372822
ssnAp,0.16666666666666666,5,5,GCACTAAAATAACCTGGATT,0,3383881
ssnAp,0.16666666666666666,5,5,GCACGGATTGAGCCGGGCGT,0,3360552
ssnAp,0.16666666666666666,5,5,GCACACCCCGTGCCATATAT,0,3388906
ssnAp,0.16666666666666666,5,5,GCAAGTAATTCACGGTGCCG,0,3387879
ssnAp,0.16666666666666666,5,5,GCAAGAAATAACGTATCTCA,0,3368933
ssnAp,0.16666666666666666,5,5,GCAACGATTGTGGGCACATA,0,3386651
ssnAp,0.16666666666666666,5,5,GATTTTGGGCAGCACTATGC,0,3366171
ssnAp,0.16666666666666666,5,5,GATTGAGGAGGTCTGCCAGA,0,3393876
ssnAp,0.16666666666666666,5,5,GATTCTCTGCGAAGCTAATA,0,3385228
ssnAp,0.16666666666666666,5,5,GATGGCTGTACGGATTACTT,0,3364020
ssnAp,0.16666666666666666,5,5,GATGCGTGACCAATTGAGGG,0,3363678
ssnAp,0.16666666666666666,5,5,GATCGAGGGGAATCCCACCA,0,3378854
ssnAp,0.16666666666666666,5,5,GATATGCATGCTCGGTGCTG,0,3402278
ssnAp,0.16666666666666666,5,5,GATATAGGAAGAAGTTGCCC,0,3360626
ssnAp,0.16666666666666666,5,5,GATAGAGCGACAATCTGACA,0,3380603
ssnAp,0.16666666666666666,5,5,GATAATAACGCTGCTTGCGC,0,3363848
ssnAp,0.16666666666666666,5,5,GAGCTTCAGTCCTGACTAAG,0,3372983
ssnAp,0.16666666666666666,5,5,GAGCGTTCATTCTGTGACTT,0,3388209
ssnAp,0.16666666666666666,5,5,GAGCGGGGCTTCCGGGATTA,0,3377396
ssnAp,0.16666666666666666,5,5,GAGATCGTTTCCAAAGTTGG,0,3399808
ssnAp,0.16666666666666666,5,5,GAGATCAGGAAGAGCTTATT,0,3381562
ssnAp,0.16666666666666666,5,5,GAGAAGATTCTGGGTTTAAC,0,3382489
ssnAp,0.16666666666666666,5,5,GAGAACAGATACACCAGTCT,0,3394836
ssnAp,0.16666666666666666,5,5,GAGAAATGGAGCGTAGTCAA,0,3398876
ssnAp,0.16666666666666666,5,5,GAGAAAGAGAGCCTCATTTA,0,3362553
ssnAp,0.16666666666666666,5,5,GACGTTCCCCCTATCTTGAC,0,3383284
ssnAp,0.16666666666666666,5,5,GACGTCCCCGGGGACCGCAG,0,3374931
ssnAp,0.16666666666666666,5,5,GACGGGGCGCGGTCTTGAGA,0,3367914
ssnAp,0.16666666666666666,5,5,GACGGGCAGAATTCTCAAAG,0,3382039
ssnAp,0.16666666666666666,5,5,GACGACATTCGTGGAAAAAT,0,3378313
ssnAp,0.16666666666666666,5,5,GACCGGGGGTGAGAGTCTGC,0,3364527
ssnAp,0.16666666666666666,5,5,GACCGAAGCGTAGATGTTCT,0,3386972
ssnAp,0.16666666666666666,5,5,GACATTCCAGATTTCCAAGT,0,3376283
ssnAp,0.16666666666666666,5,5,GACATTCACCTCAGACCTTT,0,3362771
ssnAp,0.16666666666666666,5,5,GACACGAACTGACTTTTGCA,0,3373094
ssnAp,0.16666666666666666,5,5,GACACCCGCTCTTATTCCAT,0,3392816
ssnAp,0.16666666666666666,5,5,GAATATCACGGTGCGTAGCT,0,3381786
ssnAp,0.16666666666666666,5,5,GAAGTGTTATAGCCTAGACA,0,3392594
ssnAp,0.16666666666666666,5,5,GAAGTAGAGGGTTCTGATTC,0,3371565
ssnAp,0.16666666666666666,5,5,GAAGGCTATTAACAATCCCG,0,3379826
ssnAp,0.16666666666666666,5,5,GAAGGCCTCCCACGGTTCTG,0,3389314
ssnAp,0.16666666666666666,5,5,GAAGCGCACGTTGACGCCGG,0,3377347
ssnAp,0.16666666666666666,5,5,GAACTGTATAACGGCACAGT,0,3360212
ssnAp,0.16666666666666666,5,5,GAACGACAGGCCGGAACCTT,0,3384230
ssnAp,0.16666666666666666,5,5,GAACCCTAACCTGAGTCTCT,0,3385790
ssnAp,0.16666666666666666,5,5,GAACACGCTACGCCACCCCA,0,3384443
ssnAp,0.16666666666666666,5,5,GAAAGCGTTACACAGATCAA,0,3396627
ssnAp,0.16666666666666666,5,5,CTTTTATAGACCACAGCGAG,0,3402597
ssnAp,0.16666666666666666,5,5,CTTTGAGTACACTACGCTCT,0,3388488
ssnAp,0.16666666666666666,5,5,CTTTAGACCACTGTACCTAC,0,3394842
ssnAp,0.16666666666666666,5,5,CTTGCTACGCGGATGAGATG,0,3377262
ssnAp,0.16666666666666666,5,5,CTTGCGGTTAAATCCGGTAG,0,3367282
ssnAp,0.16666666666666666,5,5,CTTGCGATTTATAGGGTGGC,0,3389711
ssnAp,0.16666666666666666,5,5,CTTGCCAGCTCACACCAACT,0,3363858
ssnAp,0.16666666666666666,5,5,CTTGCATTTTGTGTTGTGGA,0,3385498
ssnAp,0.16666666666666666,5,5,CTTGCAATGGATCGGAAGCG,0,3372948
ssnAp,0.16666666666666666,5,5,CTTGAGGGTTAGGCCTGAAT,0,3364500
ssnAp,0.16666666666666666,5,5,CTTGACTGCGCCAATCCTCT,0,3374442
ssnAp,0.16666666666666666,5,5,CTTGAAACAGATCCTCAATT,0,3370368
ssnAp,0.16666666666666666,5,5,CTTCGTGTCCGCTTGGCTAT,0,3363640
ssnAp,0.16666666666666666,5,5,CTTCGCTATCGGGGGCTTGA,0,3388832
ssnAp,0.16666666666666666,5,5,CTTCGCGTGAATACTGGGGA,0,3399359
ssnAp,0.16666666666666666,5,5,CTTCGAATAGTGCGCTCGTG,0,3361152
ssnAp,0.16666666666666666,5,5,CTTCCCAGTCACTGTAACAG,0,3387073
ssnAp,0.16666666666666666,5,5,CTTCATTATCTACAATTTCC,0,3379338
ssnAp,0.16666666666666666,5,5,CTTCAGTGTGTGAACAGGTC,0,3399391
ssnAp,0.16666666666666666,5,5,CTTCAGTGGAGTTTTCGGGT,0,3366254
ssnAp,0.16666666666666666,5,5,CTTCACTCGGCGGTTGGCAG,0,3383199
ssnAp,0.16666666666666666,5,5,CTTACTTGGCGTTTGTGGGT,0,3365865
ssnAp,0.16666666666666666,5,5,CTTACTAAGAGGCGCGTCTG,0,3376672
ssnAp,0.16666666666666666,5,5,CTTAATCCGTGGACACTGGC,0,3375733
ssnAp,0.16666666666666666,5,5,CTGTGTGAATTTAATCCGGT,0,3397000
ssnAp,0.16666666666666666,5,5,CTGTCGAGATAGTGGTCAGC,0,3380866
ssnAp,0.16666666666666666,5,5,CTGTCATCAATTCTTATGAT,0,3374193
ssnAp,0.16666666666666666,5,5,CTGTCAATCTGAAACGCAAG,0,3375818
ssnAp,0.16666666666666666,5,5,CTGGTCGTCTATTTTCCCCA,0,3402832
ssnAp,0.16666666666666666,5,5,CTGGGAGATCTTAATGACCT,0,3366263
ssnAp,0.16666666666666666,5,5,CTGCTACCTTTCTTGATCTC,0,3373745
ssnAp,0.16666666666666666,5,5,CTGCGGTGGCGCCCGCAGCT,0,3372521
ssnAp,0.16666666666666666,5,5,CTGATGCGCCCGCTCTTCGC,0,3392706
ssnAp,0.16666666666666666,5,5,CTGATAATAGTCGAGAGACG,0,3386455
ssnAp,0.16666666666666666,5,5,CTGAGACACACATTGATGGG,0,3383587
ssnAp,0.16666666666666666,5,5,CTGAGAAGTCACTGGAAGTT,0,3367785
ssnAp,0.16666666666666666,5,5,CTGACCCAAAGTACTGAGCA,0,3371232
ssnAp,0.16666666666666666,5,5,CTGAAACACCGAACGGAAAA,0,3389743
ssnAp,0.16666666666666666,5,5,CTCTTTGGCCCGAACGGGTA,0,3376415
ssnAp,0.16666666666666666,5,5,CTCTTTAGTGCCCTGTCATG,0,3396180
ssnAp,0.16666666666666666,5,5,CTCTCCGGTTAAAACACCAG,0,3365173
ssnAp,0.16666666666666666,5,5,CTCTCCGCACATCTGATTCT,0,3366008
ssnAp,0.16666666666666666,5,5,CTCGTGGATCTCTGTGTTTA,0,3378797
ssnAp,0.16666666666666666,5,5,CTCGGGCAGAATGGATTACT,0,3396280
ssnAp,0.16666666666666666,5,5,CTCGATGACGGCTCGGGAGT,0,3360639
ssnAp,0.16666666666666666,5,5,CTCGAGGAGGCAAAGCTTAA,0,3385450
ssnAp,0.16666666666666666,5,5,CTCCTATCGGCGCATAACGT,0,3373228
ssnAp,0.16666666666666666,5,5,CTCCCGTTAGGCTGGCCGGG,0,3388460
ssnAp,0.16666666666666666,5,5,CTCCCCGATATTCAAGGGGC,0,3367229
ssnAp,0.16666666666666666,5,5,CTCCATATTGCAGTATTTGC,0,3368663
ssnAp,0.16666666666666666,5,5,CTCATATTAGGGCATTGCCA,0,3373647
ssnAp,0.16666666666666666,5,5,CTCAGGCACATATAAAAACA,0,3400443
ssnAp,0.16666666666666666,5,5,CTCACTTACACTGGACCCTA,0,3387068
ssnAp,0.16666666666666666,5,5,CTATTATACCAATAAATGTG,0,3395512
ssnAp,0.16666666666666666,5,5,CTATGTGTCAATGAAAGTAG,0,3366780
ssnAp,0.16666666666666666,5,5,CTATGCGTATAAGGTAGGGA,0,3396980
ssnAp,0.16666666666666666,5,5,CTATGAGTTGTCGGTGTACA,0,3383891
ssnAp,0.16666666666666666,5,5,CTATGACTTGACCAGAGCGA,0,3398711
ssnAp,0.16666666666666666,5,5,CTATCCTTGATTCACTTAGA,0,3369460
ssnAp,0.16666666666666666,5,5,CTATATTATCTCACTCCTCC,0,3391749
ssnAp,0.16666666666666666,5,5,CTAGTTAAACTGACCTTAGT,0,3370943
ssnAp,0.16666666666666666,5,5,CTAGTCACGTGCAGCACACA,0,3401909
ssnAp,0.16666666666666666,5,5,CTAGCTGACAATGGCTAAGA,0,3366956
ssnAp,0.16666666666666666,5,5,CTAGATTGGTGCCGAATACA,0,3399439
ssnAp,0.16666666666666666,5,5,CTACTGCTTGCGGTGTACGC,0,3392343
ssnAp,0.16666666666666666,5,5,CTACTATCACACTTATGTAA,0,3370317
ssnAp,0.16666666666666666,5,5,CTACAGAACGACCTGCTGGG,0,3385493
ssnAp,0.16666666666666666,5,5,CTAAGGCGAGTGTTTCAGAC,0,3371532
ssnAp,0.16666666666666666,5,5,CTAAGAAGCGTGAGCAGCTC,0,3375049
ssnAp,0.16666666666666666,5,5,CTAAATAGTATGGCTTACGA,0,3402703
ssnAp,0.16666666666666666,5,5,CTAAACGAGATTCTTAAGAG,0,3364681
ssnAp,0.16666666666666666,5,5,CTAAAACAACCCGCTCCGAT,0,3378761
ssnAp,0.16666666666666666,5,5,CGTTTCAGAGCAGCTTTTAT,0,3379574
ssnAp,0.16666666666666666,5,5,CGTTGCGAGCGCCCCGGGGT,0,3370517
ssnAp,0.16666666666666666,5,5,CGTTAGATCCAATTGTTAAT,0,3396400
ssnAp,0.16666666666666666,5,5,CGTGGAGGCCTTTAGGTATT,0,3376349
ssnAp,0.16666666666666666,5,5,CGTGCCGTCACTTAGTCCAA,0,3374424
ssnAp,0.16666666666666666,5,5,CGTCTACCAGATTGATCTAA,0,3372566
ssnAp,0.16666666666666666,5,5,CGTCATCAATGGGATGTCAT,0,3365717
ssnAp,0.16666666666666666,5,5,CGTAGCCGCTATAACTTCGT,0,3378038
ssnAp,0.16666666666666666,5,5,CGTAAGGCTTCCACATCACC,0,3381208
ssnAp,0.16666666666666666,5,5,CGGTTGGTAACAGTCTTGGC,0,3372918
ssnAp,0.16666666666666666,5,5,CGGTGTCATGGTAATACAGG,0,3402374
ssnAp,0.16666666666666666,5,5,CGGTGGCTACATGCTTTCGT,0,3374523
ssnAp,0.16666666666666666,5,5,CGGTCTATGCGGCGTAAGCA,0,3382257
ssnAp,0.16666666666666666,5,5,CGGTCTAGTTCGGTTTAGCT,0,3364724
ssnAp,0.16666666666666666,5,5,CGGTCACAATTATATTCAAT,0,3389009
ssnAp,0.16666666666666666,5,5,CGGTATCGAGAACGCATTAA,0,3400346
ssnAp,0.16666666666666666,5,5,CGGTACCCACACTCACCCCC,0,3364807
ssnAp,0.16666666666666666,5,5,CGGTAAGTGGATTTTCGACT,0,3373834
ssnAp,0.16666666666666666,5,5,CGGGTAGCCAGGTATACGGA,0,3397783
ssnAp,0.16666666666666666,5,5,CGGGGTATGGCGCCACATGA,0,3395500
ssnAp,0.16666666666666666,5,5,CGGGGGGTTTTGACTATGGC,0,3375613
ssnAp,0.16666666666666666,5,5,CGGGGCGTCAGGGCGAGCTG,0,3376027
ssnAp,0.16666666666666666,5,5,CGGGCTTGTATCCAGGAGAA,0,3361792
ssnAp,0.16666666666666666,5,5,CGGGACTGTCGGGACTCATA,0,3365457
ssnAp,0.16666666666666666,5,5,CGGGAAACGACCTTTTGTAG,0,3362490
ssnAp,0.16666666666666666,5,5,CGGCTTGACCGTCCGTCATC,0,3367060
ssnAp,0.16666666666666666,5,5,CGGCTGCGTGCATAAGGATT,0,3389538
ssnAp,0.16666666666666666,5,5,CGGCTGCGCGACGGGATGCA,0,3387611
ssnAp,0.16666666666666666,5,5,CGGCGCTGACCGTTTCGGTA,0,3382469
ssnAp,0.16666666666666666,5,5,CGGCGCTACCATCTTATGTG,0,3395278
ssnAp,0.16666666666666666,5,5,CGGCCCGATAACATCAGTCT,0,3399114
ssnAp,0.16666666666666666,5,5,CGGATATGACGTAGGGGTGA,0,3359880
ssnAp,0.16666666666666666,5,5,CGCTTTCACCCCGCATATCT,0,3391657
ssnAp,0.16666666666666666,5,5,CGCTCCCGAACCACCCGTCT,0,3369940
ssnAp,0.16666666666666666,5,5,CGCTAGGTAAGGCGTCCTGG,0,3361631
ssnAp,0.16666666666666666,5,5,CGCGGCGCTGTGGGGCTACT,0,3402220
ssnAp,0.16666666666666666,5,5,CGCGAAGGTTTGCCCTATTC,0,3402733
ssnAp,0.16666666666666666,5,5,CGCCGTCTTCTTATCGTTGC,0,3400175
ssnAp,0.16666666666666666,5,5,CGCCCTAAGTGAATACTTGA,0,3366892
ssnAp,0.16666666666666666,5,5,CGCCCGGAATACTTTTATTT,0,3382285
ssnAp,0.16666666666666666,5,5,CGCCCATACGGTAAAGTTCA,0,3379420
ssnAp,0.16666666666666666,5,5,CGCCAAATGATTGGGGTGGA,0,3367507
ssnAp,0.16666666666666666,5,5,CGCATTGTCACTGCCCAGAC,0,3387719
ssnAp,0.16666666666666666,5,5,CGCATAATCTGAGGTACATG,0,3362288
ssnAp,0.16666666666666666,5,5,CGCAGCCGACGGACGCTTAT,0,3398386
ssnAp,0.16666666666666666,5,5,CGCAAAACACCGCTGGCAGA,0,3384632
ssnAp,0.16666666666666666,5,5,CGAGTTCTCGTATGGTTGGC,0,3369373
ssnAp,0.16666666666666666,5,5,CGAGTTAGGTCGTGGACGAT,0,3380227
ssnAp,0.16666666666666666,5,5,CGAGGGGACCAGCCTTACAA,0,3390365
ssnAp,0.16666666666666666,5,5,CGAGGACAAGATCCTCGGTT,0,3361516
ssnAp,0.16666666666666666,5,5,CGAGGAAGAAACGGAGGGAT,0,3385218
ssnAp,0.16666666666666666,5,5,CGAGCGAGGCTGACGTTTGT,0,3395133
ssnAp,0.16666666666666666,5,5,CGACCCAATTGAATAGAATG,0,3364142
ssnAp,0.16666666666666666,5,5,CGACATGCAAGTGAGTCTTT,0,3399638
ssnAp,0.16666666666666666,5,5,CGACAATCGGGGCGTTATGG,0,3393207
ssnAp,0.16666666666666666,5,5,CGAAGTGAATCCGTTATTAT,0,3368873
ssnAp,0.16666666666666666,5,5,CGAAGCTCGTCCATAGCGTG,0,3365912
ssnAp,0.16666666666666666,5,5,CGAACCCCGCCGAACTCCAA,0,3398007
ssnAp,0.16666666666666666,5,5,CCTTTTCTCCTGGCTAAAGT,0,3397779
ssnAp,0.16666666666666666,5,5,CCTTTATCCTTGGCCAGTTA,0,3382192
ssnAp,0.16666666666666666,5,5,CCTTGGGTTGCTGAGAACTC,0,3372849
ssnAp,0.16666666666666666,5,5,CCTTCCAAGGTTCCAAGTTC,0,3384481
ssnAp,0.16666666666666666,5,5,CCTGGTTAGCAGATCTAAGT,0,3360321
ssnAp,0.16666666666666666,5,5,CCTGCCATTTCGGTCGGGGA,0,3384661
ssnAp,0.16666666666666666,5,5,CCTGCATCGGGGAAAGTGAA,0,3377119
ssnAp,0.16666666666666666,5,5,CCTGATAACCCGCAAAACAT,0,3369987
ssnAp,0.16666666666666666,5,5,CCTCATTAAGTCGTGCCCAT,0,3375686
ssnAp,0.16666666666666666,5,5,CCTCAGTGGTTGGTAAGAGA,0,3391757
ssnAp,0.16666666666666666,5,5,CCTCACCTACTTAGATTCAC,0,3386974
ssnAp,0.16666666666666666,5,5,CCTACTTCACACCAAGTTGG,0,3388034
ssnAp,0.16666666666666666,5,5,CCTAACAACCCTTGGCCATT,0,3388001
ssnAp,0.16666666666666666,5,5,CCGTTGACTTATTAACGACG,0,3372159
ssnAp,0.16666666666666666,5,5,CCGTTCAGTAAGCGCATAGT,0,3367909
ssnAp,0.16666666666666666,5,5,CCGTGATACTACTAGCCCAT,0,3387047
ssnAp,0.16666666666666666,5,5,CCGTCTTAACATAAATAAGA,0,3394719
ssnAp,0.16666666666666666,5,5,CCGGTTGCCGTCAGTTGACA,0,3381684
ssnAp,0.16666666666666666,5,5,CCGCGTCGTAGTTATGAAGA,0,3371675
ssnAp,0.16666666666666666,5,5,CCGCGAATTGTGTCTTTCCT,0,3363150
ssnAp,0.16666666666666666,5,5,CCGCATGATAGAATGTTTAT,0,3401575
ssnAp,0.16666666666666666,5,5,CCGCACACCCCGTAAAGGCA,0,3393445
ssnAp,0.16666666666666666,5,5,CCGATTTCCTTACAGAGTGT,0,3372454
ssnAp,0.16666666666666666,5,5,CCGAACTCCTCAGAATGTAG,0,3381496
ssnAp,0.16666666666666666,5,5,CCCTTGCTTTATATCCCGCA,0,3383720
ssnAp,0.16666666666666666,5,5,CCCGTTAAGGATGAGCCAAC,0,3391006
ssnAp,0.16666666666666666,5,5,CCCGAGAAAGAGTCGGGGAT,0,3402377
ssnAp,0.16666666666666666,5,5,CCCGAAAAAGTTAACAATTC,0,3379949
ssnAp,0.16666666666666666,5,5,CCCCTTTTATCTATCGACGG,0,3362761
ssnAp,0.16666666666666666,5,5,CCCCGTGATTCAGGGGATGG,0,3396133
ssnAp,0.16666666666666666,5,5,CCCCGCGAATTGTGCTAAGA,0,3381332
ssnAp,0.16666666666666666,5,5,CCCCGACAAGTAACCATTTG,0,3383203
ssnAp,0.16666666666666666,5,5,CCCCCGAACTAGATGCGATT,0,3398035
ssnAp,0.16666666666666666,5,5,CCCCAGACACGCTAAGACTC,0,3363021
ssnAp,0.16666666666666666,5,5,CCCCACCGCACCTCAGGCGA,0,3398777
ssnAp,0.16666666666666666,5,5,CCCCAAAGGACGGTGCCCGT,0,3392157
ssnAp,0.16666666666666666,5,5,CCATTTGTATTGCAGTTCTG,0,3371384
ssnAp,0.16666666666666666,5,5,CCATTTGGCTAGTGGGCTCC,0,3396727
ssnAp,0.16666666666666666,5,5,CCATTCATACAGTCTCATCA,0,3380189
ssnAp,0.16666666666666666,5,5,CCATCTGGGAAGTTTTCTCC,0,3396402
ssnAp,0.16666666666666666,5,5,CCATCTCATGCGGCTACTGG,0,3385957
ssnAp,0.16666666666666666,5,5,CCATATGATTCTTATCGGGG,0,3360810
ssnAp,0.16666666666666666,5,5,CCAGGGCGAATCCCTAGGCA,0,3384587
ssnAp,0.16666666666666666,5,5,CCAGGCCAGGTGGAGCGACT,0,3390272
ssnAp,0.16666666666666666,5,5,CCAGAGTGAGGCCATGCCAT,0,3395790
ssnAp,0.16666666666666666,5,5,CCACTTGAGTGCACGAACAT,0,3392494
ssnAp,0.16666666666666666,5,5,CCACGTTTCCGGATGGCAGT,0,3362868
ssnAp,0.16666666666666666,5,5,CCACGTCCCATCGCACTGTT,0,3375076
ssnAp,0.16666666666666666,5,5,CCACATAGGGATGTGTAGGG,0,3379265
ssnAp,0.16666666666666666,5,5,CATTTTAAGGTTTTGCCCTT,0,3380492
ssnAp,0.16666666666666666,5,5,CATTTATCAATTGGAGGCCC,0,3382221
ssnAp,0.16666666666666666,5,5,CATTGAGCCGGCCCTGGTAC,0,3392919
ssnAp,0.16666666666666666,5,5,CATTCTTGACGCCTAGTTTA,0,3379388
ssnAp,0.16666666666666666,5,5,CATTCGGGTGCGGCGGGGAT,0,3386353
ssnAp,0.16666666666666666,5,5,CATTAATGGCCACTTAAAAT,0,3369440
ssnAp,0.16666666666666666,5,5,CATCTTGTCCTCGCTCGTGT,0,3397706
ssnAp,0.16666666666666666,5,5,CATCTGAACAGGGCTTGATC,0,3394129
ssnAp,0.16666666666666666,5,5,CATCGTCCTTTCCGCCACTG,0,3366641
ssnAp,0.16666666666666666,5,5,CATCGGGCCGCTGATATCAT,0,3396605
ssnAp,0.16666666666666666,5,5,CATCCTACTGTAGCTGTCGG,0,3394702
ssnAp,0.16666666666666666,5,5,CATATGGGAAGCAACCGAAG,0,3398309
ssnAp,0.16666666666666666,5,5,CATATGAACTACGCTGTCAC,0,3397386
ssnAp,0.16666666666666666,5,5,CATAGTAGAGTTCCGTTGAG,0,3368596
ssnAp,0.16666666666666666,5,5,CATACTGGTTCAGGTCCCGC,0,3398900
ssnAp,0.16666666666666666,5,5,CATAAAAGACAGGCAGTAAC,0,3362508
ssnAp,0.16666666666666666,5,5,CAGTTTCCCGCCCATACAGC,0,3368153
ssnAp,0.16666666666666666,5,5,CAGTTCAGGACACCCCATGG,0,3382440
ssnAp,0.16666666666666666,5,5,CAGTGGCCCTTGACGGGTAG,0,3370301
ssnAp,0.16666666666666666,5,5,CAGTGCGCGACGGATATTAA,0,3388492
ssnAp,0.16666666666666666,5,5,CAGTCGGATACTTATGCTTA,0,3387341
ssnAp,0.16666666666666666,5,5,CAGTAGGCTGGCCAACGGGA,0,3374846
ssnAp,0.16666666666666666,5,5,CAGTAGCGCGGAATTTTTTT,0,3394617
ssnAp,0.16666666666666666,5,5,CAGGCTTTCTATGCAACTAT,0,3397670
ssnAp,0.16666666666666666,5,5,CAGGCGGCATTTGAGCCAGG,0,3386786
ssnAp,0.16666666666666666,5,5,CAGGACTGTGGTCGGAGCCA,0,3378335
ssnAp,0.16666666666666666,5,5,CAGCCGACACGGTTTCCTTC,0,3380085
ssnAp,0.16666666666666666,5,5,CAGCCGAAAGTGACTTACCA,0,3397617
ssnAp,0.16666666666666666,5,5,CAGATCAGGCTGTTCGTAGG,0,3381775
ssnAp,0.16666666666666666,5,5,CAGATCACCCAGTCAGTAGA,0,3381686
ssnAp,0.16666666666666666,5,5,CAGACGCGCGCGCAGGTACG,0,3395826
ssnAp,0.16666666666666666,5,5,CAGACCTACGGATGAGCCTA,0,3369819
ssnAp,0.16666666666666666,5,5,CAGAATCTCCGTAACTAGGG,0,3376435
ssnAp,0.16666666666666666,5,5,CAGAAACTGTATCAGAGCCA,0,3386424
ssnAp,0.16666666666666666,5,5,CAGAAAACAAAATAGTTCGA,0,3384069
ssnAp,0.16666666666666666,5,5,CACTTCAGTCGCAGACAGCC,0,3384829
ssnAp,0.16666666666666666,5,5,CACGGGCTCCGCGATCTTGC,0,3399392
ssnAp,0.16666666666666666,5,5,CACCTAGATTTTCCCCATTA,0,3368974
ssnAp,0.16666666666666666,5,5,CACCGTTCTCAACTATAGGG,0,3390445
ssnAp,0.16666666666666666,5,5,CACCGTCCTCGGTCTGCGAT,0,3379711
ssnAp,0.16666666666666666,5,5,CACCAGAGGGTCGGAAACAC,0,3384999
ssnAp,0.16666666666666666,5,5,CACAGTTGTCCAGGTTAAAG,0,3383381
ssnAp,0.16666666666666666,5,5,CAATTCTTCCGGACGTCGAA,0,3364459
ssnAp,0.16666666666666666,5,5,CAATTCTGCCGGCTACGGTC,0,3385529
ssnAp,0.16666666666666666,5,5,CAATGCTTTGCAAGGAAACC,0,3368727
ssnAp,0.16666666666666666,5,5,CAATGCGCCTATAGCTTGTA,0,3365651
ssnAp,0.16666666666666666,5,5,CAATACAATGTTCGTCATAA,0,3380249
ssnAp,0.16666666666666666,5,5,CAAGTGTGGGATTACGGTAT,0,3375112
ssnAp,0.16666666666666666,5,5,CAAGTGTATCCGGAGTTTAT,0,3389733
ssnAp,0.16666666666666666,5,5,CAAGTGAGAGATTATGGCCT,0,3396496
ssnAp,0.16666666666666666,5,5,CAAGTACCGCGCCGTCGGAA,0,3376601
ssnAp,0.16666666666666666,5,5,CAAGCTACCTCGGGGCGCCA,0,3394444
ssnAp,0.16666666666666666,5,5,CAAGCAAAGGCGTGTAAATA,0,3385255
ssnAp,0.16666666666666666,5,5,CAACCGCCAAAAGGCTTCAG,0,3399101
ssnAp,0.16666666666666666,5,5,CAAAGGCGGACCGCCCTGTT,0,3366339
ssnAp,0.16666666666666666,5,5,CAAACCCTCATCTTCCCAAT,0,3372865
ssnAp,0.16666666666666666,5,5,ATTTCTTAGGGCTGAAACCA,0,3384178
ssnAp,0.16666666666666666,5,5,ATTGTAGTAAACAAGAGTCC,0,3380124
ssnAp,0.16666666666666666,5,5,ATTGCTCAAAATACGGGGAC,0,3379644
ssnAp,0.16666666666666666,5,5,ATTGCATGCCGCCCTCAGGA,0,3359573
ssnAp,0.16666666666666666,5,5,ATTGAGCACTCGGACCGTAG,0,3393320
ssnAp,0.16666666666666666,5,5,ATTCGTGATGTGAGGGCATT,0,3394398
ssnAp,0.16666666666666666,5,5,ATTCGAAAATGGAAACCTCT,0,3362787
ssnAp,0.16666666666666666,5,5,ATTCCAATGGCCTACATATA,0,3379236
ssnAp,0.16666666666666666,5,5,ATTCCAACCTGGGACTATCA,0,3391382
ssnAp,0.16666666666666666,5,5,ATTAATTTATAGCTCTGGTG,0,3359610
ssnAp,0.16666666666666666,5,5,ATTAATAGTCCACACTAGAG,0,3359579
ssnAp,0.16666666666666666,5,5,ATGTTATTCTCTTTCCCGGA,0,3370307
ssnAp,0.16666666666666666,5,5,ATGTGTAGAGTGAGCGAGTA,0,3372005
ssnAp,0.16666666666666666,5,5,ATGTAGGGGGCGGAACGTCG,0,3393385
ssnAp,0.16666666666666666,5,5,ATGTAAATTGCGTATCTTGC,0,3362539
ssnAp,0.16666666666666666,5,5,ATGGTAGGGTCCTACAGAGC,0,3369162
ssnAp,0.16666666666666666,5,5,ATGGGTCAGGAATGGGCGTA,0,3366544
ssnAp,0.16666666666666666,5,5,ATGGGTACTCAGTTCCCTCG,0,3386993
ssnAp,0.16666666666666666,5,5,ATGCGGTGATTTGTTTTGGC,0,3386813
ssnAp,0.16666666666666666,5,5,ATGCGCTAGGTAAAAAACAA,0,3388057
ssnAp,0.16666666666666666,5,5,ATGCGACAAGATGGTTACGG,0,3381768
ssnAp,0.16666666666666666,5,5,ATGATCGTGGAGTTTTCGCT,0,3379576
ssnAp,0.16666666666666666,5,5,ATGAGGCACGCTGTAGCTCG,0,3397736
ssnAp,0.16666666666666666,5,5,ATGACCTGATCCCTCTTTGA,0,3377979
ssnAp,0.16666666666666666,5,5,ATGACCCCTCCAGAGCTAGT,0,3402752
ssnAp,0.16666666666666666,5,5,ATCTTCCATGTGTCTTTGAC,0,3377793
ssnAp,0.16666666666666666,5,5,ATCTCTACGCAATCCTCACG,0,3363982
ssnAp,0.16666666666666666,5,5,ATCTCACCTAACTACGATCC,0,3361234
ssnAp,0.16666666666666666,5,5,ATCTAGAGATGAGATGTCCC,0,3373159
ssnAp,0.16666666666666666,5,5,ATCGTGCTCTCGCATCAAGT,0,3385726
ssnAp,0.16666666666666666,5,5,ATCGTCCTCCGAATCCGGTT,0,3391778
ssnAp,0.16666666666666666,5,5,ATCGTAACGACTAACTGTCT,0,3364348
ssnAp,0.16666666666666666,5,5,ATCGCAGAGAATGCTTGGAA,0,3365056
ssnAp,0.16666666666666666,5,5,ATCGATTAACGAGCCGCATT,0,3375098
ssnAp,0.16666666666666666,5,5,ATCGAGTCATCATCGGATCT,0,3392667
ssnAp,0.16666666666666666,5,5,ATCGAAGCCTGCCGGGGGTT,0,3402731
ssnAp,0.16666666666666666,5,5,ATCCTGTAGATAGTACAATA,0,3386519
ssnAp,0.16666666666666666,5,5,ATCCCAATCTCCGTAATACG,0,3370455
ssnAp,0.16666666666666666,5,5,ATCCAGCACAAGCCGACTTG,0,3373528
ssnAp,0.16666666666666666,5,5,ATCATTCGATTTAAGCAACA,0,3389944
ssnAp,0.16666666666666666,5,5,ATCATCCGTTTATCTTTTTA,0,3393251
ssnAp,0.16666666666666666,5,5,ATCAGTACAAGACTCCATGT,0,3362439
ssnAp,0.16666666666666666,5,5,ATCACCCCATAAAACTTCTA,0,3361848
ssnAp,0.16666666666666666,5,5,ATCAATATAGGGTGCTCAAT,0,3359417
ssnAp,0.16666666666666666,5,5,ATATGCCCCGGTCCTGCTTA,0,3367338
ssnAp,0.16666666666666666,5,5,ATATCTGATATTTTTCTGAG,0,3386545
ssnAp,0.16666666666666666,5,5,ATATCCCGCTAGAAAGTTAT,0,3400017
ssnAp,0.16666666666666666,5,5,ATAGTTAGAGAGAGCATCCT,0,3362642
ssnAp,0.16666666666666666,5,5,ATAGTGCTGGCAGCCTTTAT,0,3370215
ssnAp,0.16666666666666666,5,5,ATAGTAGCGTGCGGCGGCGA,0,3370231
ssnAp,0.16666666666666666,5,5,ATAGGGTCGAGTTTACCTCC,0,3400311
ssnAp,0.16666666666666666,5,5,ATAGAGTTAACCGGTCCCAT,0,3398077
ssnAp,0.16666666666666666,5,5,ATACGGCCGGTCTCGTTAGT,0,3368147
ssnAp,0.16666666666666666,5,5,ATACCGGGTTAGGCCAAAAA,0,3376299
ssnAp,0.16666666666666666,5,5,ATAATTGTCCCGAAAATATA,0,3376866
ssnAp,0.16666666666666666,5,5,ATAAGGACAAAGAACAGGTT,0,3390642
ssnAp,0.16666666666666666,5,5,ATAAGCCATTAGAGATACAT,0,3375225
ssnAp,0.16666666666666666,5,5,ATAAGAGCATTGCGGGCTTA,0,3399331
ssnAp,0.16666666666666666,5,5,AGTTTCGAGACCTATCATAA,0,3365725
ssnAp,0.16666666666666666,5,5,AGTTGTGTGGAGATGAGTAC,0,3385504
ssnAp,0.16666666666666666,5,5,AGTTGTCCGCAGTAATAACT,0,3383936
ssnAp,0.16666666666666666,5,5,AGTTGACACTCGTTCTCGGT,0,3379503
ssnAp,0.16666666666666666,5,5,AGTTCTAAACCTCTCTAGGA,0,3364826
ssnAp,0.16666666666666666,5,5,AGTTCGGTTACTCGTCCCGA,0,3398060
ssnAp,0.16666666666666666,5,5,AGTTCCGGACAGTCACAAGC,0,3359491
ssnAp,0.16666666666666666,5,5,AGTGTCGTCATTGCGCTACT,0,3395791
ssnAp,0.16666666666666666,5,5,AGTGATCACTATGGATAAGA,0,3384734
ssnAp,0.16666666666666666,5,5,AGTGAAATCGCTCTTCTCCC,0,3367757
ssnAp,0.16666666666666666,5,5,AGTCTGTACACTCGATCACA,0,3385953
ssnAp,0.16666666666666666,5,5,AGTCTGGTGGAAATGCCGTC,0,3386518
ssnAp,0.16666666666666666,5,5,AGTCGCACTGAGCGGTGGGT,0,3374131
ssnAp,0.16666666666666666,5,5,AGTCAAGAACCAGGCTCAGG,0,3377028
ssnAp,0.16666666666666666,5,5,AGGTTTCTTGCAGCATGTCC,0,3375003
ssnAp,0.16666666666666666,5,5,AGGTTATTAATCTACTGCTC,0,3374485
ssnAp,0.16666666666666666,5,5,AGGTTAACACAGTCATCGCT,0,3383795
ssnAp,0.16666666666666666,5,5,AGGTCTGCAGGCAGCTGGAG,0,3395947
ssnAp,0.16666666666666666,5,5,AGGTACCAGAGTTTAGGGTC,0,3384363
ssnAp,0.16666666666666666,5,5,AGGGTGCCGAAGATTGCATA,0,3382729
ssnAp,0.16666666666666666,5,5,AGGGTGATGGTCCTCAGATT,0,3388605
ssnAp,0.16666666666666666,5,5,AGGGGCACACCCCTGCAAGG,0,3382365
ssnAp,0.16666666666666666,5,5,AGGGGATCCCAGCCGCGCAT,0,3372511
ssnAp,0.16666666666666666,5,5,AGGGCCAAGAGTAGGGGCAG,0,3372938
ssnAp,0.16666666666666666,5,5,AGGGATCGCGCTGTTTCGTC,0,3378961
ssnAp,0.16666666666666666,5,5,AGGGAGTCTAATCGGCAAGT,0,3386736
ssnAp,0.16666666666666666,5,5,AGGCTTTGGTAGACGATATT,0,3384863
ssnAp,0.16666666666666666,5,5,AGGCTCGCGGCCTGACCTTG,0,3377547
ssnAp,0.16666666666666666,5,5,AGGCGTCTAATTGCGTTGAC,0,3393929
ssnAp,0.16666666666666666,5,5,AGGCGCGTCTTCGTGCGGCT,0,3370622
ssnAp,0.16666666666666666,5,5,AGGCGATCATCCGTCATGTC,0,3398928
ssnAp,0.16666666666666666,5,5,AGGCCGAGCTTCGGCGTCAA,0,3375341
ssnAp,0.16666666666666666,5,5,AGGCCAGGAACACCCGCTGG,0,3400286
ssnAp,0.16666666666666666,5,5,AGGATGATGCAGTCTGCTTG,0,3391903
ssnAp,0.16666666666666666,5,5,AGCTTTTCAACCCGTTCGAC,0,3369260
ssnAp,0.16666666666666666,5,5,AGCTGTGCTAACCAGCTAGT,0,3384280
ssnAp,0.16666666666666666,5,5,AGCTGTACAATTCTCCCACT,0,3374927
ssnAp,0.16666666666666666,5,5,AGCTCATGCTCTGTCCAAGA,0,3364476
ssnAp,0.16666666666666666,5,5,AGCTAGCGCGCGTATTGCAG,0,3392221
ssnAp,0.16666666666666666,5,5,AGCGGTCCTGTCTACAGGTT,0,3382732
ssnAp,0.16666666666666666,5,5,AGCGGCTTCGTCGAGATGGG,0,3364539
ssnAp,0.16666666666666666,5,5,AGCCTTAGAACAGCCGATGC,0,3363286
ssnAp,0.16666666666666666,5,5,AGCCCGGCACAGAGATCACC,0,3395643
ssnAp,0.16666666666666666,5,5,AGCATTTTGACATCCTCTGG,0,3371583
ssnAp,0.16666666666666666,5,5,AGCATGTCTTTCTCTACGGA,0,3391426
ssnAp,0.16666666666666666,5,5,AGATTCTGACCGCGCTCCCC,0,3368624
ssnAp,0.16666666666666666,5,5,AGAGTTGAGGCCGTGAGCAA,0,3366633
ssnAp,0.16666666666666666,5,5,AGAGTAGTCATAATAGGGTT,0,3398933
ssnAp,0.16666666666666666,5,5,AGAGTAATCAGGAGGTCGGT,0,3376592
ssnAp,0.16666666666666666,5,5,AGAGGTTGGATAAAAAGCAT,0,3392795
ssnAp,0.16666666666666666,5,5,AGAGGGCTGGTCATGATAAT,0,3381693
ssnAp,0.16666666666666666,5,5,AGACTATGTCACAGTTCCTG,0,3380082
ssnAp,0.16666666666666666,5,5,AGACGGCCGTCCGAAGGGTG,0,3363592
ssnAp,0.16666666666666666,5,5,AGACCCCGAAATTTTATCCT,0,3362012
ssnAp,0.16666666666666666,5,5,AGACATTAAGTGGGCCAGGC,0,3362220
ssnAp,0.16666666666666666,5,5,AGACATGTATTACTGTGAAG,0,3370255
ssnAp,0.16666666666666666,5,5,AGACATCGGTCCTTTGGTTT,0,3394724
ssnAp,0.16666666666666666,5,5,AGACACAATTTTGTAAGTCT,0,3361008
ssnAp,0.16666666666666666,5,5,AGAATGTATGTCATGCCGGT,0,3402309
ssnAp,0.16666666666666666,5,5,AGAAGCGAGAGCGCATACCA,0,3398478
ssnAp,0.16666666666666666,5,5,AGAAGATTAACAACATACTC,0,3385205
ssnAp,0.16666666666666666,5,5,AGAACGCCAGGCGTTTCGGA,0,3390372
ssnAp,0.16666666666666666,5,5,ACTTTTATATAGAGGCGGCG,0,3388103
ssnAp,0.16666666666666666,5,5,ACTTCCACGAAGGATCATAG,0,3380351
ssnAp,0.16666666666666666,5,5,ACTGTAGAAACCTGTGCATG,0,3398639
ssnAp,0.16666666666666666,5,5,ACTGGACTAAATTGGGGGTT,0,3388599
ssnAp,0.16666666666666666,5,5,ACTGCGCTTGGGCCGGACAC,0,3363486
ssnAp,0.16666666666666666,5,5,ACTGCCCGGGATGCATTGGA,0,3365002
ssnAp,0.16666666666666666,5,5,ACTGCATAATAGGCGGATAC,0,3374879
ssnAp,0.16666666666666666,5,5,ACTGAAGTCCCCCGAAGGGC,0,3394790
ssnAp,0.16666666666666666,5,5,ACTCCACAGACCCTGACACC,0,3364230
ssnAp,0.16666666666666666,5,5,ACTCAACGTGATTCTGGACC,0,3384099
ssnAp,0.16666666666666666,5,5,ACTCAAAGTCTTGAGATTAG,0,3364108
ssnAp,0.16666666666666666,5,5,ACTAGGTGTCCTAGGCTTCC,0,3387380
ssnAp,0.16666666666666666,5,5,ACTAGCTACTGTCGAGTTCA,0,3397362
ssnAp,0.16666666666666666,5,5,ACTAAGGAACAGCTCAGGTG,0,3394350
ssnAp,0.16666666666666666,5,5,ACGTTATAGCGTAAGACCGT,0,3381027
ssnAp,0.16666666666666666,5,5,ACGTAAGTGGAATCGGCTTG,0,3391695
ssnAp,0.16666666666666666,5,5,ACGGTACACTTTGAGATTCG,0,3391443
ssnAp,0.16666666666666666,5,5,ACGGGTCTGGCATTTCGCTC,0,3394018
ssnAp,0.16666666666666666,5,5,ACGGGTCGCCACAACTACGT,0,3401435
ssnAp,0.16666666666666666,5,5,ACGGGCAACACAGAGAGGCA,0,3370681
ssnAp,0.16666666666666666,5,5,ACGCTGCAAGGCCTTGCCGT,0,3378186
ssnAp,0.16666666666666666,5,5,ACGCATACCCAAATTGGGTC,0,3393993
ssnAp,0.16666666666666666,5,5,ACGATCAGCTAGCGGTGGAA,0,3368591
ssnAp,0.16666666666666666,5,5,ACGAGGCTTTTGCACGAGAT,0,3401604
ssnAp,0.16666666666666666,5,5,ACGAGAGCACAAATAAAGAC,0,3385830
ssnAp,0.16666666666666666,5,5,ACGAAAGCAGAAACTTCCGG,0,3401789
ssnAp,0.16666666666666666,5,5,ACCTTGGTAACAGCCTTTCT,0,3367474
ssnAp,0.16666666666666666,5,5,ACCTTGCGCACTTTTACACA,0,3365856
ssnAp,0.16666666666666666,5,5,ACCTATCCTAAATGTAACTA,0,3367594
ssnAp,0.16666666666666666,5,5,ACCTAGCCGGGAAGGACACT,0,3361837
ssnAp,0.16666666666666666,5,5,ACCTAAGAATTTATAGTATA,0,3366377
ssnAp,0.16666666666666666,5,5,ACCGGTCATACCCCAATGGA,0,3391249
ssnAp,0.16666666666666666,5,5,ACCGCGTGTGGTAATACAGC,0,3399346
ssnAp,0.16666666666666666,5,5,ACCGCCTGGCCTACGCAGGA,0,3374110
ssnAp,0.16666666666666666,5,5,ACCGCCGACTTCAACCGTTA,0,3374040
ssnAp,0.16666666666666666,5,5,ACCGAACGTACTGTGGGCGT,0,3363773
ssnAp,0.16666666666666666,5,5,ACCCTTTCAGCTACTGGAGG,0,3387332
ssnAp,0.16666666666666666,5,5,ACCCTCCTTTCCGCTTTGGT,0,3363254
ssnAp,0.16666666666666666,5,5,ACCCGTGGCCATGCTGGTGG,0,3401151
ssnAp,0.16666666666666666,5,5,ACCCCTCGGGTCCTGAAATC,0,3395963
ssnAp,0.16666666666666666,5,5,ACCCCGCAGGTGGGTCATCG,0,3362810
ssnAp,0.16666666666666666,5,5,ACCCATCCGCCTAGTACTTT,0,3378733
ssnAp,0.16666666666666666,5,5,ACCCAAGCTGAGTCCAAAAG,0,3364063
ssnAp,0.16666666666666666,5,5,ACCATCATTCTGTGAGCCCC,0,3393439
ssnAp,0.16666666666666666,5,5,ACCATAGTAGGGGTTGCATA,0,3385780
ssnAp,0.16666666666666666,5,5,ACATGGTGTGCTTTTCCTTG,0,3402917
ssnAp,0.16666666666666666,5,5,ACATGAAGCTCCGGGGTTAA,0,3371095
ssnAp,0.16666666666666666,5,5,ACATATTAATGCGGCTTCCC,0,3375623
ssnAp,0.16666666666666666,5,5,ACATACTGTCGAGTCTGAAG,0,3363288
ssnAp,0.16666666666666666,5,5,ACATACTACTTAAGTGAAAC,0,3393224
ssnAp,0.16666666666666666,5,5,ACAGTCAAGTACGCATGCCC,0,3366530
ssnAp,0.16666666666666666,5,5,ACAGGCTGATGACATGCGGT,0,3391687
ssnAp,0.16666666666666666,5,5,ACAGGAGGGGGATAAACCGG,0,3391259
ssnAp,0.16666666666666666,5,5,ACAGGAATGGTGCAGGTTGA,0,3382412
ssnAp,0.16666666666666666,5,5,ACAGGAACGAAAGTAAAGCG,0,3361777
ssnAp,0.16666666666666666,5,5,ACAGCAGAGTATCGTTACGA,0,3402254
ssnAp,0.16666666666666666,5,5,ACAGAACAGGCTACATTTGG,0,3392673
ssnAp,0.16666666666666666,5,5,ACACTTTTCTCGTCTGCTCC,0,3373926
ssnAp,0.16666666666666666,5,5,ACACTTGGGTGACAGGTATT,0,3361565
ssnAp,0.16666666666666666,5,5,ACACTGGTAGTAATGGCAAA,0,3402612
ssnAp,0.16666666666666666,5,5,ACACCGGTGTACGTTGTAAA,0,3372708
ssnAp,0.16666666666666666,5,5,ACAATCGACAGATCTTTGTC,0,3390750
ssnAp,0.16666666666666666,5,5,AATTCTGGGCTGGTGTGCTC,0,3369720
ssnAp,0.16666666666666666,5,5,AATTCTCTGAACGTTTAATT,0,3362767
ssnAp,0.16666666666666666,5,5,AATTCCTACGTTACCTTTTC,0,3398516
ssnAp,0.16666666666666666,5,5,AATTAACCTGTTCCCGTTTT,0,3373101
ssnAp,0.16666666666666666,5,5,AATGTGTATGTCAGTTTAGT,0,3368419
ssnAp,0.16666666666666666,5,5,AATGTCGTTTATCCTATGTG,0,3400579
ssnAp,0.16666666666666666,5,5,AATGTATTTCTGCGTGTTGG,0,3393513
ssnAp,0.16666666666666666,5,5,AATGGGGAACAGAGTACAGG,0,3399032
ssnAp,0.16666666666666666,5,5,AATGGCAAGCTAAATTCCAT,0,3384137
ssnAp,0.16666666666666666,5,5,AATCTCAGATACCACATGTC,0,3363633
ssnAp,0.16666666666666666,5,5,AATCTATCCGCTATAGTTCT,0,3389043
ssnAp,0.16666666666666666,5,5,AATCGTTGAAAGGCCTGCTC,0,3368621
ssnAp,0.16666666666666666,5,5,AATCGGATCTACATTGAGGA,0,3364901
ssnAp,0.16666666666666666,5,5,AATCACAATCGCGTACTTGA,0,3382514
ssnAp,0.16666666666666666,5,5,AATATTGCCGGATTTCCACT,0,3360553
ssnAp,0.16666666666666666,5,5,AATAGGACAGTGTCGAAAAG,0,3388591
ssnAp,0.16666666666666666,5,5,AATACGATGGATCTCCTTTG,0,3398205
ssnAp,0.16666666666666666,5,5,AAGTTGAGAGGTAGTGTCAG,0,3365920
ssnAp,0.16666666666666666,5,5,AAGTCTACGCAAGTTGAGCA,0,3400705
ssnAp,0.16666666666666666,5,5,AAGTCCTCCTACTACGATAA,0,3363232
ssnAp,0.16666666666666666,5,5,AAGTAAGTACTCAGCAGTTT,0,3365358
ssnAp,0.16666666666666666,5,5,AAGGTAGCGTCATATGCTCA,0,3401815
ssnAp,0.16666666666666666,5,5,AAGGGGGATATAGTCGCAGC,0,3401329
ssnAp,0.16666666666666666,5,5,AAGCTAGAACCACGGCGTTC,0,3370723
ssnAp,0.16666666666666666,5,5,AAGCGCGGTTGCGTTTAGGT,0,3375629
ssnAp,0.16666666666666666,5,5,AAGCCTAGCCATTGAATTGC,0,3394826
ssnAp,0.16666666666666666,5,5,AAGCCCGGGTGCAAAGTTAG,0,3386112
ssnAp,0.16666666666666666,5,5,AAGATACTCCGAATTGTGCA,0,3383124
ssnAp,0.16666666666666666,5,5,AAGATAATGTTGCTAAGAAT,0,3383456
ssnAp,0.16666666666666666,5,5,AAGAGGTTCACCGAAAACTA,0,3400762
ssnAp,0.16666666666666666,5,5,AACTTTTAGGTCAGTAATTT,0,3371573
ssnAp,0.16666666666666666,5,5,AACTCTTTCAACCAATGCTG,0,3376149
ssnAp,0.16666666666666666,5,5,AACGTCTTATTCCCCTACTC,0,3376294
ssnAp,0.16666666666666666,5,5,AACGTAATATGCCACGCGTC,0,3380614
ssnAp,0.16666666666666666,5,5,AACGAGGTCCGCTGTACCGA,0,3374688
ssnAp,0.16666666666666666,5,5,AACCGGGTATCTCTAGGCCT,0,3365697
ssnAp,0.16666666666666666,5,5,AACCGAGGTCACAGTCGAAT,0,3391417
ssnAp,0.16666666666666666,5,5,AACAAAAAAGGGTTTCATTG,0,3396199
ssnAp,0.16666666666666666,5,5,AAATTCCGAAGTCTACTTTT,0,3365850
ssnAp,0.16666666666666666,5,5,AAATCCTTTGATGGGATCGT,0,3364228
ssnAp,0.16666666666666666,5,5,AAATATGATGCCCCATTCCG,0,3399827
ssnAp,0.16666666666666666,5,5,AAAGCGTTGGTATGATGCAG,0,3394531
ssnAp,0.16666666666666666,5,5,AAAGCGCCTTACCCTCTACA,0,3359934
ssnAp,0.16666666666666666,5,5,AAAGATAGTCGCTACATAAG,0,3371443
ssnAp,0.16666666666666666,5,5,AAACCACTCCGTAAGATTAT,0,3384378
ssnAp,0.16666666666666666,5,5,AAAATGGTTCTAACACTCAT,0,3393930
ssnAp,0.16666666666666666,5,5,AAAATGGGATAGACTCACTA,0,3387441
ssnAp,0.16666666666666666,5,5,AAAATACCATAGAGATGTTG,0,3396513
ssnAp,0.16666666666666666,5,5,AAAAGGGCCGCTGGTGCGAA,0,3375943
ssnAp,0.16666666666666666,5,5,AAAACCCGCAGCCCGGGTAT,0,3382736
ssnAp,0.2,4,4,TTTTTGATCGCGACATATAT,0,3373829
ssnAp,0.2,4,4,TTTTTAGAATGCTTTTGTAT,0,3371850
ssnAp,0.2,4,4,TTTTCTGTGCTAAGACGCAT,0,3397366
ssnAp,0.2,4,4,TTTTAGGCAGAGGTGTGAGT,0,3374330
ssnAp,0.2,4,4,TTTTACATTAGGTGCTGTGT,0,3382426
ssnAp,0.2,4,4,TTTTAATTCGCAGTGCGTAC,0,3391603
ssnAp,0.2,4,4,TTTGGGTTGCTTTTGGCGGT,0,3388521
ssnAp,0.2,4,4,TTTGGCTTTAAGCGTACCGG,0,3373098
ssnAp,0.2,4,4,TTTGGCTTGCAACTTACTGT,0,3372956
ssnAp,0.2,4,4,TTTGGCTTCGCTTCGAGCTG,0,3392994
ssnAp,0.2,4,4,TTTGCGACAATGTACCGGGG,0,3362217
ssnAp,0.2,4,4,TTTGCCTAATTACGCACCCA,0,3376123
ssnAp,0.2,4,4,TTTGATCGTGTCCAACGAAG,0,3400744
ssnAp,0.2,4,4,TTTGAGTGACCTTAGTTTGC,0,3395491
ssnAp,0.2,4,4,TTTCGGGCCGCAATTTCGGC,0,3375214
ssnAp,0.2,4,4,TTTCCGCAATGATAAATCCG,0,3401113
ssnAp,0.2,4,4,TTTCCCACTGTATGGGGACG,0,3391471
ssnAp,0.2,4,4,TTTCATAGTCTCGCGTTGCA,0,3388618
ssnAp,0.2,4,4,TTTATGCGTTTAAGGGCTGA,0,3390198
ssnAp,0.2,4,4,TTTAACCGTGAGACTAGCGT,0,3367756
ssnAp,0.2,4,4,TTGTGCACCGTTATTTTTTG,0,3382935
ssnAp,0.2,4,4,TTGTAATCTAAGGCAGATTT,0,3367858
ssnAp,0.2,4,4,TTGGTGAACGTTTTCGTGGT,0,3366893
ssnAp,0.2,4,4,TTGGGGGACATGAGGCTAGT,0,3397534
ssnAp,0.2,4,4,TTGGGCCTAGGAGACACCGC,0,3371987
ssnAp,0.2,4,4,TTGGCGTCCCGGATCTATCC,0,3372199
ssnAp,0.2,4,4,TTGGCAGAAGTGGTGCGGTC,0,3384470
ssnAp,0.2,4,4,TTGCTTCCCGTCTAGGAGGA,0,3387286
ssnAp,0.2,4,4,TTGCGTTGTACAATTTAATT,0,3393661
ssnAp,0.2,4,4,TTGCGTCGATTTCGTGAAGC,0,3368711
ssnAp,0.2,4,4,TTGCGCGGCCGAAGTTTTAT,0,3400790
ssnAp,0.2,4,4,TTGCACGGCCGGGTACTCGG,0,3381696
ssnAp,0.2,4,4,TTGCAATCCCTCACATCTTC,0,3394041
ssnAp,0.2,4,4,TTGCAACGCTTTATAAGTCG,0,3392790
ssnAp,0.2,4,4,TTGATTGCACTTGAGGCAAA,0,3402740
ssnAp,0.2,4,4,TTGACTGTTCCCTTGCTTCG,0,3370235
ssnAp,0.2,4,4,TTGACGACTAACCATTATGC,0,3370739
ssnAp,0.2,4,4,TTGAATCGCGTTGGACCCCA,0,3361261
ssnAp,0.2,4,4,TTGAAAAGCAGCCTTAGGTC,0,3362988
ssnAp,0.2,4,4,TTCTTTAGCTCGGCACCAGG,0,3401035
ssnAp,0.2,4,4,TTCTGTATACGTTCTCTTTG,0,3380620
ssnAp,0.2,4,4,TTCTCTCTGGCTCGGCCGAC,0,3373524
ssnAp,0.2,4,4,TTCTCGGCTATCGACGAAGG,0,3388536
ssnAp,0.2,4,4,TTCGCTGCATCTTCGCAGAG,0,3366537
ssnAp,0.2,4,4,TTCGCTAGAATCGCAAAGTT,0,3385321
ssnAp,0.2,4,4,TTCGCGACTGAGTGAGCAAA,0,3400782
ssnAp,0.2,4,4,TTCGCCTTCGCAACCACTCT,0,3392127
ssnAp,0.2,4,4,TTCGATGAGAGTGTTCTGGT,0,3387354
ssnAp,0.2,4,4,TTCGATCAACTCGTGGACTC,0,3377204
ssnAp,0.2,4,4,TTCCTTTCGGGTGCGTTGCA,0,3400667
ssnAp,0.2,4,4,TTCCGGTTGCCTGCACATAA,0,3361340
ssnAp,0.2,4,4,TTCCCTCGATGTAGCTTGAA,0,3376976
ssnAp,0.2,4,4,TTCCCCACGATTCTCGTCGT,0,3396146
ssnAp,0.2,4,4,TTCCAAGGCTAGGTGGGAAA,0,3374037
ssnAp,0.2,4,4,TTCCAAAGAACCTACACCAA,0,3378482
ssnAp,0.2,4,4,TTCAGGATAAACGTCGAAAA,0,3362064
ssnAp,0.2,4,4,TTCAGAGCATGTTATGACCG,0,3402645
ssnAp,0.2,4,4,TTATTGCTGACCTCCCACTT,0,3377318
ssnAp,0.2,4,4,TTATGTAGATTGGAGGTCAC,0,3384196
ssnAp,0.2,4,4,TTATGGAGATCTAGCCATGG,0,3374186
ssnAp,0.2,4,4,TTATAGCCTCTGTGCAATTC,0,3363569
ssnAp,0.2,4,4,TTATACTGGTCGGTTTCCAC,0,3389846
ssnAp,0.2,4,4,TTAGTTTTTGACCAGCCCCC,0,3365490
ssnAp,0.2,4,4,TTAGTGTTAGTACGCTGGGG,0,3381978
ssnAp,0.2,4,4,TTAGCGGTCAACAGTTTCTG,0,3377667
ssnAp,0.2,4,4,TTAGCCAAACTTCCACCGAC,0,3387239
ssnAp,0.2,4,4,TTAGATCAGGACTCGGGGAT,0,3376195
ssnAp,0.2,4,4,TTAGAGAGGCTTGTGCAGAA,0,3391696
ssnAp,0.2,4,4,TTAGAAGAGTGTGGGAGGTG,0,3373839
ssnAp,0.2,4,4,TTACGGGATATCGCTCATTA,0,3366673
ssnAp,0.2,4,4,TTAACTGGTTGGTACCCGTC,0,3393889
ssnAp,0.2,4,4,TTAAAGTTAGGCGTCTGGTG,0,3400423
ssnAp,0.2,4,4,TTAAAAGTCAATCTGCATAA,0,3396873
ssnAp,0.2,4,4,TGTTTCCTCCGGGACCGGTG,0,3366273
ssnAp,0.2,4,4,TGTTGTTAGTATAGTCCATG,0,3367009
ssnAp,0.2,4,4,TGTTGGCTCCTAAGGATATA,0,3361991
ssnAp,0.2,4,4,TGTTGAGGAGCCGTCAGTGT,0,3393211
ssnAp,0.2,4,4,TGTTCTATGATCGATACTGT,0,3361379
ssnAp,0.2,4,4,TGTTCGTTATTCAACACAGC,0,3363023
ssnAp,0.2,4,4,TGTTCGACAGAGTTAATAGT,0,3362284
ssnAp,0.2,4,4,TGTGTTTTAAGGCCGGGGCT,0,3384787
ssnAp,0.2,4,4,TGTCTTCAGCGGTCGGTATG,0,3372829
ssnAp,0.2,4,4,TGTCTCAGAAAGGCAGGTTG,0,3384227
ssnAp,0.2,4,4,TGTCGGTAAGTCTGAAATCC,0,3397324
ssnAp,0.2,4,4,TGTCGCGACTGTTTTGATTA,0,3392590
ssnAp,0.2,4,4,TGTATCAACTGTGCACGCCA,0,3385118
ssnAp,0.2,4,4,TGTAGATAGGGTCACTTTAC,0,3377469
ssnAp,0.2,4,4,TGTAATTCGCTGCTGCATGG,0,3393643
ssnAp,0.2,4,4,TGTAATTCCCGGCCATAGGT,0,3371774
ssnAp,0.2,4,4,TGTAAGACGGCCCATTACCC,0,3369136
ssnAp,0.2,4,4,TGGTTGTGCGGGTCTTTGCG,0,3368279
ssnAp,0.2,4,4,TGGTGCGCCTGGTATAATTA,0,3375196
ssnAp,0.2,4,4,TGGTATTGCTGCGTGTTTCA,0,3371886
ssnAp,0.2,4,4,TGGTACATATAGAGCGCACA,0,3396923
ssnAp,0.2,4,4,TGGGTATTGGACACCCTTGA,0,3394532
ssnAp,0.2,4,4,TGGGGCATGTCGCAGGGCGA,0,3401578
ssnAp,0.2,4,4,TGGGCCACGTCTGGTTCTGC,0,3388609
ssnAp,0.2,4,4,TGGGCATTCTTTGAAACTCA,0,3366246
ssnAp,0.2,4,4,TGGGATATTTTATTTTGCAA,0,3366741
ssnAp,0.2,4,4,TGGCTGCCTCGACACCTTCG,0,3372541
ssnAp,0.2,4,4,TGGCGGCTGGATTTACGACT,0,3369582
ssnAp,0.2,4,4,TGGCGCGAGACGGGTGATTG,0,3376673
ssnAp,0.2,4,4,TGGCATACGTTCTTTGATTA,0,3385040
ssnAp,0.2,4,4,TGGATACCTACGGACGGCGC,0,3364680
ssnAp,0.2,4,4,TGGACGTTTCGCCTTAGTAC,0,3361552
ssnAp,0.2,4,4,TGGACATTGATCGGCGCGCC,0,3387782
ssnAp,0.2,4,4,TGCTGCTAGGCAATCAACGC,0,3393834
ssnAp,0.2,4,4,TGCGTGGAGATGTGCGATTC,0,3383597
ssnAp,0.2,4,4,TGCGTGACAGCTTCTTGCAA,0,3363364
ssnAp,0.2,4,4,TGCGGTCAACAAGGGGAGTT,0,3371238
ssnAp,0.2,4,4,TGCGCTAGTATCCGCGGACA,0,3374944
ssnAp,0.2,4,4,TGCCGTGAGCAAGATGTATC,0,3394508
ssnAp,0.2,4,4,TGCCATGGAGAATTTCGGTC,0,3382865
ssnAp,0.2,4,4,TGCAGGGTTATCATTCCGGT,0,3399858
ssnAp,0.2,4,4,TGCACTGACTAAGCCCAAGA,0,3379615
ssnAp,0.2,4,4,TGCACGTGAGTCATCCTCTT,0,3368924
ssnAp,0.2,4,4,TGATTGAAGAAGCTGGTGAA,0,3384837
ssnAp,0.2,4,4,TGATCCTATGTCTTAGGAAA,0,3371214
ssnAp,0.2,4,4,TGATATTACGCTCGATTAAT,0,3374940
ssnAp,0.2,4,4,TGAGTTCGCGGAGTGTATTA,0,3381192
ssnAp,0.2,4,4,TGAGCTTGAGTCCTCTAGGT,0,3379787
ssnAp,0.2,4,4,TGAGAAGTCTCGTGCCGAGC,0,3378285
ssnAp,0.2,4,4,TGACGGCGTACGTAGTAGCC,0,3371482
ssnAp,0.2,4,4,TGACGCCCCATAGCCTTTAG,0,3385910
ssnAp,0.2,4,4,TGACGAAAATCTCGTGTAGA,0,3379367
ssnAp,0.2,4,4,TGAATTTCGGGGTAAAACGG,0,3363823
ssnAp,0.2,4,4,TGAAGCGAGTGATAACATCC,0,3374420
ssnAp,0.2,4,4,TGAACGTTGAGATGGGGTAA,0,3368009
ssnAp,0.2,4,4,TGAACCTAGTGGGGCAATAG,0,3380095
ssnAp,0.2,4,4,TCTTGTACCTACCCCAGCGA,0,3366919
ssnAp,0.2,4,4,TCTTGCGTGAAGGATTCGCT,0,3369873
ssnAp,0.2,4,4,TCTGTTCGCGGTACACCAGT,0,3359373
ssnAp,0.2,4,4,TCTGTATCGGTGACTCGGGA,0,3359883
ssnAp,0.2,4,4,TCTGGTCCTTGGATATTGTT,0,3392500
ssnAp,0.2,4,4,TCTGGGCACGTACGTTTCCA,0,3372710
ssnAp,0.2,4,4,TCTGAATCGGGCCATTCGTG,0,3376543
ssnAp,0.2,4,4,TCTGAAATCTTACCATGACA,0,3397205
ssnAp,0.2,4,4,TCTCTCACGGTGCTATGGTT,0,3396808
ssnAp,0.2,4,4,TCTCGAATGATACTCAGGAG,0,3372687
ssnAp,0.2,4,4,TCTCCAGCGAACATCTACAC,0,3397728
ssnAp,0.2,4,4,TCTCATTACCCTAAGCGTTA,0,3374066
ssnAp,0.2,4,4,TCTCAGGTATGAATCGCGCC,0,3399874
ssnAp,0.2,4,4,TCTCAACACGGGGTGGACCT,0,3377019
ssnAp,0.2,4,4,TCTAGGACACTATAATAAAT,0,3365008
ssnAp,0.2,4,4,TCTACGTGGGTGTGTGCTAA,0,3388924
ssnAp,0.2,4,4,TCTACGCATCTTCGCGACAC,0,3391555
ssnAp,0.2,4,4,TCTACAGTCGAGCTGTTTTC,0,3385526
ssnAp,0.2,4,4,TCTAAGCCAACATTTAAGGC,0,3371490
ssnAp,0.2,4,4,TCTAACAACCTTCGACGGTT,0,3370119
ssnAp,0.2,4,4,TCGTTCCTATCTTCGACAGG,0,3362748
ssnAp,0.2,4,4,TCGTTAGACCCCTTCCGCTC,0,3379226
ssnAp,0.2,4,4,TCGTTACGCCTCGCTCGGCT,0,3383266
ssnAp,0.2,4,4,TCGTGACGAGACGACGGTGA,0,3370240
ssnAp,0.2,4,4,TCGTAACTGTGTCCGACTCG,0,3375987
ssnAp,0.2,4,4,TCGGCCCACAGCGAGAAAGG,0,3378007
ssnAp,0.2,4,4,TCGGCACAGGCATGACTCTT,0,3382604
ssnAp,0.2,4,4,TCGGACTGCGTGCGGATCCG,0,3401874
ssnAp,0.2,4,4,TCGGACCGGGCCATAAAAAC,0,3398773
ssnAp,0.2,4,4,TCGCTAGTTTCCGAGTTTTG,0,3370283
ssnAp,0.2,4,4,TCGCGCCAGTTTTTGCGATT,0,3366889
ssnAp,0.2,4,4,TCGCCCGGTAGCGTATGAAA,0,3369741
ssnAp,0.2,4,4,TCGCAGCCTGAACCGTCATC,0,3363766
ssnAp,0.2,4,4,TCGATTCTATTCGCCTTTAA,0,3395088
ssnAp,0.2,4,4,TCGAGTGTAGTTGTTAGTAA,0,3369001
ssnAp,0.2,4,4,TCGAGTACGCGAACGAGAAA,0,3397298
ssnAp,0.2,4,4,TCGAGGTGGTATCGATTTCC,0,3382371
ssnAp,0.2,4,4,TCGACGTGTTGACAGCTGAT,0,3400000
ssnAp,0.2,4,4,TCCTTCCTAGCATTGCGTGC,0,3365408
ssnAp,0.2,4,4,TCCGGTATGGGGCTTACGCA,0,3361226
ssnAp,0.2,4,4,TCCGCCCCATGTCAATTTGT,0,3363608
ssnAp,0.2,4,4,TCCGCATTCATCAATAGCGT,0,3384728
ssnAp,0.2,4,4,TCCCGCACTTAATAGGAATG,0,3397676
ssnAp,0.2,4,4,TCCCCCCATCGTTCGCGATT,0,3363714
ssnAp,0.2,4,4,TCCCAGACAGTGGGGTAGTG,0,3363619
ssnAp,0.2,4,4,TCCCACAGGGTTACGTCCTT,0,3362379
ssnAp,0.2,4,4,TCCATTTTAACGCGCGTGAG,0,3369813
ssnAp,0.2,4,4,TCCATTGACGGCAGATGGCG,0,3372091
ssnAp,0.2,4,4,TCCATCAAGTGGGCTGGAGA,0,3396701
ssnAp,0.2,4,4,TCCACTGTGCTCAACCCCAC,0,3382354
ssnAp,0.2,4,4,TCATTTCGTAGTGATTACAA,0,3379947
ssnAp,0.2,4,4,TCATTCACTGGACAGGGCCT,0,3376614
ssnAp,0.2,4,4,TCATGGTACGTGTCTCTTGT,0,3383577
ssnAp,0.2,4,4,TCATGCTCGCCAGTAGACGA,0,3399080
ssnAp,0.2,4,4,TCATCATTCGACGACGAAAA,0,3372274
ssnAp,0.2,4,4,TCATCATCTCAATTCCGTCG,0,3386139
ssnAp,0.2,4,4,TCATCAATGGGGCTTACTAT,0,3362759
ssnAp,0.2,4,4,TCATAGCGGCTGTACGGTTG,0,3395185
ssnAp,0.2,4,4,TCAGTGGGTTTTCTCGCATT,0,3371781
ssnAp,0.2,4,4,TCAGGGCATAAGTGAGTCAT,0,3396731
ssnAp,0.2,4,4,TCAGCGGGATCGTGTCGGCT,0,3383986
ssnAp,0.2,4,4,TCAGCCCCCCGACCACGGCA,0,3363386
ssnAp,0.2,4,4,TCAGCACTTGTGGTCACCGC,0,3367423
ssnAp,0.2,4,4,TCAGCAAATGGGACTGTGCG,0,3392880
ssnAp,0.2,4,4,TCAGATAGCAGGCCCATTAG,0,3368536
ssnAp,0.2,4,4,TCAGACTCGGACGCACAGAC,0,3382679
ssnAp,0.2,4,4,TCACGTAAGGGGGCTCTTAC,0,3377875
ssnAp,0.2,4,4,TCACGCTTCGTTTACTTCTC,0,3372124
ssnAp,0.2,4,4,TCACCTATGCATCACCCCTT,0,3402786
ssnAp,0.2,4,4,TCACCAGAACTGGAGCTTAG,0,3394513
ssnAp,0.2,4,4,TCAAGTTCGGCACGGCTGCC,0,3378826
ssnAp,0.2,4,4,TCAACGGGTACCCAATCAGG,0,3399224
ssnAp,0.2,4,4,TCAAAGCCAACCTGCTACCA,0,3393141
ssnAp,0.2,4,4,TCAAAAGCTCGGTCAGCCAC,0,3368965
ssnAp,0.2,4,4,TATTTGGTCACGATCTTGTG,0,3379746
ssnAp,0.2,4,4,TATTTCTCCGCCCGTTAAAC,0,3395406
ssnAp,0.2,4,4,TATTTAATCGCGAACAGTGA,0,3370650
ssnAp,0.2,4,4,TATTGGCCGAGAATCTTGCT,0,3380276
ssnAp,0.2,4,4,TATTGAACATCAAAGCAGAG,0,3389293
ssnAp,0.2,4,4,TATTCGTCAGTGCGTACTTT,0,3393247
ssnAp,0.2,4,4,TATTCCAAAAACGACTCATC,0,3374115
ssnAp,0.2,4,4,TATGGGATACTCATTTATGG,0,3400491
ssnAp,0.2,4,4,TATGGCTGGGGGGCCGGTCG,0,3361241
ssnAp,0.2,4,4,TATGGAAATATCGTTTAATT,0,3400299
ssnAp,0.2,4,4,TATGATTTCATGGCTGTCAC,0,3382013
ssnAp,0.2,4,4,TATGATGTAACGTTCGAGGT,0,3368374
ssnAp,0.2,4,4,TATCTAGGCTGCTCCACAGA,0,3388717
ssnAp,0.2,4,4,TATCGGCAGTTCCCTATTAT,0,3392940
ssnAp,0.2,4,4,TATCCCTCGCCAATAAAGCC,0,3371848
ssnAp,0.2,4,4,TATAGCCTCTTACTCTGAAT,0,3382098
ssnAp,0.2,4,4,TATACAGGCCGGAGGGAACT,0,3378357
ssnAp,0.2,4,4,TATAATTGATTTGATCGTCA,0,3401510
ssnAp,0.2,4,4,TATAAGTGATGGTGGGAGCG,0,3377948
ssnAp,0.2,4,4,TAGTTGAGATTTTTCTCACA,0,3365065
ssnAp,0.2,4,4,TAGTTACCGGAGCCCGCCGC,0,3374597
ssnAp,0.2,4,4,TAGGGGACAGTTCACAGATA,0,3385697
ssnAp,0.2,4,4,TAGCTATGAGCGGTCGTGGT,0,3386298
ssnAp,0.2,4,4,TAGCTACATTTAGTTCTCGG,0,3380196
ssnAp,0.2,4,4,TAGCGTGAATCGATGGTGCC,0,3387606
ssnAp,0.2,4,4,TAGCGTACATTCACATCGGT,0,3370267
ssnAp,0.2,4,4,TAGCGGAACCTTTGATAAGC,0,3368833
ssnAp,0.2,4,4,TAGACCGCTGTGGTCTAAGG,0,3364414
ssnAp,0.2,4,4,TAGACACTGTTAACCAGGAC,0,3393019
ssnAp,0.2,4,4,TAGAATGGTGATCCGTCACT,0,3374296
ssnAp,0.2,4,4,TACTAAGCCTGAGACCTGTG,0,3367804
ssnAp,0.2,4,4,TACGTTAGCCAGGCTTGCGC,0,3368632
ssnAp,0.2,4,4,TACGGTCTGGTCGAGGCCCT,0,3363890
ssnAp,0.2,4,4,TACGACCGCGTCGATCTTGA,0,3364451
ssnAp,0.2,4,4,TACCTCTGATGCAGATCGCC,0,3380902
ssnAp,0.2,4,4,TACCTCAGCATCCCAAAGTT,0,3387828
ssnAp,0.2,4,4,TACCGGTAGGATGGCCACCT,0,3388095
ssnAp,0.2,4,4,TACCCAGTTCTAGTTCTACA,0,3394868
ssnAp,0.2,4,4,TACAGGCGAAAGTCAACTCA,0,3394748
ssnAp,0.2,4,4,TACACTTTACCTTTTCGCTT,0,3373695
ssnAp,0.2,4,4,TACACTCCACTACACAGGAT,0,3385514
ssnAp,0.2,4,4,TACACCACCTACCCGCTTAA,0,3380583
ssnAp,0.2,4,4,TACAATAAGGTCGGGACCAC,0,3369333
ssnAp,0.2,4,4,TAATGCTTGAAGTGAGGTCA,0,3401672
ssnAp,0.2,4,4,TAATCACAAATCACTTTGTT,0,3369574
ssnAp,0.2,4,4,TAATAGACGGTGTAGCCTTT,0,3382872
ssnAp,0.2,4,4,TAAGTTCTCAAGGTATCAGT,0,3359221
ssnAp,0.2,4,4,TAAGTGGCACACTCGAGGAG,0,3401137
ssnAp,0.2,4,4,TAAGTGAGTACGCGCCGTAG,0,3376013
ssnAp,0.2,4,4,TAAGTCAATCATCCACTGCT,0,3381028
ssnAp,0.2,4,4,TAAGCCCCGGGACGCGGCGC,0,3380345
ssnAp,0.2,4,4,TAAGAAGGTACCAAAGAAAA,0,3401755
ssnAp,0.2,4,4,TAACTGGTGATCAATGCGAC,0,3363143
ssnAp,0.2,4,4,TAACTGCTTGGTTCGGGATA,0,3388592
ssnAp,0.2,4,4,TAACGCTCGAAGGTAGAATA,0,3361803
ssnAp,0.2,4,4,TAACCAGTAGCCGGCTGTCT,0,3361517
ssnAp,0.2,4,4,TAAATTATGAATTCCTATAG,0,3390241
ssnAp,0.2,4,4,TAAAGCTTGCGTACGGATCA,0,3361452
ssnAp,0.2,4,4,TAAACTGGTGAAGGCGCCTC,0,3373433
ssnAp,0.2,4,4,TAAACGGATAAGGAAGGGTA,0,3390909
ssnAp,0.2,4,4,TAAACATAAGTGGATTCTCA,0,3394166
ssnAp,0.2,4,4,GTTTTTCTCGGTGCAGAATC,0,3401468
ssnAp,0.2,4,4,GTTTCGGATTGAAGAGAGTT,0,3377440
ssnAp,0.2,4,4,GTTGTGAGCCTTCGGGCACT,0,3382107
ssnAp,0.2,4,4,GTTGAGGTGACGTGTAATTA,0,3398702
ssnAp,0.2,4,4,GTTCGTCATGAGTTGGCGGA,0,3361238
ssnAp,0.2,4,4,GTTCGTCACAAGTCGCGCTG,0,3396755
ssnAp,0.2,4,4,GTTCGGTGTAATAGTGGCTA,0,3359681
ssnAp,0.2,4,4,GTTATTAGGAAGAGCATCAC,0,3373532
ssnAp,0.2,4,4,GTTAGCAACGGGGGAGATGA,0,3392524
ssnAp,0.2,4,4,GTTAATACTCGTTTACTCAT,0,3386467
ssnAp,0.2,4,4,GTTAATACTAGATTGGTGGG,0,3365691
ssnAp,0.2,4,4,GTTAAAAGGCGGGATACCGG,0,3398519
ssnAp,0.2,4,4,GTTAAAAGACTGTGGTGTGG,0,3379825
ssnAp,0.2,4,4,GTGTTAGGGAACGGTGGACC,0,3396712
ssnAp,0.2,4,4,GTGTGTGGAAGTGCCGTCCA,0,3362647
ssnAp,0.2,4,4,GTGTGTAATCGCAGGCCAAC,0,3385684
ssnAp,0.2,4,4,GTGTGGCACAGCCGCTCAGC,0,3380977
ssnAp,0.2,4,4,GTGTGCGTCCATGGCTGTCG,0,3389519
ssnAp,0.2,4,4,GTGTATGCTTTATAGAAGGT,0,3373481
ssnAp,0.2,4,4,GTGTATCGTATCAGGGAAAG,0,3383389
ssnAp,0.2,4,4,GTGGTCCCAAGATCGTCGAA,0,3395497
ssnAp,0.2,4,4,GTGGGAACCGACTACTTTCG,0,3382707
ssnAp,0.2,4,4,GTGGACTCCGGCTCGAATTT,0,3371651
ssnAp,0.2,4,4,GTGGACAAGGGCATCCGCAT,0,3390640
ssnAp,0.2,4,4,GTGCTCGCCTGGTACAATAC,0,3390399
ssnAp,0.2,4,4,GTGCGTGTTGTGTTATCGTC,0,3384776
ssnAp,0.2,4,4,GTGCGTGAGGGACTTGCCCT,0,3367498
ssnAp,0.2,4,4,GTGCGGAATGTACATCGCGG,0,3379802
ssnAp,0.2,4,4,GTGATCACAGATAGAGACAT,0,3360705
ssnAp,0.2,4,4,GTGAGGTACACATGGTAGGC,0,3359616
ssnAp,0.2,4,4,GTGAATCGTTACGACTTGTT,0,3397429
ssnAp,0.2,4,4,GTGAAATGCCGGCTTTAACC,0,3380511
ssnAp,0.2,4,4,GTCTTGAGTGGTGAGTGTGG,0,3378372
ssnAp,0.2,4,4,GTCTGCTCTCTATCTTGCGG,0,3374216
ssnAp,0.2,4,4,GTCTCTCAAGGATAGCGGCG,0,3398659
ssnAp,0.2,4,4,GTCGTCGCCGCGGCCATGAT,0,3364569
ssnAp,0.2,4,4,GTCGTAGGAGACTTGGATTG,0,3383550
ssnAp,0.2,4,4,GTCGCTTTGCAGGATGAAGT,0,3374041
ssnAp,0.2,4,4,GTCCTTTATGCGATGATTAC,0,3397412
ssnAp,0.2,4,4,GTCCTAACACTTGGGCTTCA,0,3384141
ssnAp,0.2,4,4,GTCCCTCTTATAATGCGGGC,0,3379033
ssnAp,0.2,4,4,GTCCAAGTTAAACCCTTGCT,0,3367593
ssnAp,0.2,4,4,GTCATTACCAAATATTCAGA,0,3385530
ssnAp,0.2,4,4,GTCATAGATCCTTCTATTTT,0,3378077
ssnAp,0.2,4,4,GTCACTGGAGTGGCTAGTTG,0,3381579
ssnAp,0.2,4,4,GTCACGGGTACCCGAGGGAT,0,3376050
ssnAp,0.2,4,4,GTCACGCCCCTTTCCTCATC,0,3376957
ssnAp,0.2,4,4,GTCACCCTTCTTGGTTCTAA,0,3385453
ssnAp,0.2,4,4,GTCACAAGACGGCAATACAT,0,3390134
ssnAp,0.2,4,4,GTCAAGTATCGGCCATACTC,0,3359396
ssnAp,0.2,4,4,GTCAAACGCTTATTCGCTAT,0,3389012
ssnAp,0.2,4,4,GTATTGGTATCATTCTTGTG,0,3399860
ssnAp,0.2,4,4,GTAGGGACAATGCAAATCAC,0,3382315
ssnAp,0.2,4,4,GTAGGACTCGTTGTGATGGG,0,3385923
ssnAp,0.2,4,4,GTAGCTTCCGGTCTTTGAGT,0,3392026
ssnAp,0.2,4,4,GTAGCGTTACACCCATTGGA,0,3385536
ssnAp,0.2,4,4,GTAGCAGGAGCTAGGCCAAA,0,3365485
ssnAp,0.2,4,4,GTACTGCATACTGAATCCAC,0,3366327
ssnAp,0.2,4,4,GTACTCTTGATGCTACTGAT,0,3386552
ssnAp,0.2,4,4,GTAATTAAGCTGGCACAGAG,0,3400018
ssnAp,0.2,4,4,GTAATAGTAAGCCGTGGCTT,0,3371205
ssnAp,0.2,4,4,GTAAGTGAGCATGCCCGACC,0,3386685
ssnAp,0.2,4,4,GTAAGGCAGACCCACCTCAT,0,3379714
ssnAp,0.2,4,4,GTAAAGCAGGATCGTCCGTT,0,3376411
ssnAp,0.2,4,4,GTAAACTGTGTATGAGCATA,0,3382844
ssnAp,0.2,4,4,GGTTGAGCTTGAGGGACGCA,0,3364849
ssnAp,0.2,4,4,GGTTCCGTACTGTGGTCAGA,0,3364195
ssnAp,0.2,4,4,GGTTCCACAAAACCTAAATC,0,3399622
ssnAp,0.2,4,4,GGTTAATAGGGTCCTTAGCA,0,3383167
ssnAp,0.2,4,4,GGTTAAAAGTGGTTGGGCTC,0,3370850
ssnAp,0.2,4,4,GGTGTGCTAGATGTAAACGC,0,3370547
ssnAp,0.2,4,4,GGTGGAGACTCCACCAAATG,0,3400060
ssnAp,0.2,4,4,GGTGCAAGGGATACCTCGAG,0,3363718
ssnAp,0.2,4,4,GGTGATATCACCAGCTAGTT,0,3381248
ssnAp,0.2,4,4,GGTCTTCAAAGTATTGCGCA,0,3398934
ssnAp,0.2,4,4,GGTCTCTTGGCCTGTTTAAG,0,3380894
ssnAp,0.2,4,4,GGTCGTAAGAAGTCATTGTG,0,3394311
ssnAp,0.2,4,4,GGTCCTATGTGTATGCCTCT,0,3394329
ssnAp,0.2,4,4,GGTCCGCTCCAATCACACCA,0,3383024
ssnAp,0.2,4,4,GGTCAGCGTTCCCTCATAAT,0,3389452
ssnAp,0.2,4,4,GGTCACGATAGCAGTAAAGG,0,3376552
ssnAp,0.2,4,4,GGTATTGGGACAACAGAATG,0,3372450
ssnAp,0.2,4,4,GGTAGGTATGTTGTGGTGTT,0,3366660
ssnAp,0.2,4,4,GGTAAGTTGGTGGTAATCTT,0,3401356
ssnAp,0.2,4,4,GGTAAGGACACCGGCGCTCG,0,3397227
ssnAp,0.2,4,4,GGTAAAGGGTGCACATGGGT,0,3395860
ssnAp,0.2,4,4,GGGTTCTCTTCAGACGTGGG,0,3387246
ssnAp,0.2,4,4,GGGTTCCCGTTACGATGATG,0,3386802
ssnAp,0.2,4,4,GGGTGGGTTAGTTCGTCCGC,0,3368616
ssnAp,0.2,4,4,GGGTCTGGAACCTGTTCATC,0,3391999
ssnAp,0.2,4,4,GGGTCTGCTGTCTACGGTTT,0,3372082
ssnAp,0.2,4,4,GGGTCTCGAAAGGGCGATTA,0,3395378
ssnAp,0.2,4,4,GGGTCACAGGCCGGGAATTT,0,3387406
ssnAp,0.2,4,4,GGGGTCTTTCTTTTTTGATC,0,3364117
ssnAp,0.2,4,4,GGGGTCTAGCGGCAATTATG,0,3381789
ssnAp,0.2,4,4,GGGGGCTTCGAGCGCTAAGT,0,3381011
ssnAp,0.2,4,4,GGGGCCGCCCATGCGAAGTT,0,3375046
ssnAp,0.2,4,4,GGGGACAAGGTGAGGATTCA,0,3400583
ssnAp,0.2,4,4,GGGCTAGTTTGAATCAAAGT,0,3360890
ssnAp,0.2,4,4,GGGCTAAATGGGGAGTTTTA,0,3385062
ssnAp,0.2,4,4,GGGCGTACATGAAGATCTAG,0,3371193
ssnAp,0.2,4,4,GGGCGGAATTTGCGATTGGA,0,3376287
ssnAp,0.2,4,4,GGGCCGTGAAAGCTTAATAT,0,3373339
ssnAp,0.2,4,4,GGGCCAAAAGGCTTATCAGT,0,3388803
ssnAp,0.2,4,4,GGGATTTCTTCGCGGCGCCG,0,3383612
ssnAp,0.2,4,4,GGGATTGTCCGGCTCCGATT,0,3399365
ssnAp,0.2,4,4,GGGATCAGGCAGGCTTTTGC,0,3375972
ssnAp,0.2,4,4,GGGAGGATAGAGTCGAGGCC,0,3383032
ssnAp,0.2,4,4,GGGACGTAAATGCATAAGGC,0,3366075
ssnAp,0.2,4,4,GGGAACGACGCATTTGGCCA,0,3365421
ssnAp,0.2,4,4,GGCTGGTGCTAGATGAAAGA,0,3400563
ssnAp,0.2,4,4,GGCTGAGCCTCGACATCAAG,0,3382364
ssnAp,0.2,4,4,GGCTACTCCTAAATACGGGG,0,3368451
ssnAp,0.2,4,4,GGCGTTGTAGGGGGCGAAGG,0,3392896
ssnAp,0.2,4,4,GGCGTAGACACATGAAGTCT,0,3394583
ssnAp,0.2,4,4,GGCGGCTGGGAACACGATTT,0,3364528
ssnAp,0.2,4,4,GGCGGACAGTAAAGGGCTAG,0,3370621
ssnAp,0.2,4,4,GGCGCGCGAGACCTATCACC,0,3373968
ssnAp,0.2,4,4,GGCGACCGGCTATCGGTAGG,0,3382728
ssnAp,0.2,4,4,GGCCCCAACACTGGCGGGTA,0,3367534
ssnAp,0.2,4,4,GGCCCATACTCTTCGAAGAT,0,3368116
ssnAp,0.2,4,4,GGCCATGCGCTGCAATCCCT,0,3384229
ssnAp,0.2,4,4,GGCATTATAAAATTATAAGG,0,3378701
ssnAp,0.2,4,4,GGCAGCTAGGTAGGGGTGAC,0,3360669
ssnAp,0.2,4,4,GGCACACCTCAAGTTGGGAA,0,3395369
ssnAp,0.2,4,4,GGATTATGCGCTTTGCATTC,0,3389864
ssnAp,0.2,4,4,GGATGCTGTCCGCCCGCGTT,0,3392454
ssnAp,0.2,4,4,GGATCCCGGAGACACGGCAG,0,3372031
ssnAp,0.2,4,4,GGATATTAGGAGGAAACGAC,0,3395925
ssnAp,0.2,4,4,GGATAACAAAATATTGCTTG,0,3375990
ssnAp,0.2,4,4,GGAGCACACTTTGACCGGTA,0,3372775
ssnAp,0.2,4,4,GGAGAGATCAGACCTTAAGG,0,3392001
ssnAp,0.2,4,4,GGACGGACCTTGACCGGTGG,0,3391287
ssnAp,0.2,4,4,GGACGAGAGTGGATGTCTGC,0,3398932
ssnAp,0.2,4,4,GGACGACGCCAACATTGACT,0,3375735
ssnAp,0.2,4,4,GGACAGGTTACCCGCGTGGT,0,3383171
ssnAp,0.2,4,4,GGACAACCCTTTCCGTCATG,0,3359905
ssnAp,0.2,4,4,GGAACTTGGCTCGTGGACGC,0,3383627
ssnAp,0.2,4,4,GGAACAGCTACGAGTTATGG,0,3402064
ssnAp,0.2,4,4,GGAAATAGTCCCTCACATAC,0,3392844
ssnAp,0.2,4,4,GCTTTTACGAGCTATAAGCT,0,3380327
ssnAp,0.2,4,4,GCTTGTTCGGAAACGGAGTA,0,3392202
ssnAp,0.2,4,4,GCTTCTTAATAGTCTATCGG,0,3392923
ssnAp,0.2,4,4,GCTTCCGCTAACATCTGAGT,0,3368478
ssnAp,0.2,4,4,GCTTACTCTTTGGCTCCATA,0,3387928
ssnAp,0.2,4,4,GCTGGCTATGCTTTGTGCAG,0,3379301
ssnAp,0.2,4,4,GCTGCTTGGGAGCAGCTGGG,0,3375371
ssnAp,0.2,4,4,GCTGCTGACCAAGTATGACA,0,3375212
ssnAp,0.2,4,4,GCTCTTTATTCCATATGCGA,0,3395353
ssnAp,0.2,4,4,GCTCTGTCGCTAGCACTCAC,0,3375870
ssnAp,0.2,4,4,GCTCGTTTCCGATTTATAAG,0,3392439
ssnAp,0.2,4,4,GCTCGCGTCCCTAGACATGC,0,3381065
ssnAp,0.2,4,4,GCTCCTGCCGCAATTGAAGA,0,3379675
ssnAp,0.2,4,4,GCTCAGTCTTCCCATTTGCT,0,3378875
ssnAp,0.2,4,4,GCTATCGTAAAAGGACCCGG,0,3367640
ssnAp,0.2,4,4,GCTATACAGCGACCCAGCGC,0,3377217
ssnAp,0.2,4,4,GCTACGAGTCACTTTATTAC,0,3377273
ssnAp,0.2,4,4,GCTACAGCAATCTGGATCCA,0,3389138
ssnAp,0.2,4,4,GCGTGGGTGCCACTATACCC,0,3379266
ssnAp,0.2,4,4,GCGTCTTTCATACCTATGCG,0,3401861
ssnAp,0.2,4,4,GCGTCCCTTAAACGTGACGG,0,3361275
ssnAp,0.2,4,4,GCGTCCATGGTGCCATAGGC,0,3401745
ssnAp,0.2,4,4,GCGTCATTACAGGAACGAAA,0,3376128
ssnAp,0.2,4,4,GCGTCAATTACTTTTGTACT,0,3376783
ssnAp,0.2,4,4,GCGTCAAGTTCAGCTAGCTA,0,3374871
ssnAp,0.2,4,4,GCGTACCTTTACTTCAGGGT,0,3360644
ssnAp,0.2,4,4,GCGTACACCATTTCGACCGA,0,3384484
ssnAp,0.2,4,4,GCGGGGGAAAGATTGTTCAT,0,3396935
ssnAp,0.2,4,4,GCGGCGTCGCAGATGAGCAG,0,3375442
ssnAp,0.2,4,4,GCGGATTGGTGACAAGTAAA,0,3376652
ssnAp,0.2,4,4,GCGGAAGCGAGCACGTCCGA,0,3362846
ssnAp,0.2,4,4,GCGCTGGCACCTACTCGACG,0,3380539
ssnAp,0.2,4,4,GCGCCAAAGTGAAGACGGTA,0,3375298
ssnAp,0.2,4,4,GCGCAGTAGGGCAAATAGGT,0,3399918
ssnAp,0.2,4,4,GCGATAATTGATCTGCGAAT,0,3371645
ssnAp,0.2,4,4,GCGAGCGTGCGCGGCCTCCT,0,3399676
ssnAp,0.2,4,4,GCGACTTCAAGACCAAAAAT,0,3364817
ssnAp,0.2,4,4,GCGAACTCAGACTACACAAA,0,3372439
ssnAp,0.2,4,4,GCGAACAAGGACTAAGCAAC,0,3379757
ssnAp,0.2,4,4,GCCTTTGTGTGGGTATACTA,0,3387292
ssnAp,0.2,4,4,GCCTCCGGTATAGACAACGA,0,3394865
ssnAp,0.2,4,4,GCCTAGAGTTCGGTGTTGGT,0,3380594
ssnAp,0.2,4,4,GCCTAAGATTACGTATCTAA,0,3370690
ssnAp,0.2,4,4,GCCGTGATCACGGATTTCTG,0,3383056
ssnAp,0.2,4,4,GCCGTACATTATGACTGTAT,0,3372664
ssnAp,0.2,4,4,GCCGGTGCGACCGTTGGGAA,0,3393663
ssnAp,0.2,4,4,GCCGGCGCCCTTTCCAGCAT,0,3399606
ssnAp,0.2,4,4,GCCGATGTTTAAGCTGGGGG,0,3382327
ssnAp,0.2,4,4,GCCGACTAGATCCTTGCGTG,0,3402449
ssnAp,0.2,4,4,GCCCGCTTTCGTAAGCACCA,0,3371362
ssnAp,0.2,4,4,GCCAGTGGGTTGGGAAATTT,0,3364641
ssnAp,0.2,4,4,GCCACTACGCAAGCAAACGC,0,3370311
ssnAp,0.2,4,4,GCCAACGTCCTATGGGAGGC,0,3360837
ssnAp,0.2,4,4,GCATTGGCCAGATCTCCATC,0,3387946
ssnAp,0.2,4,4,GCATGTGTGCTGGGTTTAGC,0,3378619
ssnAp,0.2,4,4,GCAGTGTAATGCCACCAACT,0,3380890
ssnAp,0.2,4,4,GCAGCAGGGGCACCTCGGTC,0,3394481
ssnAp,0.2,4,4,GCACTTACGACCGTCTGCCT,0,3397619
ssnAp,0.2,4,4,GCACTCGTACGAACTATACC,0,3381647
ssnAp,0.2,4,4,GCACTATGCCTTAAACTCAA,0,3394212
ssnAp,0.2,4,4,GCACGGACAAGCTGATACCC,0,3366816
ssnAp,0.2,4,4,GCACCTCTAGTCGAATGCTC,0,3368479
ssnAp,0.2,4,4,GCACCGTCTTTCGATACTTT,0,3383099
ssnAp,0.2,4,4,GCACCACCACTGATGCGTAA,0,3383656
ssnAp,0.2,4,4,GATTGTTCGCTGTTGGTCGG,0,3383655
ssnAp,0.2,4,4,GATTGTCCGCCAGGCCTTTC,0,3385861
ssnAp,0.2,4,4,GATTGGCTGTCAGCTCAATG,0,3400624
ssnAp,0.2,4,4,GATTCGCATTCACTCTCATA,0,3363802
ssnAp,0.2,4,4,GATGGGTTGCTATCTCAAGG,0,3400342
ssnAp,0.2,4,4,GATGAGAATCGGGCACAAAG,0,3382174
ssnAp,0.2,4,4,GATGAATCTGAGTCACTTTA,0,3372870
ssnAp,0.2,4,4,GATGAACTGACGTAACTTGT,0,3365672
ssnAp,0.2,4,4,GATCTTGCAACGAAAGTTGC,0,3391958
ssnAp,0.2,4,4,GATCTTACTACGTGCGTATT,0,3363735
ssnAp,0.2,4,4,GATCCTAGGCATTAATTCTG,0,3370059
ssnAp,0.2,4,4,GATCCCACTAACGGTAGAAA,0,3389992
ssnAp,0.2,4,4,GATATTATGTTATGCATCCA,0,3376858
ssnAp,0.2,4,4,GATAGTCTGCAAATACGTGA,0,3360898
ssnAp,0.2,4,4,GATAGTCCACGTCATCTTAG,0,3367405
ssnAp,0.2,4,4,GAGTTTGCTGTATCCTCGAT,0,3393584
ssnAp,0.2,4,4,GAGTTCTGGATAATTTCCTT,0,3384446
ssnAp,0.2,4,4,GAGTTAACAATGCGCGCTTA,0,3374569
ssnAp,0.2,4,4,GAGTGGCTACCCCATATATG,0,3371924
ssnAp,0.2,4,4,GAGTACTCCTCCGCGTTCCA,0,3378076
ssnAp,0.2,4,4,GAGGGCCGCAATTCCTCAGA,0,3377226
ssnAp,0.2,4,4,GAGGGACCTTGGTGGTCACA,0,3374238
ssnAp,0.2,4,4,GAGGAATATCTCCAAACCTT,0,3389388
ssnAp,0.2,4,4,GAGGAATATAACCTACACTA,0,3363639
ssnAp,0.2,4,4,GAGCTCTAAGATAGCACGAT,0,3379316
ssnAp,0.2,4,4,GAGCTCGCAGTTGTCGCTTG,0,3365978
ssnAp,0.2,4,4,GAGCGTGATTTAAAATCGAT,0,3381353
ssnAp,0.2,4,4,GAGCGGCAATGTGGCGCTTG,0,3396210
ssnAp,0.2,4,4,GAGCGGCAAGTAGTAGCAAA,0,3360641
ssnAp,0.2,4,4,GAGCGCCGTCGGTCACTCTA,0,3386848
ssnAp,0.2,4,4,GAGCCTAGGACCGTTCACAA,0,3374529
ssnAp,0.2,4,4,GAGCCCGGCGGGGTTTCCCG,0,3378009
ssnAp,0.2,4,4,GAGCCCCCTGTATCTAAAAT,0,3377284
ssnAp,0.2,4,4,GAGCCCCAAAGGCGAAACTC,0,3363110
ssnAp,0.2,4,4,GAGCATTCGAACAGCACACA,0,3378914
ssnAp,0.2,4,4,GAGATACGGGGTCTATAGTC,0,3375432
ssnAp,0.2,4,4,GAGACTCGCCCTTCTACCAC,0,3371007
ssnAp,0.2,4,4,GAGACTAAGACCTGCGCAGA,0,3365736
ssnAp,0.2,4,4,GAGAATTTCGAGCTCGGGTT,0,3393868
ssnAp,0.2,4,4,GAGAACTGATCCCGTTGTCC,0,3390621
ssnAp,0.2,4,4,GACTTCAAGGAAGACCCACC,0,3394395
ssnAp,0.2,4,4,GACTTATTAGAACCCGGAAG,0,3384940
ssnAp,0.2,4,4,GACTGCAGATGGGGTTAAGT,0,3372157
ssnAp,0.2,4,4,GACTCACGCCAAGACGGGCG,0,3393694
ssnAp,0.2,4,4,GACTATGCAGCCACTGTTAA,0,3366256
ssnAp,0.2,4,4,GACTACCTAGCGTGAATCCA,0,3384233
ssnAp,0.2,4,4,GACGATTTTCAAGCTTTGCG,0,3400278
ssnAp,0.2,4,4,GACGAACAGAAGGATCGGTT,0,3390668
ssnAp,0.2,4,4,GACCGTCGCATTCTAAGTTT,0,3386915
ssnAp,0.2,4,4,GACCGCCTTCCAACGTGCAT,0,3396786
ssnAp,0.2,4,4,GACCCAGGTGGGGGCCTCGT,0,3366338
ssnAp,0.2,4,4,GACCATCAGGCACACTCCAC,0,3393999
ssnAp,0.2,4,4,GACCAGAGGGGGGGCGTTAG,0,3377839
ssnAp,0.2,4,4,GACATTCTAGCTTAGAGGAA,0,3383546
ssnAp,0.2,4,4,GACATGGCTGCCTTACTAGA,0,3400084
ssnAp,0.2,4,4,GACATAGGTCGCGCCAGCCT,0,3360863
ssnAp,0.2,4,4,GACACGTAGCGATTAGAACA,0,3388525
ssnAp,0.2,4,4,GACACGGTCGTGTGGCTTAT,0,3391011
ssnAp,0.2,4,4,GACACGAATATAAGTGATAT,0,3382880
ssnAp,0.2,4,4,GAATTCCAAGTTGTGCGTTC,0,3391741
ssnAp,0.2,4,4,GAATGCCCCGCGGCCGTCGT,0,3368501
ssnAp,0.2,4,4,GAATCGAATGATATGGCCCA,0,3382448
ssnAp,0.2,4,4,GAATCCATATTGGGCGGTAC,0,3365751
ssnAp,0.2,4,4,GAATACATCTAAAGAGTTCG,0,3388589
ssnAp,0.2,4,4,GAATACAGCGAGTTATTCTG,0,3360519
ssnAp,0.2,4,4,GAATAAATAATTCTCGCACT,0,3365142
ssnAp,0.2,4,4,GAAGTTGCGTATCTTTAGTT,0,3382610
ssnAp,0.2,4,4,GAAGTATACACTTGGGATGA,0,3361488
ssnAp,0.2,4,4,GAAGGTCCGAGCCGGAGGCG,0,3376126
ssnAp,0.2,4,4,GAAGAGGGTACTTGCACCAC,0,3387119
ssnAp,0.2,4,4,GAAGAGCGTAAGTTCACTGA,0,3387766
ssnAp,0.2,4,4,GAAGAGCCGGATCCTGTTTT,0,3391338
ssnAp,0.2,4,4,GAACTACGCTGGAGTCTTGC,0,3362745
ssnAp,0.2,4,4,GAACGGGGCTGTTCCAAAGA,0,3370721
ssnAp,0.2,4,4,GAAACGGGAGTGTCGGGCGT,0,3377379
ssnAp,0.2,4,4,GAAAAGCTCTTCATGGCCCT,0,3373861
ssnAp,0.2,4,4,CTTTTGGGACAGGCCTGAGA,0,3396754
ssnAp,0.2,4,4,CTTTTGCTCTATCGCCACGG,0,3391250
ssnAp,0.2,4,4,CTTTGGGCAGTAGTTAACGC,0,3374565
ssnAp,0.2,4,4,CTTGTCCGGGTAGGTCGCAA,0,3402091
ssnAp,0.2,4,4,CTTGGCGCGATTGCGCTAGT,0,3401962
ssnAp,0.2,4,4,CTTGAGGTGAAATAGTTAAC,0,3379123
ssnAp,0.2,4,4,CTTCTTTAACTAGACACTGT,0,3371959
ssnAp,0.2,4,4,CTTCTGCCCGAAAAGCCCTA,0,3386079
ssnAp,0.2,4,4,CTTCTCGACCTTCCGTACAG,0,3369692
ssnAp,0.2,4,4,CTTCGTTTCTAACGTGTGGA,0,3369876
ssnAp,0.2,4,4,CTTCCCTTTACGACCGTTGA,0,3378976
ssnAp,0.2,4,4,CTTCAGGGGTCTTTTCACAT,0,3398216
ssnAp,0.2,4,4,CTTCACGTTCATCCTAGCCC,0,3393006
ssnAp,0.2,4,4,CTTATTGACCAAATACCCGT,0,3364719
ssnAp,0.2,4,4,CTTATCCATTGTCTTTAATA,0,3363803
ssnAp,0.2,4,4,CTTACTGATAGTGCGGTCGC,0,3359255
ssnAp,0.2,4,4,CTTAAGTTCTATTAGACGCT,0,3392723
ssnAp,0.2,4,4,CTTAACCCAGAAGAATTCGA,0,3394514
ssnAp,0.2,4,4,CTGTGGCGTTCCAGACCATC,0,3387349
ssnAp,0.2,4,4,CTGTCCGAATGCTGTCATTT,0,3381425
ssnAp,0.2,4,4,CTGTACTGTACTATGACCCA,0,3393762
ssnAp,0.2,4,4,CTGTAATTACCTACCCGAGT,0,3383777
ssnAp,0.2,4,4,CTGGTTACAGGACGACGGTA,0,3375578
ssnAp,0.2,4,4,CTGGGTGATTCGCGGCAAGG,0,3388154
ssnAp,0.2,4,4,CTGGCTTGTTACGTAAAAGT,0,3370566
ssnAp,0.2,4,4,CTGGCTTCGGTCCGTGTCTT,0,3399018
ssnAp,0.2,4,4,CTGGCGCTGGCGTTGGTAAG,0,3384721
ssnAp,0.2,4,4,CTGGCATATGCTTCCTACCA,0,3392370
ssnAp,0.2,4,4,CTGCTGGTTCGGCTATCCTT,0,3381738
ssnAp,0.2,4,4,CTGCGTATGAGTGGGAATAA,0,3375917
ssnAp,0.2,4,4,CTGCGAATTCGTATTCTATC,0,3400980
ssnAp,0.2,4,4,CTGATTGCCTACGTGAGGGG,0,3361995
ssnAp,0.2,4,4,CTGATAGAGATCAACGTAAC,0,3367693
ssnAp,0.2,4,4,CTGACGATAATTACATTAAT,0,3362027
ssnAp,0.2,4,4,CTCTTTAGTTTTTGCTGAGA,0,3395282
ssnAp,0.2,4,4,CTCTGTCGGGTAGGACCTTT,0,3402699
ssnAp,0.2,4,4,CTCTGTCAGCACACGAACAT,0,3359473
ssnAp,0.2,4,4,CTCTCAGGCCCATCATAGTT,0,3375036
ssnAp,0.2,4,4,CTCTATCAGTTTAAACTTGG,0,3385190
ssnAp,0.2,4,4,CTCGTGCGGGAACCCTCGGA,0,3375812
ssnAp,0.2,4,4,CTCGTCCTGCAGATACGTAT,0,3388447
ssnAp,0.2,4,4,CTCGTCCCGTGTGCACGGCG,0,3383437
ssnAp,0.2,4,4,CTCGAGATAACACTTTGTTT,0,3385169
ssnAp,0.2,4,4,CTCCTTGATGAAATTCGTAT,0,3359765
ssnAp,0.2,4,4,CTCCCTTTAACTACGCGCTT,0,3384526
ssnAp,0.2,4,4,CTCCCGCGCCCGCTGTTGTT,0,3368824
ssnAp,0.2,4,4,CTCAGGGTTCGTATGTCAGG,0,3369412
ssnAp,0.2,4,4,CTCAGGGAGTTTTGTAGCGG,0,3385621
ssnAp,0.2,4,4,CTCAGGCTCCGTAATAGCTA,0,3367597
ssnAp,0.2,4,4,CTCACGTCCATTCCTCACGC,0,3386071
ssnAp,0.2,4,4,CTCAACAATCTTTTGCTCAA,0,3382933
ssnAp,0.2,4,4,CTATCGGACCCCGTTTGGTG,0,3381875
ssnAp,0.2,4,4,CTAGTTGGGTAGTGTATGGA,0,3366533
ssnAp,0.2,4,4,CTAGCAAGTCACTTAGACTA,0,3363596
ssnAp,0.2,4,4,CTACTTGTGGACTATACGTA,0,3386195
ssnAp,0.2,4,4,CTACTAGGCTGAGGTGACTG,0,3382152
ssnAp,0.2,4,4,CTACTAATAGCTATGAGTGG,0,3379657
ssnAp,0.2,4,4,CTACGGTCTAGTGAGCGTTG,0,3388657
ssnAp,0.2,4,4,CTACCAGATTAGTTTCTGCT,0,3376039
ssnAp,0.2,4,4,CTAATGGGATGTGGTTGCAA,0,3362002
ssnAp,0.2,4,4,CGTTTTCCCAACGTTGCAGT,0,3385004
ssnAp,0.2,4,4,CGTTGCGGAGACAGCTGCGA,0,3400780
ssnAp,0.2,4,4,CGTTCACTCCTTAATGGCAT,0,3374838
ssnAp,0.2,4,4,CGTTAACAAACGCTGCGGGA,0,3388362
ssnAp,0.2,4,4,CGTGGGGGTTAGATCTGGCG,0,3375172
ssnAp,0.2,4,4,CGTGGCCCAAAGTTCGAGTG,0,3394069
ssnAp,0.2,4,4,CGTGCTGGAAATAAAGTTGG,0,3369444
ssnAp,0.2,4,4,CGTGCCAGAACTCAGTTGCT,0,3363032
ssnAp,0.2,4,4,CGTGAGCAGGGGTTTAGGAA,0,3367941
ssnAp,0.2,4,4,CGTGAAGGTAGCGGGGTAGC,0,3363701
ssnAp,0.2,4,4,CGTCTCTTTATAGGCTAGGC,0,3363387
ssnAp,0.2,4,4,CGTCGCGGTATGCTGAGTGT,0,3401709
ssnAp,0.2,4,4,CGTCCGGCACGGAAGTTAGC,0,3362325
ssnAp,0.2,4,4,CGTAGTGCAGTACGCCAGTT,0,3391026
ssnAp,0.2,4,4,CGTACGCCGAACACGTACGC,0,3372923
ssnAp,0.2,4,4,CGGTTAATTGAGGGTGATCA,0,3362434
ssnAp,0.2,4,4,CGGTGCGGTGACAATGCGGT,0,3395638
ssnAp,0.2,4,4,CGGTGAAGGGGTCTAGAAAA,0,3374849
ssnAp,0.2,4,4,CGGGTGCTATTAAGGTCATG,0,3376581
ssnAp,0.2,4,4,CGGGTCTTTGTTTTGTATCA,0,3392187
ssnAp,0.2,4,4,CGGGTAAGCAGTTACCTAGA,0,3394767
ssnAp,0.2,4,4,CGGGCAGGTGGGCGACGTTA,0,3375319
ssnAp,0.2,4,4,CGGGAGGTAGACCCATTTTT,0,3397630
ssnAp,0.2,4,4,CGGCTTAGTATGTGAACGCT,0,3366904
ssnAp,0.2,4,4,CGGCCCCCAATTAAGGGCCT,0,3399227
ssnAp,0.2,4,4,CGGCACGATAGCTGTTCAGC,0,3399774
ssnAp,0.2,4,4,CGGATGGTTTTAAGCTAGGG,0,3384902
ssnAp,0.2,4,4,CGGAGATGCCATAGGACATG,0,3399821
ssnAp,0.2,4,4,CGCTTTACTAGAATGTCTCA,0,3400108
ssnAp,0.2,4,4,CGCTTGAAGGTTGTATCTGA,0,3361952
ssnAp,0.2,4,4,CGCTGTGGGAACAGCATATT,0,3369246
ssnAp,0.2,4,4,CGCTATGTACGCGTCTTGTT,0,3371973
ssnAp,0.2,4,4,CGCTAGCCCTACGGCAGGGG,0,3365255
ssnAp,0.2,4,4,CGCGTTTGACGACCTTCGGT,0,3362254
ssnAp,0.2,4,4,CGCGGCGCGGCGCACGATCA,0,3369610
ssnAp,0.2,4,4,CGCGGAGAAGTCATCGACCG,0,3380756
ssnAp,0.2,4,4,CGCCGGCCACTAAATATTGA,0,3398447
ssnAp,0.2,4,4,CGCCGGCACTGGAAGATAGA,0,3363042
ssnAp,0.2,4,4,CGCCGCACCCTGGGGTGAGA,0,3398878
ssnAp,0.2,4,4,CGCCCGGTGAGCGTTCCCCA,0,3369977
ssnAp,0.2,4,4,CGATTTAATCTTATGAATAC,0,3401512
ssnAp,0.2,4,4,CGATTGAGGCCTGCGATGAG,0,3372885
ssnAp,0.2,4,4,CGATTACTTAGATATGTATC,0,3393923
ssnAp,0.2,4,4,CGATGCTAGAGAGGTCAGAT,0,3389336
ssnAp,0.2,4,4,CGATCTATGCATTTTAGCGG,0,3369935
ssnAp,0.2,4,4,CGATACTCGGTTCGCCACGG,0,3369934
ssnAp,0.2,4,4,CGATACGGACCGGAGAACAT,0,3400964
ssnAp,0.2,4,4,CGAGGTTGACCTTAACTTTC,0,3387244
ssnAp,0.2,4,4,CGAGGGGGCGGCCTGTATGT,0,3390095
ssnAp,0.2,4,4,CGAGGACGATTCTATTGTTT,0,3370324
ssnAp,0.2,4,4,CGAGCTCCAACGATCCACAT,0,3389337
ssnAp,0.2,4,4,CGAGACTTATCGGTTCTCTC,0,3374682
ssnAp,0.2,4,4,CGACGGTTGCTGCAAGTCAC,0,3389927
ssnAp,0.2,4,4,CGACCACGCCTCTCCCCCTA,0,3397602
ssnAp,0.2,4,4,CGACATAACTCACACTGCGC,0,3365724
ssnAp,0.2,4,4,CGACAGGTTACTTTAGGTGC,0,3393493
ssnAp,0.2,4,4,CGACACTCAGGATGACAGGT,0,3383793
ssnAp,0.2,4,4,CGAACTATCCCACGAGGCGA,0,3378295
ssnAp,0.2,4,4,CGAACGCTAAATACTGAATA,0,3392224
ssnAp,0.2,4,4,CGAAAGTCAGTTTTATGCTC,0,3392084
ssnAp,0.2,4,4,CGAAAGGCCTAGAGGTTCTA,0,3380709
ssnAp,0.2,4,4,CCTTTTACTCATGGTGGGTC,0,3385911
ssnAp,0.2,4,4,CCTTTACTCATAATTCGTCA,0,3367162
ssnAp,0.2,4,4,CCTTATTTATACGACAGGTT,0,3380162
ssnAp,0.2,4,4,CCTGTCAGGTCTCAATCCGG,0,3393952
ssnAp,0.2,4,4,CCTGTATGAGTTGCACTTGT,0,3362683
ssnAp,0.2,4,4,CCTGTATATGCGGCACTGAG,0,3374596
ssnAp,0.2,4,4,CCTGGTAGGAGAAGGACGAT,0,3394817
ssnAp,0.2,4,4,CCTGGGAGTGGTCAGCCTGA,0,3384390
ssnAp,0.2,4,4,CCTGGCAAAAGTTGTTCGGG,0,3376311
ssnAp,0.2,4,4,CCTGCTCTCTTGAACAAGCA,0,3364548
ssnAp,0.2,4,4,CCTGCCGGCGTCTCAAAGAC,0,3377479
ssnAp,0.2,4,4,CCTGCATTAGTGCATTTCCA,0,3374400
ssnAp,0.2,4,4,CCTCTACAGTTTTTTTCGGC,0,3398807
ssnAp,0.2,4,4,CCTCTAATCCGGACACTGAT,0,3378798
ssnAp,0.2,4,4,CCTCAGCGAAAATATCCACG,0,3383816
ssnAp,0.2,4,4,CCTCACAAAATTGCTGAATT,0,3372018
ssnAp,0.2,4,4,CCTATTGACTACCAGACAGG,0,3380837
ssnAp,0.2,4,4,CCTAGGCGAAATACCATCGT,0,3381983
ssnAp,0.2,4,4,CCTACCACCGTTGTTCCGAT,0,3388220
ssnAp,0.2,4,4,CCTAAACCATGCAACACTAT,0,3369382
ssnAp,0.2,4,4,CCGTTTCTACTACTATGTCA,0,3399022
ssnAp,0.2,4,4,CCGTGGACCCATTCCTTTGA,0,3397645
ssnAp,0.2,4,4,CCGTCTTTCTAGTAGTAACG,0,3385515
ssnAp,0.2,4,4,CCGTCTGGTTGTACGAAGCG,0,3388761
ssnAp,0.2,4,4,CCGTATAGTTCAGCACCAGT,0,3383998
ssnAp,0.2,4,4,CCGGTAGGTGGGCTACGAAA,0,3385590
ssnAp,0.2,4,4,CCGGGAAGTCGTTTGGGTTA,0,3389093
ssnAp,0.2,4,4,CCGGCCTTTCAAGCATCATT,0,3393485
ssnAp,0.2,4,4,CCGGCCGGTTCTACTTAGTG,0,3362746
ssnAp,0.2,4,4,CCGGACCGTTATAGTCTATC,0,3381249
ssnAp,0.2,4,4,CCGCTCATTCGGGGACCTTG,0,3393520
ssnAp,0.2,4,4,CCGCGTCACTTTAATTTAAC,0,3385828
ssnAp,0.2,4,4,CCGCGTAATTAGGGGGCCGG,0,3387005
ssnAp,0.2,4,4,CCGCGGGCACCGCCAAAAAC,0,3378978
ssnAp,0.2,4,4,CCGCGACCAACGGCGTCCAT,0,3396390
ssnAp,0.2,4,4,CCGAAGACTTCCCGCTATTT,0,3362946
ssnAp,0.2,4,4,CCGAAATGTTCACGTTCCGT,0,3374329
ssnAp,0.2,4,4,CCCTTGGATTATTCGAAGTT,0,3392051
ssnAp,0.2,4,4,CCCTTCTCCTGTTTACGGCA,0,3370070
ssnAp,0.2,4,4,CCCTATCCGGCCACCTCCAT,0,3374079
ssnAp,0.2,4,4,CCCTACGGTTTTCAAGTCAG,0,3361432
ssnAp,0.2,4,4,CCCTACGCCCCTACAGCACA,0,3399636
ssnAp,0.2,4,4,CCCGTAGAGATGCCCAACAA,0,3389628
ssnAp,0.2,4,4,CCCGGTGGTATCCACACCGC,0,3367372
ssnAp,0.2,4,4,CCCGGACCTTCGGCAGCATC,0,3382467
ssnAp,0.2,4,4,CCCGCTACCTCTAGGACAGT,0,3376103
ssnAp,0.2,4,4,CCCGCCCCAAGACAGAGTAC,0,3383585
ssnAp,0.2,4,4,CCCCTCGCTCCCCCACCTTG,0,3361975
ssnAp,0.2,4,4,CCCCGGGGGCCACGGTGTGC,0,3399100
ssnAp,0.2,4,4,CCCCCCGAATATGAGGGAAC,0,3385650
ssnAp,0.2,4,4,CCATTCGGAAATCCGGCTAA,0,3390879
ssnAp,0.2,4,4,CCATGCGCCACAGGCGGGTT,0,3384011
ssnAp,0.2,4,4,CCAGTCGAGAACAAGTGTTG,0,3368566
ssnAp,0.2,4,4,CCAGCTGTAATCTGGGGGGC,0,3359724
ssnAp,0.2,4,4,CCAGAGGCGGATGACACCGG,0,3382114
ssnAp,0.2,4,4,CCACTTTTGAGAACCCCGAC,0,3379677
ssnAp,0.2,4,4,CCACTTTACTCTGGCATAGA,0,3388530
ssnAp,0.2,4,4,CCACTATACGTCTTGACGCG,0,3390842
ssnAp,0.2,4,4,CCACGGCTGCTCATTGCTAT,0,3390574
ssnAp,0.2,4,4,CCACCTCGGAGCGGATTGTT,0,3384006
ssnAp,0.2,4,4,CCACCGCCTTAGACTCTGAC,0,3368370
ssnAp,0.2,4,4,CCAATTGCGCTCCACGTCAG,0,3369238
ssnAp,0.2,4,4,CCAATAAGGCGACAAATACC,0,3399023
ssnAp,0.2,4,4,CCAAGCCGCAACCAACCGCA,0,3400912
ssnAp,0.2,4,4,CCAACTAGCGGTACCCAATA,0,3371627
ssnAp,0.2,4,4,CCAAAGTTTAGGTGAATCGG,0,3393365
ssnAp,0.2,4,4,CATTTGTTTATTTGGAATAC,0,3396170
ssnAp,0.2,4,4,CATTTCGGGCAACACGTTAT,0,3385714
ssnAp,0.2,4,4,CATTTCGGCTGTGGACTAAC,0,3400645
ssnAp,0.2,4,4,CATTCATAGGATTAACAGGA,0,3386470
ssnAp,0.2,4,4,CATTAGTTTGTGGTTGTTTT,0,3375069
ssnAp,0.2,4,4,CATTAAGTCTTCTGACACGT,0,3379039
ssnAp,0.2,4,4,CATTAAAGTTGTATTACAGT,0,3383524
ssnAp,0.2,4,4,CATGCATCTGTGTGGGTCAA,0,3398306
ssnAp,0.2,4,4,CATCTCTGAAGGTCGAACCT,0,3371067
ssnAp,0.2,4,4,CATCTCCGGGTCCGAGCTAG,0,3386913
ssnAp,0.2,4,4,CATCGCGTCCACCACCCCCA,0,3392700
ssnAp,0.2,4,4,CATCACTCCGCGAGTACGAC,0,3379797
ssnAp,0.2,4,4,CATATTAACCCGGTGTGTTA,0,3372831
ssnAp,0.2,4,4,CATAACATAGCCGGTCTACA,0,3400366
ssnAp,0.2,4,4,CAGTTCAAAGGCAAAAGTAA,0,3387533
ssnAp,0.2,4,4,CAGTTAATCCGCTACTACGG,0,3384173
ssnAp,0.2,4,4,CAGTGTAGTAGCGTGATGGC,0,3390279
ssnAp,0.2,4,4,CAGTGGCGCGGGCTGGGTCC,0,3377454
ssnAp,0.2,4,4,CAGTCTTAGTTTAGGACTAC,0,3392472
ssnAp,0.2,4,4,CAGTATTCAATGAACTGTCT,0,3379456
ssnAp,0.2,4,4,CAGTACTCGATGTCTTGGTG,0,3391116
ssnAp,0.2,4,4,CAGGTTGCATGCATCCCAGC,0,3393630
ssnAp,0.2,4,4,CAGGATCGAAACACTAAATG,0,3370154
ssnAp,0.2,4,4,CAGCTAGGGCGATGGCAACG,0,3395129
ssnAp,0.2,4,4,CAGCGTTTGTCGGCCGAGTA,0,3392948
ssnAp,0.2,4,4,CAGCGTCAGGGAGCCCTGGT,0,3387477
ssnAp,0.2,4,4,CAGCCTTTGCGTCCTAGTTG,0,3363705
ssnAp,0.2,4,4,CAGCCAGGGCTATAGGATGA,0,3389245
ssnAp,0.2,4,4,CAGCAGAGCGGAGCCCGCGG,0,3376867
ssnAp,0.2,4,4,CAGCAATTATTGGGACTCCC,0,3364314
ssnAp,0.2,4,4,CAGACTTAGGCAAGCGCTCT,0,3395447
ssnAp,0.2,4,4,CACTCTGGGAGCCGCGAATA,0,3402876
ssnAp,0.2,4,4,CACTCTAATATCAAGGGCAA,0,3396260
ssnAp,0.2,4,4,CACTCGGTTGTGGCGACCGC,0,3385700
ssnAp,0.2,4,4,CACGTGGAGGATTTATGGCG,0,3359614
ssnAp,0.2,4,4,CACGTATTATTTGCGTTCGG,0,3393381
ssnAp,0.2,4,4,CACGTAGCACTGTGCTGGTA,0,3365549
ssnAp,0.2,4,4,CACGGTTTTAAAATTGAGGA,0,3394893
ssnAp,0.2,4,4,CACGGTCTTTCGGCTCCTGG,0,3378493
ssnAp,0.2,4,4,CACGGGGTCTCGATTTCAAA,0,3382332
ssnAp,0.2,4,4,CACGAGATTCCCTTGCCGTC,0,3402557
ssnAp,0.2,4,4,CACGAAGCGTGGAGGCGTGC,0,3389553
ssnAp,0.2,4,4,CACCTGGCACTGCTGAACAG,0,3401064
ssnAp,0.2,4,4,CACCCTGACCCACCTAAATC,0,3394123
ssnAp,0.2,4,4,CACATGTCCATCTGAACGGT,0,3382511
ssnAp,0.2,4,4,CACATCTGACAATGCGCCCT,0,3376010
ssnAp,0.2,4,4,CACACTGCATGCTCCCCCGC,0,3364340
ssnAp,0.2,4,4,CACACGAGCAAGAGCTCGCA,0,3391083
ssnAp,0.2,4,4,CACACACGTGTAAGTTAGTC,0,3395736
ssnAp,0.2,4,4,CACAAGGTGGGTGCGCCCCT,0,3385084
ssnAp,0.2,4,4,CAATAAACGGAGCACCTGAT,0,3390900
ssnAp,0.2,4,4,CAAGGGGGGGTACTTTCTGA,0,3378469
ssnAp,0.2,4,4,CAAGGAGCGACTGAGGCGAG,0,3366376
ssnAp,0.2,4,4,CAAGAGGTTTTTTATAGGTT,0,3372998
ssnAp,0.2,4,4,CAAGAACTCGGAACTGGGTC,0,3378858
ssnAp,0.2,4,4,CAACTCAGACATCAGTTCCC,0,3387484
ssnAp,0.2,4,4,CAACGATGCACTAATACGAC,0,3372198
ssnAp,0.2,4,4,CAACCCTGCAGTCTGAGTTC,0,3359806
ssnAp,0.2,4,4,CAAATGTTCAGCTTCCCATC,0,3389914
ssnAp,0.2,4,4,CAAATAAAGCTGTTGGGTTC,0,3395275
ssnAp,0.2,4,4,CAAACTCACCCCTGCATGAA,0,3399870
ssnAp,0.2,4,4,CAAACCTGGAGCGTTAACGC,0,3375237
ssnAp,0.2,4,4,ATTTTCCCGGTGAAGTAATA,0,3360914
ssnAp,0.2,4,4,ATTTTCCCCTATCGCTGTTA,0,3391851
ssnAp,0.2,4,4,ATTTCTACTCCCTTTGGTAA,0,3384997
ssnAp,0.2,4,4,ATTTCTAAGTTAGTCCCATA,0,3361173
ssnAp,0.2,4,4,ATTGTATGCGTATGCGCTGT,0,3359625
ssnAp,0.2,4,4,ATTGTAGCTGGGTCGGTGAC,0,3385982
ssnAp,0.2,4,4,ATTCTTTTGATACTTAAAGC,0,3360982
ssnAp,0.2,4,4,ATTCTGTGGGGCACAGAAGT,0,3390836
ssnAp,0.2,4,4,ATTCCGCGACTAAATGGGCA,0,3383184
ssnAp,0.2,4,4,ATTCAATAAAGTGAGCTCAT,0,3386481
ssnAp,0.2,4,4,ATTCAACTCAAACATGCCAT,0,3377401
ssnAp,0.2,4,4,ATTATTACGATTCAGTTGGC,0,3372542
ssnAp,0.2,4,4,ATTATATCTAATCTCTATGT,0,3367645
ssnAp,0.2,4,4,ATTAGGACATGATCGTTTGT,0,3382768
ssnAp,0.2,4,4,ATTACTTCGTAACTCACACG,0,3362607
ssnAp,0.2,4,4,ATTAATTTGGTTACGGCCAG,0,3390421
ssnAp,0.2,4,4,ATGTGAGGGTTTCCTTTAGA,0,3371483
ssnAp,0.2,4,4,ATGTAGGCCCCCCGCTCTCT,0,3364415
ssnAp,0.2,4,4,ATGGTGCCGAGCATTCAGCA,0,3372053
ssnAp,0.2,4,4,ATGGGGACGTGCGCCCCCGC,0,3383902
ssnAp,0.2,4,4,ATGGCCTGCTACTTTTACAT,0,3363765
ssnAp,0.2,4,4,ATGGCAGCATCGTATGACAC,0,3366977
ssnAp,0.2,4,4,ATGGCAAAGAGTCACAGCTG,0,3370805
ssnAp,0.2,4,4,ATGGAACAATCTTTCTTCGA,0,3402534
ssnAp,0.2,4,4,ATGCTGTATGTGAGAGATAG,0,3367844
ssnAp,0.2,4,4,ATGCCTAGCGGGACCTGGTT,0,3378407
ssnAp,0.2,4,4,ATGCCGGGGGGCTCACGGGT,0,3362176
ssnAp,0.2,4,4,ATGCAGGATCTATACTGTAG,0,3401232
ssnAp,0.2,4,4,ATGATACTATTGGATTTATA,0,3375940
ssnAp,0.2,4,4,ATGATAATCCTTGACCTCCA,0,3392902
ssnAp,0.2,4,4,ATGAGTTGATAAACACAAGG,0,3366345
ssnAp,0.2,4,4,ATGAGATAACCTAGTGCAAT,0,3367991
ssnAp,0.2,4,4,ATGAACAACCGTCAATTCGT,0,3360143
ssnAp,0.2,4,4,ATCTTACTGAGCATCGGACA,0,3399865
ssnAp,0.2,4,4,ATCTGCTGAGGGCGAGGCGT,0,3360884
ssnAp,0.2,4,4,ATCTGATCGACACGTAACGA,0,3367337
ssnAp,0.2,4,4,ATCTCATGGAGCAGCAAGGA,0,3369151
ssnAp,0.2,4,4,ATCGGTTCTTGCAACGGTGG,0,3397106
ssnAp,0.2,4,4,ATCGGTACCGGAGGACAGAA,0,3376156
ssnAp,0.2,4,4,ATCGGTACACGCTAAAGGTG,0,3377189
ssnAp,0.2,4,4,ATCGCATCAGTGCAATGAAT,0,3400565
ssnAp,0.2,4,4,ATCGCAAAAAGGTGGGACTC,0,3369138
ssnAp,0.2,4,4,ATCGATTGCAACTACGGTTC,0,3381747
ssnAp,0.2,4,4,ATCCTAATCCATGAAGAACC,0,3380469
ssnAp,0.2,4,4,ATCCGGATGATTTACAAGAG,0,3397287
ssnAp,0.2,4,4,ATCCGAGTTAACCTTCGGCA,0,3375671
ssnAp,0.2,4,4,ATCCCCGGACAAATGAAAGG,0,3394107
ssnAp,0.2,4,4,ATCCATTATAGACCTGTCCC,0,3365168
ssnAp,0.2,4,4,ATCACTCTATATTTTAGAAG,0,3360560
ssnAp,0.2,4,4,ATCAATTGGTAATGGGCTAT,0,3401198
ssnAp,0.2,4,4,ATCAACTCATTCATCGGTTA,0,3391813
ssnAp,0.2,4,4,ATATGGATTATTGATTGAAT,0,3380030
ssnAp,0.2,4,4,ATATGCAACAAAATTTACCT,0,3369732
ssnAp,0.2,4,4,ATATGACGTCCCGTGAAATT,0,3369385
ssnAp,0.2,4,4,ATATCACCGCTTTAAAGTAG,0,3363077
ssnAp,0.2,4,4,ATATCACCAACCGTTGGATT,0,3376947
ssnAp,0.2,4,4,ATAGTCATTAAAGCTTAATC,0,3368584
ssnAp,0.2,4,4,ATACTGGAGAGCTGTGAGTA,0,3364860
ssnAp,0.2,4,4,ATACGTGTGATATCGTTCAA,0,3395669
ssnAp,0.2,4,4,ATACCTCAAACCCGCTGAAA,0,3387124
ssnAp,0.2,4,4,ATACCCTCGGTCCGTATAGC,0,3398590
ssnAp,0.2,4,4,ATACCAGCGTTTCCATACAA,0,3385400
ssnAp,0.2,4,4,ATACAGGTCCGTGACGTTTC,0,3387610
ssnAp,0.2,4,4,ATAATCTCGTTCCAATCTCG,0,3396277
ssnAp,0.2,4,4,ATAATCGGGTAGCCACAGAA,0,3364550
ssnAp,0.2,4,4,ATAACTATTACTTCAAGGAA,0,3361797
ssnAp,0.2,4,4,ATAACGGCTTCATAAATCTG,0,3375403
ssnAp,0.2,4,4,ATAAAGTCGTGGTCACTTCC,0,3365343
ssnAp,0.2,4,4,ATAAAGCGACTGATTGTAAC,0,3362329
ssnAp,0.2,4,4,AGTTTTCTCCTTAAAACGGG,0,3396549
ssnAp,0.2,4,4,AGTTTGTCCAAATCTGAGCC,0,3374776
ssnAp,0.2,4,4,AGTTTGGACCCACGGGCCAA,0,3380706
ssnAp,0.2,4,4,AGTTCGAGCCTTCGGAGACA,0,3369944
ssnAp,0.2,4,4,AGTGGTAGCATCGTTATTGC,0,3372114
ssnAp,0.2,4,4,AGTGGCAGCCGTTCGCCACT,0,3371655
ssnAp,0.2,4,4,AGTGGATGTTCATTGACTAC,0,3376426
ssnAp,0.2,4,4,AGTGGATGTAAAAACCGTAG,0,3384184
ssnAp,0.2,4,4,AGTGGAGGCTGAGGGGGCGG,0,3402610
ssnAp,0.2,4,4,AGTGCTTCTCTATCGTACCG,0,3397165
ssnAp,0.2,4,4,AGTGCCCGTGTAAAAAGGTG,0,3377214
ssnAp,0.2,4,4,AGTGACCCCGAGTTCCCGGT,0,3366825
ssnAp,0.2,4,4,AGTCTTGCGCGAGTTGTTCA,0,3370159
ssnAp,0.2,4,4,AGTCTGGCGGAAGGGCTCTT,0,3380818
ssnAp,0.2,4,4,AGTCTCGGCGGGGTCGCTTT,0,3390074
ssnAp,0.2,4,4,AGTCCGGCGACTCGTTCGCT,0,3378309
ssnAp,0.2,4,4,AGTCCCACTTCGTTGTTATC,0,3375482
ssnAp,0.2,4,4,AGTCAAGTGTCTCCACCGAC,0,3394980
ssnAp,0.2,4,4,AGTCAACCTCTAGACGGCTA,0,3399699
ssnAp,0.2,4,4,AGTATGCCTGCAGAGCAGTT,0,3382647
ssnAp,0.2,4,4,AGTAGAGTTAACGGGTCGAG,0,3383823
ssnAp,0.2,4,4,AGGTTTCTAACATGGCTCAT,0,3375820
ssnAp,0.2,4,4,AGGTTGGAGCGAGTGATGGT,0,3376897
ssnAp,0.2,4,4,AGGTGAGAGCCGCAAGCTAA,0,3387499
ssnAp,0.2,4,4,AGGTCTCCTACATCAGTCTA,0,3402579
ssnAp,0.2,4,4,AGGTCAAGGCAGTAGAGGTA,0,3394030
ssnAp,0.2,4,4,AGGTAGATAGATATGGTCAA,0,3362733
ssnAp,0.2,4,4,AGGTACGGTTACCAGTTCGT,0,3363626
ssnAp,0.2,4,4,AGGGGTGGAGGATTGTTCTA,0,3372657
ssnAp,0.2,4,4,AGGGGCCTCATTACCTTAAT,0,3370433
ssnAp,0.2,4,4,AGGGCATCACCCGTCCTGCA,0,3374398
ssnAp,0.2,4,4,AGGGCAACCTGTACTGGAAT,0,3380722
ssnAp,0.2,4,4,AGGGAGTTCCGCCGCGGCGT,0,3385847
ssnAp,0.2,4,4,AGGGAAGTTTGCAGCCCCAC,0,3360730
ssnAp,0.2,4,4,AGGCTTAGGTTAACTGGTGA,0,3380191
ssnAp,0.2,4,4,AGGCGTACGATATCCTATTG,0,3387178
ssnAp,0.2,4,4,AGGCGTAAGACTACGAACAT,0,3377207
ssnAp,0.2,4,4,AGGCGGACGATGTGAGTCTG,0,3370796
ssnAp,0.2,4,4,AGGCCACAGCACGCTTTCCT,0,3393332
ssnAp,0.2,4,4,AGGCATGAATCATGCGGGCG,0,3393425
ssnAp,0.2,4,4,AGGCATCAAGGAGTGCATAC,0,3389532
ssnAp,0.2,4,4,AGGCAACGGTCCTTATTAAC,0,3383347
ssnAp,0.2,4,4,AGGATGAATCAACACGCCCC,0,3396820
ssnAp,0.2,4,4,AGGATATCGGGCTCAGCTAG,0,3382530
ssnAp,0.2,4,4,AGGACTTCTGACGAGCCCTC,0,3384961
ssnAp,0.2,4,4,AGGAATTTCAAAACCGACTC,0,3369566
ssnAp,0.2,4,4,AGCTGGAAGGTGATCGTATT,0,3395394
ssnAp,0.2,4,4,AGCTGCCTCCGTCGAGACGA,0,3400468
ssnAp,0.2,4,4,AGCTCTGAATAATCTGTAGC,0,3371014
ssnAp,0.2,4,4,AGCTCGGAGGAGGATGCTTA,0,3384050
ssnAp,0.2,4,4,AGCGGTTTGCGCTTCCGATA,0,3376073
ssnAp,0.2,4,4,AGCGGCAGAACATCCGGCAC,0,3375290
ssnAp,0.2,4,4,AGCGAATCCGGCACCTACGA,0,3399047
ssnAp,0.2,4,4,AGCCACGGGGGCTTGAAGTA,0,3365807
ssnAp,0.2,4,4,AGCATCTTGCGAACGACTCG,0,3393059
ssnAp,0.2,4,4,AGCACCTAGTATTCGATATT,0,3396429
ssnAp,0.2,4,4,AGCACATTCGGGCAAGGTGA,0,3396722
ssnAp,0.2,4,4,AGCAATGAATGGCAAAAGCT,0,3397665
ssnAp,0.2,4,4,AGATTTCAGTGTATCCTGGA,0,3373103
ssnAp,0.2,4,4,AGATTGCAGACTAACAGTCC,0,3375738
ssnAp,0.2,4,4,AGATCAGTAGGGTTATGGAA,0,3361071
ssnAp,0.2,4,4,AGATCACGACGATGGGTAAA,0,3360515
ssnAp,0.2,4,4,AGATAAACTTTCGCGCGACT,0,3365355
ssnAp,0.2,4,4,AGAGTGAATAGTGAGTCGGA,0,3383706
ssnAp,0.2,4,4,AGAGTAATGAGCCGATTCGA,0,3359407
ssnAp,0.2,4,4,AGAGGGATTCTTGTGTCAGA,0,3402434
ssnAp,0.2,4,4,AGAGGCCTGGCCGGGCTTAT,0,3391079
ssnAp,0.2,4,4,AGAGGAACTCCGCTCGCGAT,0,3382577
ssnAp,0.2,4,4,AGAGCAATCTGCTCCACCAC,0,3371538
ssnAp,0.2,4,4,AGACTCAATCCCGAACGGGT,0,3394800
ssnAp,0.2,4,4,AGACTATGATCGAGCCTAGA,0,3360425
ssnAp,0.2,4,4,AGACTAGACACCACATTAAA,0,3379423
ssnAp,0.2,4,4,AGACATCTAATTCCGCGGAT,0,3381424
ssnAp,0.2,4,4,AGACACCTTGACTCTTCTAT,0,3360409
ssnAp,0.2,4,4,AGAACTACTGTCCGTGAGCC,0,3396663
ssnAp,0.2,4,4,AGAAAAGGCAAATAACAGTT,0,3380323
ssnAp,0.2,4,4,ACTTTGGATGAACGCCCCGC,0,3402060
ssnAp,0.2,4,4,ACTTTGAAAACGTGACACCA,0,3386579
ssnAp,0.2,4,4,ACTTCTTTGGAAGGATTTCC,0,3386835
ssnAp,0.2,4,4,ACTTAGAGAGCTTGTCAACG,0,3368487
ssnAp,0.2,4,4,ACTGTGCCTCTGGATCTCGT,0,3395333
ssnAp,0.2,4,4,ACTGTGAGCTTGCTCGTCGT,0,3395737
ssnAp,0.2,4,4,ACTGGTTGAGGGTATTAATT,0,3392237
ssnAp,0.2,4,4,ACTGGGCCAATCAAAAATGA,0,3374171
ssnAp,0.2,4,4,ACTGGCATGCGTACTTTTGT,0,3382828
ssnAp,0.2,4,4,ACTGAAGATATCTATTGTAC,0,3368375
ssnAp,0.2,4,4,ACTCGTACCACATGGTAGTT,0,3390710
ssnAp,0.2,4,4,ACTCGGTCATTTACACAGTC,0,3377007
ssnAp,0.2,4,4,ACTCGAACATGTTAAGGCGA,0,3360058
ssnAp,0.2,4,4,ACTCCTCGCTCGCAGGACGG,0,3377973
ssnAp,0.2,4,4,ACTACTAGCCCTAGCGGCCC,0,3381432
ssnAp,0.2,4,4,ACTACGCTGTACTATCTCGG,0,3395418
ssnAp,0.2,4,4,ACTAAGTGCATCGCTATTGT,0,3384836
ssnAp,0.2,4,4,ACGTTGTGTAAAGGCAGCTG,0,3377669
ssnAp,0.2,4,4,ACGTTACTTGTAGGTCAATT,0,3375781
ssnAp,0.2,4,4,ACGTGAACAGATCAATCAGA,0,3373134
ssnAp,0.2,4,4,ACGTCTCTGGCGCTGGAATG,0,3359714
ssnAp,0.2,4,4,ACGTACGCGAGATAGTGCAT,0,3389749
ssnAp,0.2,4,4,ACGGGGGTGGTAACAGTCAA,0,3376981
ssnAp,0.2,4,4,ACGGCGAGGCATAGTTCTTT,0,3364426
ssnAp,0.2,4,4,ACGGCCGATGGCATTCTATT,0,3393450
ssnAp,0.2,4,4,ACGGCATCGCTCGGCACAAT,0,3377824
ssnAp,0.2,4,4,ACGCTCGGACAAAAACTTTT,0,3365479
ssnAp,0.2,4,4,ACGCCTGCGGAGGTTGCACA,0,3396766
ssnAp,0.2,4,4,ACGCAGGGGTATTTCGGTTC,0,3379272
ssnAp,0.2,4,4,ACGCAGCTAGGCTAATAGGA,0,3385882
ssnAp,0.2,4,4,ACGCAGAGCTTGGATTACAA,0,3367544
ssnAp,0.2,4,4,ACGCACCACTGGCCACAGGC,0,3363843
ssnAp,0.2,4,4,ACGATGTATTCCTCTTAACG,0,3373309
ssnAp,0.2,4,4,ACGATGGAGTACGCTGTGTT,0,3387336
ssnAp,0.2,4,4,ACGATAGGACTCAGGGCGTC,0,3368016
ssnAp,0.2,4,4,ACGAAGGTTATAATTGTAAG,0,3386581
ssnAp,0.2,4,4,ACCTTGGTGTCAGCTCGGCA,0,3386599
ssnAp,0.2,4,4,ACCTGGAGAGTGTGGTTCTC,0,3396902
ssnAp,0.2,4,4,ACCTGACTCTCTCATCGTTT,0,3392950
ssnAp,0.2,4,4,ACCTCGTCCGAGGCCTGTCA,0,3376636
ssnAp,0.2,4,4,ACCTCATGGTGAGAGCGCGC,0,3370280
ssnAp,0.2,4,4,ACCGTTGTGTCTTTGGTCTA,0,3364194
ssnAp,0.2,4,4,ACCGTAGCCACTCGTTCCTA,0,3366265
ssnAp,0.2,4,4,ACCGCGCCGGTAACTCGTGC,0,3372042
ssnAp,0.2,4,4,ACCCGAGCGACCCGTAGATT,0,3370515
ssnAp,0.2,4,4,ACCCCGTTACTTGTACGGAT,0,3362915
ssnAp,0.2,4,4,ACCCCGAAGGAGCGGGAATA,0,3362938
ssnAp,0.2,4,4,ACCATGACTAGCCCTTACGC,0,3369378
ssnAp,0.2,4,4,ACCAGTGCTTCTTACATGTC,0,3368109
ssnAp,0.2,4,4,ACCAAACTGAGCGAACTTGT,0,3363905
ssnAp,0.2,4,4,ACATTTGGTACATCCAGCCC,0,3385648
ssnAp,0.2,4,4,ACATTGTCACTGCACGGTGT,0,3402544
ssnAp,0.2,4,4,ACATGTTTTTTATGGACGCT,0,3402708
ssnAp,0.2,4,4,ACATGCTTAAAGTCGCTATG,0,3363831
ssnAp,0.2,4,4,ACATACGGGACTTTTATTTC,0,3389946
ssnAp,0.2,4,4,ACAGTGCCCGGAATTCCGTC,0,3398022
ssnAp,0.2,4,4,ACAGTCACCACTTCGGTAGA,0,3386210
ssnAp,0.2,4,4,ACAGTAGGCTATGTGGGCTC,0,3385730
ssnAp,0.2,4,4,ACAGGATTAGTATTATTGAC,0,3383595
ssnAp,0.2,4,4,ACAGGAGGGAACCATGTACA,0,3379021
ssnAp,0.2,4,4,ACAGCGGCAGTTACTTCCTC,0,3361057
ssnAp,0.2,4,4,ACAGCGGAATTTACGAATAC,0,3373353
ssnAp,0.2,4,4,ACACTCAGTGAAATCTCTGG,0,3379673
ssnAp,0.2,4,4,ACACGGTCGTATGCCATGTG,0,3361386
ssnAp,0.2,4,4,ACACAGGTACGAGTGTACCA,0,3388283
ssnAp,0.2,4,4,ACAATCGCCGCCCCTCTGTT,0,3362550
ssnAp,0.2,4,4,ACAATAACAATCGTGTTCGG,0,3385123
ssnAp,0.2,4,4,ACAAGATAATGCATTCAAAT,0,3381341
ssnAp,0.2,4,4,ACAAAGCGTCAGGATAGCGA,0,3391248
ssnAp,0.2,4,4,AATTTTTGCAAAGGTAACAG,0,3394126
ssnAp,0.2,4,4,AATTTTCAACTAACACAATC,0,3402681
ssnAp,0.2,4,4,AATTTGTAGTCTACCAGAAG,0,3368086
ssnAp,0.2,4,4,AATTGGCAGTGACTCTCGCC,0,3374367
ssnAp,0.2,4,4,AATTCTTTACACCCAACTAT,0,3364961
ssnAp,0.2,4,4,AATTCCTTTACTAGGCTGTT,0,3399720
ssnAp,0.2,4,4,AATTCCTGGTGGCCGCGGGA,0,3393309
ssnAp,0.2,4,4,AATTCCTCAGGTCGTAGGGG,0,3371402
ssnAp,0.2,4,4,AATGTCTGTAAGCGTGATGT,0,3385011
ssnAp,0.2,4,4,AATGTCGAGCCAAAGATACT,0,3366575
ssnAp,0.2,4,4,AATGTCAACTGTCACACGTC,0,3373169
ssnAp,0.2,4,4,AATGCATCATTCGTAATGAA,0,3370105
ssnAp,0.2,4,4,AATGATGTTTGTGAAGTGTC,0,3360590
ssnAp,0.2,4,4,AATGAGGCAAGTGGTATTGG,0,3399675
ssnAp,0.2,4,4,AATCTCTTTCCTCCAGTCCT,0,3379879
ssnAp,0.2,4,4,AATCGTTCCCCTCCTGCTAG,0,3401646
ssnAp,0.2,4,4,AATCGTGCGTCTAGAGCAGT,0,3402963
ssnAp,0.2,4,4,AATCCAGCCCCCAGAAGTGT,0,3400350
ssnAp,0.2,4,4,AATCAGCTGGCTCCCGTCCC,0,3380582
ssnAp,0.2,4,4,AATAGTTAACAGTCATGAAT,0,3401191
ssnAp,0.2,4,4,AATAGCGAAGTGCCCGGGGG,0,3400215
ssnAp,0.2,4,4,AATAGATTGTCCTCGAAAGC,0,3375626
ssnAp,0.2,4,4,AATACGGGTCAGTTACATGC,0,3390928
ssnAp,0.2,4,4,AATAATAACGACCGCATATT,0,3384149
ssnAp,0.2,4,4,AAGTATCAAGGGATAAGTCT,0,3363939
ssnAp,0.2,4,4,AAGTAGACGCTGAGCAGTTT,0,3385721
ssnAp,0.2,4,4,AAGTAACGGGTGAAATTTTC,0,3397184
ssnAp,0.2,4,4,AAGGGGAATATTATGGCATC,0,3395250
ssnAp,0.2,4,4,AAGGGCTCGCTCTTTCAATG,0,3370773
ssnAp,0.2,4,4,AAGGGAGCCGGCCAGCATGA,0,3377482
ssnAp,0.2,4,4,AAGCTCCGGCCGGATACTCT,0,3370881
ssnAp,0.2,4,4,AAGCTAGCGCCAGGCATAAA,0,3366731
ssnAp,0.2,4,4,AAGCGAAGACGCTCTCGTCC,0,3369231
ssnAp,0.2,4,4,AAGCCTTTGAATAGCACTCG,0,3383321
ssnAp,0.2,4,4,AAGCAAAAGCTCCATTATCA,0,3369010
ssnAp,0.2,4,4,AAGAGATCGGAAGTGTAAAA,0,3383287
ssnAp,0.2,4,4,AACTTGTCTGTAAGGGAACA,0,3361382
ssnAp,0.2,4,4,AACTTCGGGATTGATGTATG,0,3367321
ssnAp,0.2,4,4,AACTGTGTGATGGGGACGGG,0,3392107
ssnAp,0.2,4,4,AACGTCTTTGGTCATGTCTT,0,3365631
ssnAp,0.2,4,4,AACGGATGGATTTTCAAATT,0,3401803
ssnAp,0.2,4,4,AACGATTTTTCAAGACCCGT,0,3386702
ssnAp,0.2,4,4,AACCTTATTCCTACCTGTGG,0,3382601
ssnAp,0.2,4,4,AACCTAACAATGCTCCTGTA,0,3378903
ssnAp,0.2,4,4,AACCCGGGTATTACTAGGCT,0,3366542
ssnAp,0.2,4,4,AACCCCTCTAGGAATGGGTT,0,3366412
ssnAp,0.2,4,4,AACCCAGACGAGTCCTCCCG,0,3380506
ssnAp,0.2,4,4,AACCAACCCGTTAGTTCGTA,0,3367237
ssnAp,0.2,4,4,AACATGATCCCAGCACTCTT,0,3362246
ssnAp,0.2,4,4,AAATTTCGGCTAGGTTGGTC,0,3393724
ssnAp,0.2,4,4,AAATGTGACCCCGTACACGT,0,3389117
ssnAp,0.2,4,4,AAATCGTCAGGGTTGTCGCT,0,3397991
ssnAp,0.2,4,4,AAATAGAATTAGGTTGCGCA,0,3390506
ssnAp,0.2,4,4,AAATACCGATTCTCCGTCCA,0,3376254
ssnAp,0.2,4,4,AAATACCCCGCCTCGATCTG,0,3372500
ssnAp,0.2,4,4,AAATACACTGTGGCTTTGGA,0,3389129
ssnAp,0.2,4,4,AAATAACACGAACCCGAGTG,0,3365100
ssnAp,0.2,4,4,AAAGGGGGAACGCTTAACCT,0,3389161
ssnAp,0.2,4,4,AAAGCATTTGCAAAACAGTC,0,3369885
ssnAp,0.2,4,4,AAAGCAGCGTTCAATCTGGA,0,3372903
ssnAp,0.2,4,4,AAAGACTTTACAGTGACAGC,0,3379148
ssnAp,0.2,4,4,AAAGAAAATACTAACCGAAC,0,3376892
ssnAp,0.2,4,4,AAACTGCTACGTAGTTCCTA,0,3381653
ssnAp,0.2,4,4,AAACTGCATAGGTACTAAGG,0,3398635
ssnAp,0.2,4,4,AAACGTGTACTTTTAAGGTA,0,3359440
ssnAp,0.2,4,4,AAACATACATTAGGTGAGAA,0,3386845
ssnAp,0.2,4,4,AAAATAAGAATAGGACTCGT,0,3372693
ssnAp,0.2,4,4,AAAACGACCAAGCCCAAGCA,0,3383643
ssnAp,0.2,4,4,AAAACCGTTCATGTTTGAAA,0,3391567
ssnAp,0.2,4,4,AAAACAACGGTTCACAGAAT,0,3361972
ssnAp,0.25,3,3,TTTTTCAGCAGGATTCTCCT,0,3391783
ssnAp,0.25,3,3,TTTTTAACCGAATTACGGTC,0,3377187
ssnAp,0.25,3,3,TTTTGTTGGGAATTCACAAT,0,3361187
ssnAp,0.25,3,3,TTTTCTCTATGATCAGCGTT,0,3394330
ssnAp,0.25,3,3,TTTTCTCATCAGAACATAGT,0,3377010
ssnAp,0.25,3,3,TTTTATGATCGACTTACGTC,0,3378717
ssnAp,0.25,3,3,TTTTACCGGAAACGTCCCCT,0,3399135
ssnAp,0.25,3,3,TTTTAATAGGAGCCACCCGG,0,3365784
ssnAp,0.25,3,3,TTTGTTAGGTTCCTGGCGGA,0,3390418
ssnAp,0.25,3,3,TTTGTATCCCCAACTCAAAC,0,3375244
ssnAp,0.25,3,3,TTTGTACCAAGGTGCTCTGA,0,3392988
ssnAp,0.25,3,3,TTTGGGACTTTTAGTAAAAC,0,3393215
ssnAp,0.25,3,3,TTTGGCTGACTTCGCGGTCG,0,3398802
ssnAp,0.25,3,3,TTTGGCCAAGGGTCATACTG,0,3371454
ssnAp,0.25,3,3,TTTGCTGTGGAAGGGTTGAA,0,3387050
ssnAp,0.25,3,3,TTTGCGGAGTGCTCAGTTCA,0,3393307
ssnAp,0.25,3,3,TTTGCACGCTTCTTCTCGAT,0,3378586
ssnAp,0.25,3,3,TTTGCACCATTATTATTTGT,0,3385854
ssnAp,0.25,3,3,TTTGATGTCGGTTACGAACC,0,3369301
ssnAp,0.25,3,3,TTTGATACCTCGTGACCAAA,0,3366276
ssnAp,0.25,3,3,TTTGAGCAAATCGAGCGGTA,0,3379275
ssnAp,0.25,3,3,TTTCTGTTTCTTTTCCCGGC,0,3381207
ssnAp,0.25,3,3,TTTCTCACCAATGAGGCCTT,0,3393613
ssnAp,0.25,3,3,TTTCGCTTCGCGGTAATTCC,0,3372447
ssnAp,0.25,3,3,TTTCGCAGAAGCGATAGGCT,0,3399878
ssnAp,0.25,3,3,TTTCCCGGCACTATCGGATG,0,3396509
ssnAp,0.25,3,3,TTTCCCGCGAGCTTGAGCTC,0,3396099
ssnAp,0.25,3,3,TTTCACAGACATCGCATTAA,0,3396483
ssnAp,0.25,3,3,TTTCAATTTAGCAGCATGGT,0,3390057
ssnAp,0.25,3,3,TTTATCTCTACTCCCTGACA,0,3383560
ssnAp,0.25,3,3,TTTATCGCGATGATCTTAAC,0,3365136
ssnAp,0.25,3,3,TTTAGTTTATATGGGAGGAA,0,3392743
ssnAp,0.25,3,3,TTTAGTACTCGCCAGGGAAA,0,3369128
ssnAp,0.25,3,3,TTTACGTGCGGCGTTCGCGA,0,3390878
ssnAp,0.25,3,3,TTTACGGGAGCTCGGCCGTC,0,3397167
ssnAp,0.25,3,3,TTTAATCAGGAACCAGTAGC,0,3392111
ssnAp,0.25,3,3,TTGTTTTCCACCGATAATTA,0,3399168
ssnAp,0.25,3,3,TTGTGTGCGTCGCGTGTAGC,0,3374904
ssnAp,0.25,3,3,TTGGTGCGTTATGTGCGGCG,0,3373024
ssnAp,0.25,3,3,TTGGGCCTGTGCGAAGGAAG,0,3373281
ssnAp,0.25,3,3,TTGGCGTACTCACTGTTGAC,0,3402523
ssnAp,0.25,3,3,TTGGCCCGCGCTTATGTCAG,0,3399574
ssnAp,0.25,3,3,TTGGAGTAGGGGTTTAGAAC,0,3367921
ssnAp,0.25,3,3,TTGGAGGTTATATCTCGCTC,0,3385452
ssnAp,0.25,3,3,TTGGAGACCTGAATTGGGCG,0,3399269
ssnAp,0.25,3,3,TTGCTTTCAATTTGGGACCC,0,3372628
ssnAp,0.25,3,3,TTGCTGCAAGACGCGCATGA,0,3362992
ssnAp,0.25,3,3,TTGCGTCAGCAAAGGGCAGT,0,3375347
ssnAp,0.25,3,3,TTGCGCTCCCCTGTTCTGCC,0,3385207
ssnAp,0.25,3,3,TTGCGATGTGAAGAAACACG,0,3361579
ssnAp,0.25,3,3,TTGCAGCGGAACCTGTATAC,0,3374417
ssnAp,0.25,3,3,TTGCAAGTGTTTCCTCCGTC,0,3383341
ssnAp,0.25,3,3,TTGATTCCGGATAGCTCCCA,0,3383459
ssnAp,0.25,3,3,TTGATTCATACATTCACAGG,0,3364193
ssnAp,0.25,3,3,TTGATGAATTGTCCAATCTT,0,3365531
ssnAp,0.25,3,3,TTGATCGGCAGTGACACTCT,0,3359497
ssnAp,0.25,3,3,TTGAGCGGTCAGGTGAGAAG,0,3367265
ssnAp,0.25,3,3,TTGAGCATACCGCGCACAGG,0,3389539
ssnAp,0.25,3,3,TTGACGTCCCCCTAGGTTAG,0,3381490
ssnAp,0.25,3,3,TTGACCTGGAGAAGCCCTGC,0,3362458
ssnAp,0.25,3,3,TTCTTCGGGAGGAAGCGCAG,0,3387884
ssnAp,0.25,3,3,TTCTTAAGTGCATACGTTTC,0,3377484
ssnAp,0.25,3,3,TTCTGCTGCGTTCGTATGAT,0,3400348
ssnAp,0.25,3,3,TTCTCCCCTAATCTAACAGA,0,3371876
ssnAp,0.25,3,3,TTCTCAGGATTGTGACACGC,0,3401528
ssnAp,0.25,3,3,TTCTCACGCATGCCCCGGCT,0,3399403
ssnAp,0.25,3,3,TTCGTCCCCCCGTACATCCC,0,3396171
ssnAp,0.25,3,3,TTCGGTTGCGTCTTACCCAG,0,3373965
ssnAp,0.25,3,3,TTCGGGTGTATACGCGTGGA,0,3375983
ssnAp,0.25,3,3,TTCCTCAGGAAGGTTATAGC,0,3371716
ssnAp,0.25,3,3,TTCCTAATCTAAGACCCAGA,0,3399604
ssnAp,0.25,3,3,TTCCGGCTAGAACCGACCAA,0,3402639
ssnAp,0.25,3,3,TTCCCCAAGCCAATCGGGCT,0,3367842
ssnAp,0.25,3,3,TTCCATGGGAGCCCGTAATT,0,3388681
ssnAp,0.25,3,3,TTCCATCTCGCTGGTGCATG,0,3392164
ssnAp,0.25,3,3,TTCATTGTCACAGGCGCACA,0,3381770
ssnAp,0.25,3,3,TTCAGATGCCGTGCTTCTGT,0,3365084
ssnAp,0.25,3,3,TTCACTAATGACACATGGCT,0,3385250
ssnAp,0.25,3,3,TTCACCTTGGGTATGTTTGG,0,3392518
ssnAp,0.25,3,3,TTATTCGGCGGTGAGCCTTC,0,3377755
ssnAp,0.25,3,3,TTATGTCGCTGTTATTACAA,0,3362592
ssnAp,0.25,3,3,TTATGGGATCTACTTCGAAC,0,3373463
ssnAp,0.25,3,3,TTATGACGGATCCATACTGC,0,3378458
ssnAp,0.25,3,3,TTATCTTGTGTGACATATTA,0,3369171
ssnAp,0.25,3,3,TTATCTTCCTGCGAGTACTT,0,3370793
ssnAp,0.25,3,3,TTATAAGGGTGTTCAACGTA,0,3401802
ssnAp,0.25,3,3,TTAGTGATATCGGCGCAGTT,0,3365106
ssnAp,0.25,3,3,TTACTGTGACCGACTTCTGT,0,3380830
ssnAp,0.25,3,3,TTACTACGGCTGCTTATGGA,0,3386655
ssnAp,0.25,3,3,TTACTACAATCGATTAGTCC,0,3383961
ssnAp,0.25,3,3,TTACTAATACTAAGTGTTAC,0,3401033
ssnAp,0.25,3,3,TTACTAAGGTCTGCCCGTTC,0,3388208
ssnAp,0.25,3,3,TTACGTGGCCGCTGTTCGGT,0,3387945
ssnAp,0.25,3,3,TTACGGCTTGACGTGAATAA,0,3372626
ssnAp,0.25,3,3,TTACGGCGTGCTTTCCCTAA,0,3402508
ssnAp,0.25,3,3,TTACGCGCTTCCGGGCGTCT,0,3365006
ssnAp,0.25,3,3,TTACGACAAAGGGCATAATA,0,3375971
ssnAp,0.25,3,3,TTACCGTACCCGACCTTGCT,0,3390414
ssnAp,0.25,3,3,TTACACGAAGCCCAGCTACT,0,3368227
ssnAp,0.25,3,3,TTACAATGGCATGCGTTCCA,0,3374548
ssnAp,0.25,3,3,TTAAGGCGTTGCCATTGCTG,0,3398052
ssnAp,0.25,3,3,TTAACTGTGAAGGGGAGTCC,0,3361343
ssnAp,0.25,3,3,TTAAATTGGCTCCTATGGTG,0,3360511
ssnAp,0.25,3,3,TTAAAGGTCGGTTATACATC,0,3373588
ssnAp,0.25,3,3,TTAAAGCAGCGAAAGAAGCT,0,3398096
ssnAp,0.25,3,3,TGTTTTACGTTCACGAGCGC,0,3402028
ssnAp,0.25,3,3,TGTTTACGCGCTAGTATCCA,0,3371269
ssnAp,0.25,3,3,TGTTGTGCCTTAGTCGGATT,0,3364755
ssnAp,0.25,3,3,TGTTGAGTACGTACTCGCGG,0,3391632
ssnAp,0.25,3,3,TGTTCTCACTGTCTCAGTAC,0,3396220
ssnAp,0.25,3,3,TGTTCCACGACACGTTACGT,0,3366486
ssnAp,0.25,3,3,TGTGTAGGGTATGCTTTCAT,0,3400983
ssnAp,0.25,3,3,TGTGGGTATTGCTGTTGGGC,0,3373493
ssnAp,0.25,3,3,TGTGGCGAGGCAACGTATTG,0,3381952
ssnAp,0.25,3,3,TGTGGATGGCGTGATGGAAG,0,3384527
ssnAp,0.25,3,3,TGTGCTGTGTTCAGGGAGGC,0,3394635
ssnAp,0.25,3,3,TGTGCTCGGACCCCGGGATC,0,3364061
ssnAp,0.25,3,3,TGTGCAACGCAATCGGAGGA,0,3397202
ssnAp,0.25,3,3,TGTGACTGGAAGATACAATC,0,3367752
ssnAp,0.25,3,3,TGTCCGTTGGTGGTTACGCG,0,3385523
ssnAp,0.25,3,3,TGTCCCCGCCGTAGATAGCT,0,3363958
ssnAp,0.25,3,3,TGTCATGATATCCAGGTTGT,0,3395884
ssnAp,0.25,3,3,TGTCATCGCACCAATAACCA,0,3389881
ssnAp,0.25,3,3,TGTCATAGACGAGCGGCCAC,0,3387983
ssnAp,0.25,3,3,TGTCAGTTCGAGTCATAAGA,0,3391072
ssnAp,0.25,3,3,TGTCAAGCATGATCAGTATC,0,3377466
ssnAp,0.25,3,3,TGTCAACGTCGAGGGTGTAG,0,3362206
ssnAp,0.25,3,3,TGTATCGCAAACGCAGCGAC,0,3372916
ssnAp,0.25,3,3,TGTATAGGGGCCTCGTTCGG,0,3364329
ssnAp,0.25,3,3,TGTACTCAAAGAGCGAACGA,0,3389501
ssnAp,0.25,3,3,TGTACGAAACTAGCAAGGAA,0,3367603
ssnAp,0.25,3,3,TGTAAATACGAAACTATTAG,0,3402976
ssnAp,0.25,3,3,TGGTTGAGCGGGGCCATAGA,0,3401139
ssnAp,0.25,3,3,TGGTGCCTTCCCTATAGCGA,0,3381891
ssnAp,0.25,3,3,TGGTCTTGCAGGAGCACAAT,0,3397080
ssnAp,0.25,3,3,TGGTCGCGGCTCGTTTTGGC,0,3360062
ssnAp,0.25,3,3,TGGTCCTCGAGCGTTATACT,0,3380975
ssnAp,0.25,3,3,TGGTCCCCGTACCATGCGGA,0,3368323
ssnAp,0.25,3,3,TGGTATATGAAATAGCTAAT,0,3401887
ssnAp,0.25,3,3,TGGTACTGGTTTATGGCCGA,0,3367174
ssnAp,0.25,3,3,TGGGTTTACTTTCCAGGTCC,0,3375486
ssnAp,0.25,3,3,TGGGTCTTTAAAAACTCAGA,0,3383563
ssnAp,0.25,3,3,TGGGTCTTAACCCAAAAGAG,0,3383079
ssnAp,0.25,3,3,TGGGTCTGACCGAAATGATG,0,3397187
ssnAp,0.25,3,3,TGGGTAAAATCCTGTACTCT,0,3385213
ssnAp,0.25,3,3,TGGGCTCATACCTGACACAT,0,3385744
ssnAp,0.25,3,3,TGGGCACATTCAGCACAGCC,0,3380809
ssnAp,0.25,3,3,TGGGAGGGAACGAGACTTGA,0,3396253
ssnAp,0.25,3,3,TGGGAATATCACGCGCATGC,0,3361447
ssnAp,0.25,3,3,TGGCGGACACCCATTACTTA,0,3359230
ssnAp,0.25,3,3,TGGCATTTGCTGCCGAAAAC,0,3363495
ssnAp,0.25,3,3,TGGCATGGCCTTAGTTCGTC,0,3377577
ssnAp,0.25,3,3,TGGCAACAGTAGGAATAACA,0,3390801
ssnAp,0.25,3,3,TGGATTATTTAATGCAACTG,0,3385133
ssnAp,0.25,3,3,TGGATGGAGGACTGAGGCCG,0,3385018
ssnAp,0.25,3,3,TGGATGCTATCTCATGTTCC,0,3399121
ssnAp,0.25,3,3,TGGACTCCCCTGCGTGCATG,0,3401273
ssnAp,0.25,3,3,TGGACCCGTTTAGCCTCTAA,0,3397487
ssnAp,0.25,3,3,TGCTCAGGACACCCCGGATG,0,3378325
ssnAp,0.25,3,3,TGCTCACTACAACCACGGGA,0,3360200
ssnAp,0.25,3,3,TGCTATACGCACGGTTCACT,0,3397708
ssnAp,0.25,3,3,TGCGGCTACCGAGTGCCGAT,0,3370792
ssnAp,0.25,3,3,TGCGCGTTGTAGATCCCGGA,0,3381281
ssnAp,0.25,3,3,TGCCTCTTCATCATGAGTGT,0,3369968
ssnAp,0.25,3,3,TGCCGTCAGGAATCTTAGGG,0,3392545
ssnAp,0.25,3,3,TGCCGAGTTGCTATAACCAC,0,3367345
ssnAp,0.25,3,3,TGCCGACTCTTTGCCCGGCT,0,3387873
ssnAp,0.25,3,3,TGCCCGTATTTAGCATCGGT,0,3363533
ssnAp,0.25,3,3,TGCCATTGGCTGAAGACAGG,0,3400683
ssnAp,0.25,3,3,TGCCAGCGACCACATGTGAT,0,3382069
ssnAp,0.25,3,3,TGCCAAGCCTCAATTCCTAC,0,3393482
ssnAp,0.25,3,3,TGCATTTGTCTAGCGAGCAT,0,3374836
ssnAp,0.25,3,3,TGCATCAGGCCGCGCACGGT,0,3396781
ssnAp,0.25,3,3,TGCAGTCGCCGATCTCTATC,0,3371750
ssnAp,0.25,3,3,TGCAGTCCCTTCTTCCGGGC,0,3392566
ssnAp,0.25,3,3,TGCAATGCCGCAACATTCCT,0,3366572
ssnAp,0.25,3,3,TGAGTTTTCATAGGCCGAGT,0,3399696
ssnAp,0.25,3,3,TGAGTGTACACAGGTCCCGG,0,3385566
ssnAp,0.25,3,3,TGAGTGCCGGTGTCATTTCC,0,3393557
ssnAp,0.25,3,3,TGAGTGACGGGGTATCAAAG,0,3368102
ssnAp,0.25,3,3,TGAGTATGACAAAATTTTCG,0,3387204
ssnAp,0.25,3,3,TGAGGCAAGGTACACGACCA,0,3383373
ssnAp,0.25,3,3,TGAGCTGGTGCCGCCTAAGA,0,3382625
ssnAp,0.25,3,3,TGAGCATATCACGTGGATGC,0,3380253
ssnAp,0.25,3,3,TGACTTAGTTTAAAACGTCG,0,3369954
ssnAp,0.25,3,3,TGACTCTTCAGAAGATCCCA,0,3375406
ssnAp,0.25,3,3,TGACGTTTTAGGGAAACGAG,0,3364588
ssnAp,0.25,3,3,TGACAGGAATGACACTGTCG,0,3397463
ssnAp,0.25,3,3,TGACAGATTAAAGTGGACGG,0,3359655
ssnAp,0.25,3,3,TGACAACTAACGAGTGAGAA,0,3401781
ssnAp,0.25,3,3,TGAATGTGGTTAGCGGTGTA,0,3397653
ssnAp,0.25,3,3,TGAATGGATATAACCGGGCA,0,3389741
ssnAp,0.25,3,3,TGAATCCCTGTGTTAAAGTA,0,3366985
ssnAp,0.25,3,3,TGAAGTCGTCCGCTGTTGTT,0,3363484
ssnAp,0.25,3,3,TGAAGGTAAACCTAGTCGAG,0,3392464
ssnAp,0.25,3,3,TGAAGCAATGTACTCCAGGT,0,3360045
ssnAp,0.25,3,3,TGAAACCGCGGGACGAAGCG,0,3368297
ssnAp,0.25,3,3,TCTTTGCACCTGGTTCACCA,0,3389134
ssnAp,0.25,3,3,TCTTTGAGACAGCTGCGGCG,0,3365554
ssnAp,0.25,3,3,TCTTTCCTATTTCGTGTCCT,0,3378514
ssnAp,0.25,3,3,TCTTTACCGGTCTGCATGAG,0,3399875
ssnAp,0.25,3,3,TCTTATTTACAACGGTTCTA,0,3364285
ssnAp,0.25,3,3,TCTTAGAGAGCCTGACAAGA,0,3368170
ssnAp,0.25,3,3,TCTGTACGGTGAACTTAGAT,0,3383521
ssnAp,0.25,3,3,TCTGGGGTAATATGAACTGG,0,3389172
ssnAp,0.25,3,3,TCTGACACCTCCTGAATGCT,0,3364283
ssnAp,0.25,3,3,TCTGAACGGCCCGTTCCGCC,0,3361808
ssnAp,0.25,3,3,TCTCGATTTACTGGATAGCT,0,3392376
ssnAp,0.25,3,3,TCTCGACTGGGCATGTTGGT,0,3390931
ssnAp,0.25,3,3,TCTCCCAAGGGATTTCTCTC,0,3389072
ssnAp,0.25,3,3,TCTCATCTCCGAGCGGTTAA,0,3372044
ssnAp,0.25,3,3,TCTATCCCGCCGCATAGGTC,0,3365919
ssnAp,0.25,3,3,TCTATACCAGATTTAGAAAG,0,3387009
ssnAp,0.25,3,3,TCTAGTTCAAGCACCGGCCT,0,3359984
ssnAp,0.25,3,3,TCTAGGGGCTCCTTGAATGT,0,3359412
ssnAp,0.25,3,3,TCTAGCATTAGCGGACTATG,0,3397626
ssnAp,0.25,3,3,TCTAGAAAGGCGATCGTGGG,0,3370174
ssnAp,0.25,3,3,TCTACGACATGGGAATGTGC,0,3376408
ssnAp,0.25,3,3,TCTAAACTGCCTCACCGGAT,0,3381633
ssnAp,0.25,3,3,TCGTTGTTGAGGAAACAAGC,0,3386901
ssnAp,0.25,3,3,TCGTTGTCCGTCCCGCGATT,0,3378775
ssnAp,0.25,3,3,TCGTTCGGACGGCCAATCTT,0,3381796
ssnAp,0.25,3,3,TCGTCGCATAACAGATAGTA,0,3369886
ssnAp,0.25,3,3,TCGTCCACATTACAAGGGGG,0,3391486
ssnAp,0.25,3,3,TCGTATAATGTGGGATTACG,0,3359684
ssnAp,0.25,3,3,TCGGTCGGCGGGATCAATAC,0,3394784
ssnAp,0.25,3,3,TCGGGGTGTTCCATGAGAGT,0,3395017
ssnAp,0.25,3,3,TCGGGGGGTTGTACATTCTT,0,3365665
ssnAp,0.25,3,3,TCGGGGGCGATCGACATTTG,0,3389700
ssnAp,0.25,3,3,TCGGGGACTTTTGAAACGGT,0,3364421
ssnAp,0.25,3,3,TCGGGCCTCGCGGATCATGT,0,3393456
ssnAp,0.25,3,3,TCGGGCATCGGAGAGAACGG,0,3374736
ssnAp,0.25,3,3,TCGGCTTGCGTATAGAAGAG,0,3386838
ssnAp,0.25,3,3,TCGCTCACTACACCTAGACG,0,3385950
ssnAp,0.25,3,3,TCGCGGGCTGGCATGGCGCA,0,3386832
ssnAp,0.25,3,3,TCGCCCGGTAGTTTATGGGT,0,3390170
ssnAp,0.25,3,3,TCGCCCAAGGTGTTCCGGAA,0,3374685
ssnAp,0.25,3,3,TCGCATATGGGATATCTCAC,0,3397365
ssnAp,0.25,3,3,TCGCACCTTTGCCGCCCGGA,0,3390780
ssnAp,0.25,3,3,TCGCAAATTCTCGCACACAG,0,3366778
ssnAp,0.25,3,3,TCGATTCAGTGTGCCGCTTG,0,3363145
ssnAp,0.25,3,3,TCGATGTCATAGTAAGAGTA,0,3388115
ssnAp,0.25,3,3,TCGATGTAACCGTGCTTGTC,0,3376183
ssnAp,0.25,3,3,TCGATCATCTCACTGACTAA,0,3371677
ssnAp,0.25,3,3,TCGAGTGTTTCCCATCCATG,0,3360327
ssnAp,0.25,3,3,TCGAGTACTTCGCTTCTGGA,0,3376667
ssnAp,0.25,3,3,TCGAATGGGGTGTATATTGA,0,3361845
ssnAp,0.25,3,3,TCGAAAAAACATGGACAACT,0,3359158
ssnAp,0.25,3,3,TCCTTTTCGGCTTAAAACAC,0,3388909
ssnAp,0.25,3,3,TCCTTAGCGAGGCAGCCCTA,0,3389971
ssnAp,0.25,3,3,TCCTGCCAAATAATGAGGCG,0,3396365
ssnAp,0.25,3,3,TCCTCGGAGTAAGCCAACCC,0,3366237
ssnAp,0.25,3,3,TCCTCAATTAGGGGATGTCA,0,3373514
ssnAp,0.25,3,3,TCCTAATCTGGCTAGTGTAC,0,3370244
ssnAp,0.25,3,3,TCCGTAACCAGTAAGATGGT,0,3371540
ssnAp,0.25,3,3,TCCGGCCCGGCAAAGTCTCT,0,3380156
ssnAp,0.25,3,3,TCCGCGCTGTCAATGGCTGA,0,3381731
ssnAp,0.25,3,3,TCCGAGGACCTACTCGTATA,0,3363005
ssnAp,0.25,3,3,TCCGAATTCCCTTAACGTGA,0,3393123
ssnAp,0.25,3,3,TCCATGAGATAGGGTGAAAC,0,3399762
ssnAp,0.25,3,3,TCCAGGAAAATGTTCTCGCC,0,3379229
ssnAp,0.25,3,3,TCATTCCCGGGGCGACGCGC,0,3396841
ssnAp,0.25,3,3,TCATCTTTTCGACGCGGAGT,0,3373730
ssnAp,0.25,3,3,TCATCGAATCATAGGTTCTG,0,3386772
ssnAp,0.25,3,3,TCATATTTGTTAGGCGAAGG,0,3394013
ssnAp,0.25,3,3,TCATATCTTAGCAGCCTAGA,0,3365336
ssnAp,0.25,3,3,TCATAGACCACGGTAGCATA,0,3383161
ssnAp,0.25,3,3,TCAGTGTTAAACTTACCGAT,0,3400905
ssnAp,0.25,3,3,TCAGTAGCAAAGTCCCTCCT,0,3372766
ssnAp,0.25,3,3,TCAGGATGCTGTAGCCGGTG,0,3381699
ssnAp,0.25,3,3,TCAGATTTTGACTCATACAG,0,3401485
ssnAp,0.25,3,3,TCAGACACATATTAAGCCTG,0,3391768
ssnAp,0.25,3,3,TCAGAAACTAAAGGGGAGCG,0,3380056
ssnAp,0.25,3,3,TCACTGAGGCGGTTGTCCTG,0,3361302
ssnAp,0.25,3,3,TCACCGATATCTTATGTTCT,0,3401809
ssnAp,0.25,3,3,TCAATGACTCAATTTAACAG,0,3374725
ssnAp,0.25,3,3,TCAATCGGTGTTTCAGATGC,0,3363081
ssnAp,0.25,3,3,TCAAGTGGATTCGACCCCAC,0,3380370
ssnAp,0.25,3,3,TCAAGCACTCGAACGGCAAG,0,3379009
ssnAp,0.25,3,3,TCAACCAGATTGAGGCCATC,0,3389597
ssnAp,0.25,3,3,TATTTTTTAGGTGCCATACA,0,3361165
ssnAp,0.25,3,3,TATTTGGGGATGGGAGAGTT,0,3364068
ssnAp,0.25,3,3,TATTTCTCCCACGGGATTCA,0,3361209
ssnAp,0.25,3,3,TATTTAATAGCATGTATCGG,0,3376458
ssnAp,0.25,3,3,TATTGTAGTCATGGGTGCAG,0,3386708
ssnAp,0.25,3,3,TATGTTCAGATCTAAGCTTC,0,3402945
ssnAp,0.25,3,3,TATGTCTTATCTACACGGGT,0,3378847
ssnAp,0.25,3,3,TATGTCCCGCATGATAGAGC,0,3387511
ssnAp,0.25,3,3,TATGATTCTGATCGCCCATT,0,3362186
ssnAp,0.25,3,3,TATCTTTTAACGGGCGCAGA,0,3365614
ssnAp,0.25,3,3,TATCTCCATTACGGGGGAGT,0,3394950
ssnAp,0.25,3,3,TATCGTACCCTCTGCAGGAT,0,3359431
ssnAp,0.25,3,3,TATCGATGCCTTTAGATCTT,0,3389894
ssnAp,0.25,3,3,TATCGAAAGAGCGACTTACT,0,3361086
ssnAp,0.25,3,3,TATCCGCTACGGCACATCTA,0,3400189
ssnAp,0.25,3,3,TATCAAAGTAGGGGATTCAC,0,3380519
ssnAp,0.25,3,3,TATATTGACTTCAAACAACG,0,3362312
ssnAp,0.25,3,3,TATAGTAGCTTCTCGATCTC,0,3382471
ssnAp,0.25,3,3,TATAGAATGGCACAAAACCC,0,3396382
ssnAp,0.25,3,3,TATACGCGGTTCAAGGTCAG,0,3391981
ssnAp,0.25,3,3,TATACCGCAGCTTGATCAAA,0,3376961
ssnAp,0.25,3,3,TATAACTTGAAGTTCACTAT,0,3381518
ssnAp,0.25,3,3,TAGTTTTCACTGGTGCTAAG,0,3398666
ssnAp,0.25,3,3,TAGTTGTGGCGCGACCATAT,0,3381055
ssnAp,0.25,3,3,TAGTACCCGGTGAAAATTTT,0,3375085
ssnAp,0.25,3,3,TAGGGTCCTCCTATACCGCC,0,3388136
ssnAp,0.25,3,3,TAGGGGTGCCTTGGGCGATA,0,3390308
ssnAp,0.25,3,3,TAGGCACGAGCTATCCGAAT,0,3370275
ssnAp,0.25,3,3,TAGGACTCCATCACGGGGGC,0,3384786
ssnAp,0.25,3,3,TAGGACGGGCGTCGTCAATG,0,3359852
ssnAp,0.25,3,3,TAGCATACGCAGCATGACGA,0,3365424
ssnAp,0.25,3,3,TAGATATGGACACACAGCCC,0,3366274
ssnAp,0.25,3,3,TAGAGGGTTTGCACCTATGT,0,3380179
ssnAp,0.25,3,3,TAGAGGGGGAATCGCTGGGT,0,3398838
ssnAp,0.25,3,3,TAGACTCCTTTGGTTCTTCT,0,3364643
ssnAp,0.25,3,3,TAGACGTGCGAAGTAAATTT,0,3360704
ssnAp,0.25,3,3,TAGAACATTGACCACGTGTG,0,3374277
ssnAp,0.25,3,3,TAGAAACTGTTGCGATCTTC,0,3381857
ssnAp,0.25,3,3,TACTTTTAAAATGTCTTTCA,0,3380163
ssnAp,0.25,3,3,TACTGTTAGGCCACCTGACT,0,3396007
ssnAp,0.25,3,3,TACTGCTATTGGTTGTGATC,0,3392521
ssnAp,0.25,3,3,TACTGCATAACAATTAGAGG,0,3380422
ssnAp,0.25,3,3,TACTGCAGTTAGGTGGCCAT,0,3384239
ssnAp,0.25,3,3,TACTATGTTCCTCTTGAACT,0,3364503
ssnAp,0.25,3,3,TACGGCTTGGCAACGCGCTG,0,3374738
ssnAp,0.25,3,3,TACGGCTGAGGGTCCAACTC,0,3360125
ssnAp,0.25,3,3,TACGGCTAGCTTGAACGTAT,0,3390804
ssnAp,0.25,3,3,TACGGCAAACATTGCATAGA,0,3360986
ssnAp,0.25,3,3,TACGCTACGGGAAGCTATCT,0,3381284
ssnAp,0.25,3,3,TACGAAAACTGTCCCAAGTA,0,3369929
ssnAp,0.25,3,3,TACCGGAGATCCTTAATGCC,0,3390638
ssnAp,0.25,3,3,TACCCATAGGTTCGGGGCTT,0,3368276
ssnAp,0.25,3,3,TACCAGTGACAGCGCGAACT,0,3362339
ssnAp,0.25,3,3,TACATAAATTTGACTTATAA,0,3398636
ssnAp,0.25,3,3,TACAGTTCCGAGTTTTTCTT,0,3402745
ssnAp,0.25,3,3,TACAGGCCAATGGTTCTCAT,0,3397931
ssnAp,0.25,3,3,TACAAGCGGAGAATTCATTT,0,3390480
ssnAp,0.25,3,3,TACAAGCGGACCCCGGCGGC,0,3381149
ssnAp,0.25,3,3,TAATTTCAGCTATAAGTCGT,0,3387478
ssnAp,0.25,3,3,TAATCTCGAGGTTCGTTCAA,0,3374419
ssnAp,0.25,3,3,TAATCATAGTGGAACACACG,0,3392493
ssnAp,0.25,3,3,TAATAATTTGGCAGAGCGGA,0,3398955
ssnAp,0.25,3,3,TAAGGAATGCGTCGAGGTAC,0,3385591
ssnAp,0.25,3,3,TAAGCCGCAATGCAGATGGC,0,3392250
ssnAp,0.25,3,3,TAAGCCACGTGCTATGTATA,0,3389922
ssnAp,0.25,3,3,TAAGCATACACAGGACGAAC,0,3377856
ssnAp,0.25,3,3,TAAGAGTAAGAAGCTGCATA,0,3372471
ssnAp,0.25,3,3,TAAGAAGTCTTAGGGTTTGC,0,3388116
ssnAp,0.25,3,3,TAACGGTTACTCGTCTACAT,0,3374914
ssnAp,0.25,3,3,TAACCTAGTGTGTAAAGCAT,0,3372335
ssnAp,0.25,3,3,TAACCGGTTTAGACCAGTAA,0,3371449
ssnAp,0.25,3,3,TAACATTTGCAGAGATTTCA,0,3389631
ssnAp,0.25,3,3,TAACATTGATAACTTAGACA,0,3386038
ssnAp,0.25,3,3,TAACATGTTTTCTAAACCGG,0,3400692
ssnAp,0.25,3,3,TAAATACGCGATGAGTTACT,0,3391257
ssnAp,0.25,3,3,TAAAGGAGCGGTCAGGGTTC,0,3378011
ssnAp,0.25,3,3,TAAACCCACCCCCTGCTAAT,0,3379319
ssnAp,0.25,3,3,TAAACACCTTCCGGGTCTGA,0,3400831
ssnAp,0.25,3,3,GTTTGTAAGTCACTCGCCGC,0,3394897
ssnAp,0.25,3,3,GTTTCGCACTCCATAGGGCA,0,3396040
ssnAp,0.25,3,3,GTTTATACATCGCTTGAGTT,0,3386733
ssnAp,0.25,3,3,GTTGTTACGCCTCTTCCACA,0,3384118
ssnAp,0.25,3,3,GTTGTCAACCGGTTACCCAC,0,3387773
ssnAp,0.25,3,3,GTTGTACACCCGTCTGGTGT,0,3396652
ssnAp,0.25,3,3,GTTGGCTGATAATTGCTCTG,0,3378498
ssnAp,0.25,3,3,GTTGGCGTAATGATCTGCCC,0,3363681
ssnAp,0.25,3,3,GTTCTTGCTTGAGTCCGTAG,0,3387574
ssnAp,0.25,3,3,GTTCGCCAGTCTAGGTCAGC,0,3394886
ssnAp,0.25,3,3,GTTCGAAGTTATACCCCGAC,0,3359250
ssnAp,0.25,3,3,GTTCATCCTGGAACATGGGC,0,3375508
ssnAp,0.25,3,3,GTTCACTTACCTCATTCGAG,0,3382066
ssnAp,0.25,3,3,GTTATGACTAATATCCATGT,0,3363809
ssnAp,0.25,3,3,GTTAGTGCGGAATAGCTCCA,0,3360975
ssnAp,0.25,3,3,GTTAGCGCACATGAACTGCG,0,3367473
ssnAp,0.25,3,3,GTTACACGAGGTTTTCCACT,0,3386912
ssnAp,0.25,3,3,GTTAATATTATTAGTTCAGG,0,3378757
ssnAp,0.25,3,3,GTTAAGTATTAAAAAGAGTA,0,3392436
ssnAp,0.25,3,3,GTTAACTCCCGCTTGTATAT,0,3370778
ssnAp,0.25,3,3,GTTAACGTGTATTGTTAGTA,0,3376246
ssnAp,0.25,3,3,GTTAAAGATTTACTTCGGGA,0,3402121
ssnAp,0.25,3,3,GTGTGGTCACTTCGGGCCAA,0,3384396
ssnAp,0.25,3,3,GTGTCTTGACTTTGATCGGG,0,3402782
ssnAp,0.25,3,3,GTGTCTCGTGCCCAGCTCGA,0,3361465
ssnAp,0.25,3,3,GTGTCAGGAACCGAGCAGAG,0,3377439
ssnAp,0.25,3,3,GTGTATTTAGTCCTCGGGCA,0,3374159
ssnAp,0.25,3,3,GTGTATCAGCACTTTAATCC,0,3362923
ssnAp,0.25,3,3,GTGTACCTTCAGAGAACCTT,0,3372487
ssnAp,0.25,3,3,GTGGTGTTAATATGAGACAT,0,3401738
ssnAp,0.25,3,3,GTGGTGAATCCATAGCTAGG,0,3390745
ssnAp,0.25,3,3,GTGGGTGTGTTGAAATAAAC,0,3366855
ssnAp,0.25,3,3,GTGGGTATTGCGAAGGTACG,0,3368774
ssnAp,0.25,3,3,GTGGGGCAAAGGTCATAATA,0,3396083
ssnAp,0.25,3,3,GTGGGCGGTATCGCTTGAGA,0,3380968
ssnAp,0.25,3,3,GTGGCTGTAGTGACCAGCAA,0,3393627
ssnAp,0.25,3,3,GTGGCGTCCAGATGTCTCTG,0,3385567
ssnAp,0.25,3,3,GTGGCGCGAGCCAACGCTTA,0,3384091
ssnAp,0.25,3,3,GTGGCGACAAGAGACTTGGA,0,3360316
ssnAp,0.25,3,3,GTGGCCTGCATTTCGGGGAC,0,3382967
ssnAp,0.25,3,3,GTGGAGTAGCGACCATTTTC,0,3382611
ssnAp,0.25,3,3,GTGCTTTGTATTACTTATGG,0,3387614
ssnAp,0.25,3,3,GTGCTGACGAAGGTATCCGA,0,3362918
ssnAp,0.25,3,3,GTGCCAGTGGTACGCCATGG,0,3392457
ssnAp,0.25,3,3,GTGATGTGCCCAGCCAAGTG,0,3384365
ssnAp,0.25,3,3,GTGATGGTGTTATGTTTGCT,0,3373441
ssnAp,0.25,3,3,GTGATGGGACGCGGGTTAGA,0,3395787
ssnAp,0.25,3,3,GTGATCGGGCCGGAAGTAAG,0,3397127
ssnAp,0.25,3,3,GTGAGTAACTCTTGTGTTTT,0,3389075
ssnAp,0.25,3,3,GTGAGCCATTGGGTGCGTGA,0,3376500
ssnAp,0.25,3,3,GTGAGATGGGTAACAGTGGG,0,3364986
ssnAp,0.25,3,3,GTGACGGTGTTAATACTGTA,0,3394681
ssnAp,0.25,3,3,GTGACGCTCAACATTGATTG,0,3387221
ssnAp,0.25,3,3,GTGACGACTTCTACACTCTA,0,3384732
ssnAp,0.25,3,3,GTGAATCTACCTTTTGCCTC,0,3394657
ssnAp,0.25,3,3,GTGAATCCATGGACGGAGAC,0,3383836
ssnAp,0.25,3,3,GTGAACCACGTCTCTGAGGG,0,3396116
ssnAp,0.25,3,3,GTCTTGATTGCGGAGCATAA,0,3394797
ssnAp,0.25,3,3,GTCTTACTTGAGTCATTTAG,0,3387944
ssnAp,0.25,3,3,GTCTAGGTCCCGCGGAACTT,0,3395657
ssnAp,0.25,3,3,GTCGGTTAGTGGTTCTTCCG,0,3387467
ssnAp,0.25,3,3,GTCGGTACTGAATGAGCTGC,0,3386774
ssnAp,0.25,3,3,GTCGCTGATAGATTCGTGGG,0,3393651
ssnAp,0.25,3,3,GTCGCATCATAAGGCACAAA,0,3364425
ssnAp,0.25,3,3,GTCCTGCTATGACACCTCGC,0,3387136
ssnAp,0.25,3,3,GTCCTCGGGGCACATTCTCC,0,3395510
ssnAp,0.25,3,3,GTCCGTTTGGAAGGGCGAAA,0,3364728
ssnAp,0.25,3,3,GTCCGTGGTCATGTCCTATG,0,3368571
ssnAp,0.25,3,3,GTCCGCACCCGAACGGGACG,0,3371165
ssnAp,0.25,3,3,GTCCGACTGTCCAAGCAGCG,0,3399384
ssnAp,0.25,3,3,GTCCCGGAGCCGCCAGCGGC,0,3373692
ssnAp,0.25,3,3,GTCCCCCGCCCGTTGTGTGG,0,3399438
ssnAp,0.25,3,3,GTCCCAACAAGCGCCTTCAT,0,3402529
ssnAp,0.25,3,3,GTCCATTACCGTAACCTAGA,0,3384147
ssnAp,0.25,3,3,GTCATGTACGTGGGTTTGAA,0,3398172
ssnAp,0.25,3,3,GTCATGATCCCTAACGTCGG,0,3367664
ssnAp,0.25,3,3,GTCATATTGCTTCGAAACCC,0,3386490
ssnAp,0.25,3,3,GTCAGACCACAGTGGAGACT,0,3360197
ssnAp,0.25,3,3,GTATTGTCAGGCCCAAGAGG,0,3382579
ssnAp,0.25,3,3,GTATGTCTGCTGCTATTGGG,0,3362675
ssnAp,0.25,3,3,GTATGGTTACCAGCAAGCTC,0,3396932
ssnAp,0.25,3,3,GTATACAGAGTCGCATTATT,0,3369595
ssnAp,0.25,3,3,GTAGTTGTCTATTTTCAGGC,0,3385494
ssnAp,0.25,3,3,GTAGTCCAGTCATCCGTCGC,0,3383995
ssnAp,0.25,3,3,GTAGGACGCATGATGATTTC,0,3367341
ssnAp,0.25,3,3,GTAGCAACCGGGTTGGAGTT,0,3370027
ssnAp,0.25,3,3,GTACGTGGTCGCCACCGCTA,0,3386925
ssnAp,0.25,3,3,GTACGCAACCCCGTTGGCTA,0,3400684
ssnAp,0.25,3,3,GTACGAGACTACAGATGCAA,0,3376473
ssnAp,0.25,3,3,GTACCCGCCGATGCCAGTAC,0,3382686
ssnAp,0.25,3,3,GTACATCTGCAATGTACGGT,0,3390384
ssnAp,0.25,3,3,GTACAAAGCCGAACACCCAG,0,3388646
ssnAp,0.25,3,3,GTAAGGGAGTGTGCTAGTGA,0,3365555
ssnAp,0.25,3,3,GTAACTTTAAAAAGGGTGAA,0,3381783
ssnAp,0.25,3,3,GGTTGTTCCCTAACTTGCGT,0,3387373
ssnAp,0.25,3,3,GGTTCTTTATGGTATGGTTA,0,3387978
ssnAp,0.25,3,3,GGTTCGTGCCTGGAGGGATC,0,3375693
ssnAp,0.25,3,3,GGTTCGAGGGGTGTATCCTG,0,3382580
ssnAp,0.25,3,3,GGTTATTGTAGGACTAGCGG,0,3397173
ssnAp,0.25,3,3,GGTTATCGGCATATGTTGCT,0,3368623
ssnAp,0.25,3,3,GGTTAACGCAAGCTTTCGAT,0,3368702
ssnAp,0.25,3,3,GGTTAACAAGCCTCACTTAG,0,3379406
ssnAp,0.25,3,3,GGTGTTATGCTGGGCGTGAG,0,3393764
ssnAp,0.25,3,3,GGTGTATCGCACAGATTGCA,0,3390840
ssnAp,0.25,3,3,GGTGGTTTGCGTCCCTTTTT,0,3382958
ssnAp,0.25,3,3,GGTGGGCCTAACATAAACGA,0,3377777
ssnAp,0.25,3,3,GGTGCGGGCGCCGGTCAAAT,0,3397704
ssnAp,0.25,3,3,GGTGACCCCACCTGAGAAGG,0,3388398
ssnAp,0.25,3,3,GGTCTCATTCGTTCCCGCAG,0,3367165
ssnAp,0.25,3,3,GGTCGCGGACGGTCGGTAGA,0,3367622
ssnAp,0.25,3,3,GGTCGATGGTCCGTCGGACA,0,3367368
ssnAp,0.25,3,3,GGTCCCGAGTTCCTTAGCTC,0,3396741
ssnAp,0.25,3,3,GGTCAGCACAGCCCACTATT,0,3380749
ssnAp,0.25,3,3,GGTCAGCAAGGTGGTTCTAT,0,3400527
ssnAp,0.25,3,3,GGTCACAGAGGAAGCATCGC,0,3378539
ssnAp,0.25,3,3,GGTATCCACTGACCGCTTGG,0,3362330
ssnAp,0.25,3,3,GGTAGCTGGAGATATTCGAG,0,3360966
ssnAp,0.25,3,3,GGTAATCTGTGTAGCATACG,0,3364422
ssnAp,0.25,3,3,GGTAAAAACTCACCATTTAT,0,3368564
ssnAp,0.25,3,3,GGGTTCATGCGTAAGGAGGA,0,3373454
ssnAp,0.25,3,3,GGGTTCATAGCGCGGAGGGG,0,3369375
ssnAp,0.25,3,3,GGGTTCACCAGGTAGTTGGA,0,3396677
ssnAp,0.25,3,3,GGGTCCTGGATAGTAACAAT,0,3366733
ssnAp,0.25,3,3,GGGTCCAAGTGACTTGCCCA,0,3365357
ssnAp,0.25,3,3,GGGGTTCGCGCTTCGCTGAA,0,3361779
ssnAp,0.25,3,3,GGGGTTACGTGGTACAATGT,0,3385157
ssnAp,0.25,3,3,GGGGTCTTAGACAACAGCCG,0,3362056
ssnAp,0.25,3,3,GGGGTACACCAAGAATTGTC,0,3396538
ssnAp,0.25,3,3,GGGGGTAAGTACACCACCCT,0,3380540
ssnAp,0.25,3,3,GGGGGGCGCCTTGGTGTAAG,0,3400788
ssnAp,0.25,3,3,GGGGCTTGGCAGTTTGAGAA,0,3374848
ssnAp,0.25,3,3,GGGGCTGTATGTTGTTCACC,0,3391481
ssnAp,0.25,3,3,GGGGCTACCCTATGATCCGA,0,3363969
ssnAp,0.25,3,3,GGGGCCTTACCGCTTCAAGA,0,3367218
ssnAp,0.25,3,3,GGGGATGACTCTAGTTGGTG,0,3398759
ssnAp,0.25,3,3,GGGGACGGCTGGAATATTCA,0,3376944
ssnAp,0.25,3,3,GGGGACCTTGCGGGACATTT,0,3365360
ssnAp,0.25,3,3,GGGCTTGGTACCCTCATAGC,0,3370282
ssnAp,0.25,3,3,GGGCTGAGTAGCACTGCCAA,0,3393885
ssnAp,0.25,3,3,GGGCTCACTAGGAGGTCGTA,0,3401048
ssnAp,0.25,3,3,GGGCGTTAGCCACACCTACT,0,3369400
ssnAp,0.25,3,3,GGGCGGCCTTTGGGCAAACC,0,3398355
ssnAp,0.25,3,3,GGGCCTATTTGCACGCTCAA,0,3371977
ssnAp,0.25,3,3,GGGATGCTGTCATGACTGCG,0,3371784
ssnAp,0.25,3,3,GGGATATGAGCTGCACACAA,0,3379944
ssnAp,0.25,3,3,GGGAGGTTGGGCCTTGCTCA,0,3366983
ssnAp,0.25,3,3,GGGAGACTTCCAATTTTCTC,0,3359797
ssnAp,0.25,3,3,GGGACCTCTACTAGCCAACC,0,3396695
ssnAp,0.25,3,3,GGGAATAGATAATGATGGCC,0,3377328
ssnAp,0.25,3,3,GGGAAGTACTGTAGGCTCCG,0,3389637
ssnAp,0.25,3,3,GGGAAGGGGATGTATAGGAT,0,3384548
ssnAp,0.25,3,3,GGGAACCCAAAAAGTTTATA,0,3394611
ssnAp,0.25,3,3,GGCTTCCTAGGGTCTTCGAG,0,3377188
ssnAp,0.25,3,3,GGCTGGCTACCCACTTCCTG,0,3400727
ssnAp,0.25,3,3,GGCTATATTTGTGGCTATCT,0,3402094
ssnAp,0.25,3,3,GGCTAAAGGCGTCGCTTGCG,0,3393044
ssnAp,0.25,3,3,GGCGTTGGGAATTTGTACGA,0,3370645
ssnAp,0.25,3,3,GGCGGCTGGATGTACCTCGG,0,3380561
ssnAp,0.25,3,3,GGCGGCTCTACTTGATACTA,0,3395792
ssnAp,0.25,3,3,GGCGATCAACAGCAATTGGA,0,3400884
ssnAp,0.25,3,3,GGCGACTGCACTCCCCCACA,0,3368393
ssnAp,0.25,3,3,GGCCTTACCTTTGGGGGTTT,0,3386783
ssnAp,0.25,3,3,GGCCTGAGCCCGACTCCCTA,0,3364449
ssnAp,0.25,3,3,GGCCTCTTTGCAGCCCCGGA,0,3371299
ssnAp,0.25,3,3,GGCCGTTCATTGTCCATAGC,0,3364523
ssnAp,0.25,3,3,GGCCCTTTGGCACTAGATAT,0,3364430
ssnAp,0.25,3,3,GGCCCTCCCTCGATGAAACG,0,3380146
ssnAp,0.25,3,3,GGCCCCCGCGCCCGGTACCT,0,3365326
ssnAp,0.25,3,3,GGCCCCATCGCTTATCCGGG,0,3402004
ssnAp,0.25,3,3,GGCCAGCAAGTATTGCACTT,0,3393440
ssnAp,0.25,3,3,GGCCACATCGATGTGCTATG,0,3399683
ssnAp,0.25,3,3,GGCATCGTTGGCAGACCTTG,0,3359488
ssnAp,0.25,3,3,GGCATATTAACTGGACCCTA,0,3379280
ssnAp,0.25,3,3,GGCAGCCCTAAAAGTTCGTG,0,3399360
ssnAp,0.25,3,3,GGCACTACTCCATCAACAGG,0,3390116
ssnAp,0.25,3,3,GGCAATCCCATCTGCTTAAA,0,3369785
ssnAp,0.25,3,3,GGATTGGCCTCAGCGAGATG,0,3377471
ssnAp,0.25,3,3,GGATGTATATGCCACGGCCG,0,3359516
ssnAp,0.25,3,3,GGATGCTCAGAACCTAGTTG,0,3362612
ssnAp,0.25,3,3,GGATGAGGTTACCCCGATGC,0,3395904
ssnAp,0.25,3,3,GGATCATGGGTTTGTGCAGG,0,3379027
ssnAp,0.25,3,3,GGATAGAGCGGATTCTTCGG,0,3381310
ssnAp,0.25,3,3,GGAGCCGCCGACTCCCGTAA,0,3388799
ssnAp,0.25,3,3,GGAGAGCGCTAAACAGTATG,0,3372655
ssnAp,0.25,3,3,GGAGACATGTAAGAGCACAG,0,3393673
ssnAp,0.25,3,3,GGACCCTACACACACACGCA,0,3361065
ssnAp,0.25,3,3,GGACCCGCCCGCGTTATTCT,0,3391553
ssnAp,0.25,3,3,GGACATTACGAGTCAACATT,0,3389782
ssnAp,0.25,3,3,GGACAAATTAAGTCACGTGA,0,3373036
ssnAp,0.25,3,3,GGAATCAGTAGTCTTATTAC,0,3391031
ssnAp,0.25,3,3,GGAAGAAAAGGGTTACGGAT,0,3377842
ssnAp,0.25,3,3,GGAACCTTAGTTGTGCTGTT,0,3369294
ssnAp,0.25,3,3,GGAACCCAATACCTGATTTC,0,3367336
ssnAp,0.25,3,3,GGAACCACCGTACGAAGTGA,0,3378825
ssnAp,0.25,3,3,GGAAAGTAGGCTTAAATGGT,0,3378459
ssnAp,0.25,3,3,GGAAAATTAAATCCAACTGT,0,3393447
ssnAp,0.25,3,3,GCTTTATGTTAGGGGGATTG,0,3391972
ssnAp,0.25,3,3,GCTTCTGAAGTCTGGGCGTA,0,3364341
ssnAp,0.25,3,3,GCTTCGCCCTGCTCTAGGGG,0,3393354
ssnAp,0.25,3,3,GCTTAGCGCAAGTTTCCGAA,0,3388068
ssnAp,0.25,3,3,GCTTACTACTGACGACGCAG,0,3377477
ssnAp,0.25,3,3,GCTGGTCACGTTCACACCTC,0,3385480
ssnAp,0.25,3,3,GCTGGAATAATGGGACCCGA,0,3367510
ssnAp,0.25,3,3,GCTGCCTGCAGCCGTGACAA,0,3384605
ssnAp,0.25,3,3,GCTCGCTCTCGCCCCTAAGG,0,3364383
ssnAp,0.25,3,3,GCTCGCGCGAAGCGCATGCG,0,3398279
ssnAp,0.25,3,3,GCTCATAGCTTGTAATATTT,0,3389246
ssnAp,0.25,3,3,GCTCAGTTCACCAGAGGAAA,0,3372461
ssnAp,0.25,3,3,GCTCACTATCCCTCAGAATT,0,3390779
ssnAp,0.25,3,3,GCTCACCCCTTGGGTACTTT,0,3386268
ssnAp,0.25,3,3,GCTCAAGGCCGCGGCTCCCT,0,3375305
ssnAp,0.25,3,3,GCTATAACTGATTCTGCAGC,0,3375905
ssnAp,0.25,3,3,GCTAGCTGCGATGTAAGTGT,0,3379846
ssnAp,0.25,3,3,GCTAACTCTCAAAGTCTTCG,0,3372560
ssnAp,0.25,3,3,GCGTTACACAGATGCCAGGC,0,3365226
ssnAp,0.25,3,3,GCGTGTAAATCCGTCTCAAG,0,3389460
ssnAp,0.25,3,3,GCGTCGTGACTTAGGGTCGG,0,3372281
ssnAp,0.25,3,3,GCGTCATAGCGTTTAGCTGG,0,3392519
ssnAp,0.25,3,3,GCGTATAGGTGCGGTATTTA,0,3366952
ssnAp,0.25,3,3,GCGGTGGGAATAGGCGACTT,0,3386602
ssnAp,0.25,3,3,GCGGTCTTTTCGGCTTGGTA,0,3394914
ssnAp,0.25,3,3,GCGGGTGCGGCCAGCGATCT,0,3365122
ssnAp,0.25,3,3,GCGGGAACCCTGTAGCATTA,0,3373643
ssnAp,0.25,3,3,GCGGCTGACAGTCATCCTCA,0,3389465
ssnAp,0.25,3,3,GCGGCCTTTGGGATCATTTG,0,3361530
ssnAp,0.25,3,3,GCGGACTTAGCGTCCAAGGA,0,3372763
ssnAp,0.25,3,3,GCGGACCCGGCTATCAATTC,0,3390402
ssnAp,0.25,3,3,GCGCTTGGCCTATTTTTTTA,0,3365735
ssnAp,0.25,3,3,GCGCCGCGCCCTCCCGAAGA,0,3401588
ssnAp,0.25,3,3,GCGATGTTGTCGATCGGCAT,0,3393249
ssnAp,0.25,3,3,GCGATCGTTGTTGTGCTGGT,0,3388905
ssnAp,0.25,3,3,GCGATCACGTACAACCACGG,0,3383343
ssnAp,0.25,3,3,GCGAGGTCATGCACTATACA,0,3392273
ssnAp,0.25,3,3,GCGACGTCTATATCACTGGA,0,3383131
ssnAp,0.25,3,3,GCGACCTCCATTCTGAAAAG,0,3392108
ssnAp,0.25,3,3,GCCTTCCGGCTTCCTCACAA,0,3400285
ssnAp,0.25,3,3,GCCTGGGGTCCATAGTCACA,0,3387303
ssnAp,0.25,3,3,GCCTGGAAGTTAGTGGCTCA,0,3398234
ssnAp,0.25,3,3,GCCTGCCATCGTGTCTGAGT,0,3374478
ssnAp,0.25,3,3,GCCTCTCCGATGCTTCGCAG,0,3398189
ssnAp,0.25,3,3,GCCTCGATCTACCCGCTGGC,0,3394528
ssnAp,0.25,3,3,GCCTCCGCAAGGTAGAGGCT,0,3378173
ssnAp,0.25,3,3,GCCTCAATCTTCGTTTACAA,0,3363175
ssnAp,0.25,3,3,GCCTCAATCACCAGCCTCAT,0,3400399
ssnAp,0.25,3,3,GCCTAAACCGTCGGGATGAG,0,3389873
ssnAp,0.25,3,3,GCCGTATTTGAGTTTTAGTT,0,3382832
ssnAp,0.25,3,3,GCCGGCGCAGGTGCCATATC,0,3380541
ssnAp,0.25,3,3,GCCGCGACTCGGAGGCCGTG,0,3365569
ssnAp,0.25,3,3,GCCGATTAACATTGTCCGGT,0,3362127
ssnAp,0.25,3,3,GCCCTCTGGCGAACAACGTC,0,3399632
ssnAp,0.25,3,3,GCCCTAGGCTGCTAACATTG,0,3366863
ssnAp,0.25,3,3,GCCCGTCTTCCTAAAATGGA,0,3368835
ssnAp,0.25,3,3,GCCCGCGCCCCGAGGCAGCA,0,3395476
ssnAp,0.25,3,3,GCCCCTTACAGTGGCCATAA,0,3395338
ssnAp,0.25,3,3,GCCCATTGAGCGAACGATTT,0,3376248
ssnAp,0.25,3,3,GCCCAAAGTTCATTTTGTCA,0,3372378
ssnAp,0.25,3,3,GCCATGAGGTTGACAAAGAT,0,3394913
ssnAp,0.25,3,3,GCCATCCACTGCCTAGCCAT,0,3369680
ssnAp,0.25,3,3,GCCATCAGAACAACGAGGCG,0,3367178
ssnAp,0.25,3,3,GCCATCACCCCGAAGAGTTA,0,3392110
ssnAp,0.25,3,3,GCCAGGCATTGAGGTAGCCA,0,3399025
ssnAp,0.25,3,3,GCCACAATGCCCAGATCAGT,0,3390067
ssnAp,0.25,3,3,GCCAATCGGGGTGTCCCCGG,0,3365644
ssnAp,0.25,3,3,GCCAAGGCCGGGCCGGACGT,0,3369329
ssnAp,0.25,3,3,GCCAAGCATACTTCTCCCGG,0,3385028
ssnAp,0.25,3,3,GCATCGAGTTCGCGCTTTAG,0,3384035
ssnAp,0.25,3,3,GCATCACGCGCGAATAGCAA,0,3393989
ssnAp,0.25,3,3,GCATCACAGCGTTGTCTTAC,0,3396097
ssnAp,0.25,3,3,GCATAGGGAGGCTCGTCAAA,0,3367541
ssnAp,0.25,3,3,GCATACTTGCACGTCGGAAG,0,3387947
ssnAp,0.25,3,3,GCATACCGGGTCCTACCCAG,0,3361854
ssnAp,0.25,3,3,GCAGTTAGCTTTTACCACAA,0,3394124
ssnAp,0.25,3,3,GCAGTCTCTTAAGAAAATTG,0,3397803
ssnAp,0.25,3,3,GCAGGTGCAATCTCAAATAA,0,3390242
ssnAp,0.25,3,3,GCAGGAACAGCGTTGCCCCA,0,3367505
ssnAp,0.25,3,3,GCAGCTTGCCTCTGCTGGAT,0,3398809
ssnAp,0.25,3,3,GCAGCCCGCCGCATTATGGA,0,3402150
ssnAp,0.25,3,3,GCAGCAGATTAAAAAGACGT,0,3369946
ssnAp,0.25,3,3,GCACGCCCAGACCTAGCATG,0,3380282
ssnAp,0.25,3,3,GCACCGAGGGTCCGAAGTGA,0,3385875
ssnAp,0.25,3,3,GCACCGAAAGGGCCAATGGA,0,3402927
ssnAp,0.25,3,3,GCACCACAGCACTCAACGCG,0,3366988
ssnAp,0.25,3,3,GCACATTTTTGACGGTCCAG,0,3363922
ssnAp,0.25,3,3,GCACAAAAGACGGGTCGTCT,0,3398251
ssnAp,0.25,3,3,GCAATTTTGGTCGGTAAATT,0,3372347
ssnAp,0.25,3,3,GCAATAACGAAATTACGTAA,0,3364864
ssnAp,0.25,3,3,GCAAGCAGGTTAAACCTAGA,0,3371132
ssnAp,0.25,3,3,GCAACCGGGCGTACCTGTGA,0,3361718
ssnAp,0.25,3,3,GCAACACAGGGCCACGCACC,0,3399061
ssnAp,0.25,3,3,GCAAAGGACGGCCTCGGCAA,0,3396667
ssnAp,0.25,3,3,GATTTTGGCTGCCTAGGGGA,0,3366640
ssnAp,0.25,3,3,GATTGCCGCTAATTTGTTAA,0,3395589
ssnAp,0.25,3,3,GATTGCCGACCGATTGCGGA,0,3375118
ssnAp,0.25,3,3,GATTGCCCCACTTGAGCGTG,0,3381056
ssnAp,0.25,3,3,GATTCCCTTGTAAGGTGGTG,0,3399211
ssnAp,0.25,3,3,GATTACATGTAGGACGTTGG,0,3379862
ssnAp,0.25,3,3,GATTACAGTCTGAAACGTTG,0,3391840
ssnAp,0.25,3,3,GATGTCACTTCCATAAAGAA,0,3384185
ssnAp,0.25,3,3,GATGTAATGTGCTCGCGAGT,0,3399048
ssnAp,0.25,3,3,GATGGTTTCGGGTACGACCC,0,3380728
ssnAp,0.25,3,3,GATGGTCCGTCCTTTTGGGC,0,3378491
ssnAp,0.25,3,3,GATGGGGTTCAGTACTATCG,0,3359252
ssnAp,0.25,3,3,GATGGGCTCGTCGATACTAG,0,3375075
ssnAp,0.25,3,3,GATGGGCAGATCTGCTGGGT,0,3371584
ssnAp,0.25,3,3,GATGCGTTCACGACGCCAGG,0,3366714
ssnAp,0.25,3,3,GATGAGTCTTTACTAATTCC,0,3402464
ssnAp,0.25,3,3,GATCTCAGCTATCATCTCCC,0,3366464
ssnAp,0.25,3,3,GATCTAACTGTTTGGAGGCA,0,3398891
ssnAp,0.25,3,3,GATCGAATAGGACTGGCATG,0,3382456
ssnAp,0.25,3,3,GATCATTTTCTAGTGTAGTG,0,3397456
ssnAp,0.25,3,3,GATCATTATGTCACTCACCC,0,3367972
ssnAp,0.25,3,3,GATCACAGGACGAACCTCTT,0,3362510
ssnAp,0.25,3,3,GATCACACTCTCATAGATGG,0,3378849
ssnAp,0.25,3,3,GATAGAGTGCGCGCAGACTA,0,3364393
ssnAp,0.25,3,3,GAGTTTGGTAGAGCGCGCCA,0,3363787
ssnAp,0.25,3,3,GAGTTAGGGACGTGTGTCCA,0,3397928
ssnAp,0.25,3,3,GAGTGGGTCAATAAGTAGTG,0,3398598
ssnAp,0.25,3,3,GAGTCGGAATCTGTCGAACT,0,3374243
ssnAp,0.25,3,3,GAGTAGATAGTGCCCTCGGC,0,3395604
ssnAp,0.25,3,3,GAGGTTCTGAACTCACGTTT,0,3383532
ssnAp,0.25,3,3,GAGGTATATTAAACGGAATG,0,3376067
ssnAp,0.25,3,3,GAGGGGGCACGCTGACTTAT,0,3396407
ssnAp,0.25,3,3,GAGGGGATCGACTGCGTCCA,0,3368522
ssnAp,0.25,3,3,GAGGGCCGCCCAAGCGCGCA,0,3381289
ssnAp,0.25,3,3,GAGGCACGCCTATACAGCTC,0,3392635
ssnAp,0.25,3,3,GAGGACCCCACGTGCAAAAT,0,3383744
ssnAp,0.25,3,3,GAGGAACCAACCGCTACTAA,0,3402778
ssnAp,0.25,3,3,GAGCTACCGAACAACGGTTT,0,3376663
ssnAp,0.25,3,3,GAGCGGTGCGCTTTACACAA,0,3365979
ssnAp,0.25,3,3,GAGCGATATGAAGATTACAG,0,3397066
ssnAp,0.25,3,3,GAGCCTGCACACAATGGCGA,0,3390349
ssnAp,0.25,3,3,GAGCACTGTCACGAGAGTCT,0,3363653
ssnAp,0.25,3,3,GAGATTCAAGTGTGGGGTAG,0,3369432
ssnAp,0.25,3,3,GAGAGATTGGTCGATCGATG,0,3392850
ssnAp,0.25,3,3,GACTTGTAACTTCGCCCAAT,0,3402748
ssnAp,0.25,3,3,GACTCTCCAGGAGTATACCA,0,3399125
ssnAp,0.25,3,3,GACTAAGCGCGTTCAGTGCG,0,3391589
ssnAp,0.25,3,3,GACGCCAGTAGATTGCAATC,0,3385287
ssnAp,0.25,3,3,GACCTTTACCCCATATTATC,0,3398678
ssnAp,0.25,3,3,GACCTCTATATTGCCATCCT,0,3393614
ssnAp,0.25,3,3,GACCTAATACACCTCCAAGA,0,3369386
ssnAp,0.25,3,3,GACCGGCTTGGCATAGCGAG,0,3361921
ssnAp,0.25,3,3,GACCGCAGATTGCTAGCAGG,0,3384615
ssnAp,0.25,3,3,GACCATATGCAACGAACTGC,0,3366085
ssnAp,0.25,3,3,GACCACGAGATGTATATATT,0,3371570
ssnAp,0.25,3,3,GACACGGTTCTAATTGCTCA,0,3359993
ssnAp,0.25,3,3,GACACCTTATTTTCGGTTGG,0,3387670
ssnAp,0.25,3,3,GACAATGGACCCCACGATCA,0,3387755
ssnAp,0.25,3,3,GAATTGATGAATGACTTGGA,0,3362697
ssnAp,0.25,3,3,GAATGCAAGTCATCCTGTGA,0,3402080
ssnAp,0.25,3,3,GAATCACAAAGGTTTCAGGA,0,3393278
ssnAp,0.25,3,3,GAATAGTACCGCACATTCTC,0,3381118
ssnAp,0.25,3,3,GAATACTAGGAGGTGGCAAT,0,3362470
ssnAp,0.25,3,3,GAATACCCCTACATCAAAAA,0,3401977
ssnAp,0.25,3,3,GAAGTCTATCGTTTTGTCCA,0,3380836
ssnAp,0.25,3,3,GAAGTAACCGCCCAGACTTA,0,3383278
ssnAp,0.25,3,3,GAAGGGCGGTGCTCTTTAAA,0,3395102
ssnAp,0.25,3,3,GAAGGCCACTGGTTTCGGCG,0,3389561
ssnAp,0.25,3,3,GAAGCAGGTTAGGTAATATA,0,3360021
ssnAp,0.25,3,3,GAAGATTTCGATTCTATGGT,0,3391409
ssnAp,0.25,3,3,GAAGACGTCCCAACTGATCC,0,3387620
ssnAp,0.25,3,3,GAAGAATGCACCGGTCCGTT,0,3359303
ssnAp,0.25,3,3,GAACTTGCCATGAGGTTCCT,0,3371962
ssnAp,0.25,3,3,GAACCCCCTGGATACACCCT,0,3375982
ssnAp,0.25,3,3,GAAATATCAGGGTTGTGGGA,0,3377346
ssnAp,0.25,3,3,GAAACGGAAAACGGGTCCGT,0,3384083
ssnAp,0.25,3,3,GAAACCGGGACGACCCATTA,0,3382267
ssnAp,0.25,3,3,GAAACCAGATGGTTGCGTCC,0,3366912
ssnAp,0.25,3,3,GAAAATAAAGCAGCATGTGT,0,3378996
ssnAp,0.25,3,3,GAAAAGTCCTATGTTAGCTA,0,3375739
ssnAp,0.25,3,3,GAAAAGAACTTCGATGTGGG,0,3398913
ssnAp,0.25,3,3,GAAAACATCTCGTACATAGC,0,3399806
ssnAp,0.25,3,3,GAAAAAGAGCACCGAGTCCT,0,3377955
ssnAp,0.25,3,3,CTTTTCTTACTTGACAAGAA,0,3402289
ssnAp,0.25,3,3,CTTTGTATGCCTTAACTTGG,0,3391174
ssnAp,0.25,3,3,CTTTGCAATAGCCAAACAAT,0,3387327
ssnAp,0.25,3,3,CTTTGAGGCATAATTCCAAG,0,3388801
ssnAp,0.25,3,3,CTTTCGCTTTAATGTGGCTT,0,3393531
ssnAp,0.25,3,3,CTTTCGCTACGTAGGCCCTC,0,3368582
ssnAp,0.25,3,3,CTTTCGAACTGCTGATCGGT,0,3376705
ssnAp,0.25,3,3,CTTTCAGTATTATGGAACGA,0,3390752
ssnAp,0.25,3,3,CTTTAGTCTGTGACGTCTCA,0,3384729
ssnAp,0.25,3,3,CTTTACTTTGAAAACCAATG,0,3375365
ssnAp,0.25,3,3,CTTGTTCGTCTATTTTGACG,0,3393388
ssnAp,0.25,3,3,CTTGTGTTGCGATGATGCTA,0,3400603
ssnAp,0.25,3,3,CTTGTACAGCGTTCTAGATG,0,3398616
ssnAp,0.25,3,3,CTTGGGGAGCGTGCGGGGTA,0,3398669
ssnAp,0.25,3,3,CTTCTTCCGTGTCAAAAGCT,0,3387770
ssnAp,0.25,3,3,CTTCTGGTGATGTATTTGAC,0,3367016
ssnAp,0.25,3,3,CTTCTGGCATAGCCACATCT,0,3396760
ssnAp,0.25,3,3,CTTCTCGGTAAGTAACTACA,0,3394336
ssnAp,0.25,3,3,CTTCGCTCAAGTCCGTCGGA,0,3392547
ssnAp,0.25,3,3,CTTCCTCGCACGTTAGCAAG,0,3381544
ssnAp,0.25,3,3,CTTCAGTGTTGGCTCCCAAA,0,3375677
ssnAp,0.25,3,3,CTTCACTGGCTTGGTTCCGA,0,3369239
ssnAp,0.25,3,3,CTTCACCAGTGCGCGACGGT,0,3377190
ssnAp,0.25,3,3,CTTATGGTGCCGGAGCGTTA,0,3380665
ssnAp,0.25,3,3,CTTACGAGATGAATCATGGG,0,3366978
ssnAp,0.25,3,3,CTGTTATTTTTGACCGCGGT,0,3373912
ssnAp,0.25,3,3,CTGTTAGGGCCTTCGACTCA,0,3384372
ssnAp,0.25,3,3,CTGTGGAACCAATGGGTTGT,0,3389493
ssnAp,0.25,3,3,CTGTCAACATGTTAGGTCAT,0,3370101
ssnAp,0.25,3,3,CTGTAGGAGTTAATCGCTCC,0,3399637
ssnAp,0.25,3,3,CTGGTGTTGGGACCGGCCAG,0,3397814
ssnAp,0.25,3,3,CTGGTGATGCCATCGAACGC,0,3389310
ssnAp,0.25,3,3,CTGGTATTTCGCATTGTTAT,0,3373009
ssnAp,0.25,3,3,CTGGTACTGTGCAGGTCGCT,0,3368927
ssnAp,0.25,3,3,CTGGTACATCGAAAAGCACA,0,3385472
ssnAp,0.25,3,3,CTGGTAAATCCCTAGTATAG,0,3374427
ssnAp,0.25,3,3,CTGGGATTCCCTGAATCCAG,0,3361651
ssnAp,0.25,3,3,CTGGCTAAAGGGTTTGTGCC,0,3386013
ssnAp,0.25,3,3,CTGGCCATTAATAAATAGCA,0,3386584
ssnAp,0.25,3,3,CTGGAGTTCGTGACCACCTC,0,3370469
ssnAp,0.25,3,3,CTGGACGGTCCCTCATCGCG,0,3373511
ssnAp,0.25,3,3,CTGGACGCCACTGTTAGACT,0,3391324
ssnAp,0.25,3,3,CTGGACACCTAAAATCTTGT,0,3365551
ssnAp,0.25,3,3,CTGGAATGAAGCGTCTTAAG,0,3370767
ssnAp,0.25,3,3,CTGGAAACGTCGGTCACCGA,0,3392418
ssnAp,0.25,3,3,CTGCTGATTGTGCATTAGGC,0,3374267
ssnAp,0.25,3,3,CTGCTCTGAGCCTTCGTGCC,0,3370499
ssnAp,0.25,3,3,CTGCTATTTTGGGGGATAAC,0,3385863
ssnAp,0.25,3,3,CTGCTAGTCACCGCAGCCCG,0,3376048
ssnAp,0.25,3,3,CTGCTACCATGTAGCTCGGG,0,3392220
ssnAp,0.25,3,3,CTGCCTCGTGTTGTATGTCT,0,3374917
ssnAp,0.25,3,3,CTGCCTCCTGGGCCTAGAGA,0,3381946
ssnAp,0.25,3,3,CTGCCGAGGCTACCCTGCCA,0,3372169
ssnAp,0.25,3,3,CTGCCCCTGCGGATCATCGG,0,3381984
ssnAp,0.25,3,3,CTGCCAGCGAACCCATCGTT,0,3392109
ssnAp,0.25,3,3,CTGCACACATTTCTAAGAAC,0,3374908
ssnAp,0.25,3,3,CTGATTAGCAATCTCAGGTA,0,3365793
ssnAp,0.25,3,3,CTGATCATCTTGGCTCCGTC,0,3363966
ssnAp,0.25,3,3,CTGAGGTAAACGTACCCACC,0,3359837
ssnAp,0.25,3,3,CTGAGGGAGCTGCGTGGCTT,0,3384509
ssnAp,0.25,3,3,CTGAAGATTGCCCACAGTTA,0,3398668
ssnAp,0.25,3,3,CTGAAGAATATTTACATCTT,0,3397945
ssnAp,0.25,3,3,CTGAAATTCCTCGCTGGGGA,0,3366337
ssnAp,0.25,3,3,CTCTGTCTCATCCTGTGACT,0,3400146
ssnAp,0.25,3,3,CTCTCGCCTTCAGTAGCGGC,0,3367578
ssnAp,0.25,3,3,CTCGTCAAAGGCGTCATCGG,0,3391115
ssnAp,0.25,3,3,CTCGGGTTGGCTGCTACCGG,0,3380038
ssnAp,0.25,3,3,CTCGGCTCCTATCCGGCCCC,0,3401075
ssnAp,0.25,3,3,CTCGCGGCAATAGGGGCACC,0,3385155
ssnAp,0.25,3,3,CTCGCGCATTAAGGGTCTTC,0,3380295
ssnAp,0.25,3,3,CTCGACACAACGCATCCTAT,0,3399668
ssnAp,0.25,3,3,CTCCTCCCACGGAAAGTGAA,0,3384061
ssnAp,0.25,3,3,CTCCGCTGGGACTCCAGCTA,0,3399854
ssnAp,0.25,3,3,CTCCCTTAAATCTACCGTAT,0,3367918
ssnAp,0.25,3,3,CTCCATAGGGAAGAATGCCT,0,3397248
ssnAp,0.25,3,3,CTCATTGTCTTAGTTGATTA,0,3369372
ssnAp,0.25,3,3,CTCATGTGAAAAGAATTAAC,0,3359825
ssnAp,0.25,3,3,CTCATGGCCCGTACCTAATT,0,3399379
ssnAp,0.25,3,3,CTCATAGTGGTTGGGCATAC,0,3383145
ssnAp,0.25,3,3,CTCATAACTGCTCATCTGTA,0,3379043
ssnAp,0.25,3,3,CTCAGCCCTCACACTATCCT,0,3381880
ssnAp,0.25,3,3,CTCACTGGCCAGTGTCGATT,0,3402555
ssnAp,0.25,3,3,CTCACGAATCGTGGAGGCCA,0,3366041
ssnAp,0.25,3,3,CTCACAAATATTGTAGTATC,0,3394495
ssnAp,0.25,3,3,CTCAACACTCAATCAGGCAT,0,3363849
ssnAp,0.25,3,3,CTATCCACGTGTACAAATTC,0,3399088
ssnAp,0.25,3,3,CTATCAGTGCTTCGCATGAC,0,3364065
ssnAp,0.25,3,3,CTATAAGCGTGATGGAGTGG,0,3362674
ssnAp,0.25,3,3,CTAGGTTGCAGGCATGACCA,0,3398231
ssnAp,0.25,3,3,CTAGGTTATCGAGGAAATAT,0,3374022
ssnAp,0.25,3,3,CTAGGTTAGCTTATTCCACA,0,3387060
ssnAp,0.25,3,3,CTAGGGCCTCTATGATATTA,0,3382534
ssnAp,0.25,3,3,CTACTTTGGTTGCCGCCAGT,0,3362071
ssnAp,0.25,3,3,CTACTATCAGACCGAACTTA,0,3376484
ssnAp,0.25,3,3,CTACTACGCAGATGGAGGGT,0,3382163
ssnAp,0.25,3,3,CTACGCCTTGGGTATAGAGC,0,3397998
ssnAp,0.25,3,3,CTACCGTACTATGTCCATAA,0,3372504
ssnAp,0.25,3,3,CTACCAGCCGGCTACTATAT,0,3392355
ssnAp,0.25,3,3,CTACACAGATGAAAACTCAA,0,3401118
ssnAp,0.25,3,3,CTAATCTCAGGGCATCTAGG,0,3369981
ssnAp,0.25,3,3,CTAAGACTCGAGCCACGACA,0,3395814
ssnAp,0.25,3,3,CTAACGGTATGCATTCTATC,0,3381358
ssnAp,0.25,3,3,CGTTTTACATATGACCCTGC,0,3395782
ssnAp,0.25,3,3,CGTTTGCCTTCTTCCCAGGT,0,3390439
ssnAp,0.25,3,3,CGTTTCAGCGGGGCAAGCTA,0,3361061
ssnAp,0.25,3,3,CGTTTCACCCCACTTCCACT,0,3375116
ssnAp,0.25,3,3,CGTTGTATAGGCTCGCCCTG,0,3360522
ssnAp,0.25,3,3,CGTTCAGTCCTATCCGGCTA,0,3385441
ssnAp,0.25,3,3,CGTTCAATTTCAGGATCAAA,0,3379334
ssnAp,0.25,3,3,CGTTACCGAGGGTACTAGGA,0,3390469
ssnAp,0.25,3,3,CGTTAATAAGTTTCGTGGGG,0,3376433
ssnAp,0.25,3,3,CGTGTTGATCGTCCCAGACA,0,3361394
ssnAp,0.25,3,3,CGTGTGGCGTAGTAGCAAGG,0,3392624
ssnAp,0.25,3,3,CGTGTAAGACCGTTTATTTC,0,3375906
ssnAp,0.25,3,3,CGTGGTTGGTATTCCTTAAA,0,3371478
ssnAp,0.25,3,3,CGTGCAAGTCGGCCAAATCG,0,3402586
ssnAp,0.25,3,3,CGTCTATAGCCCCCACTCAA,0,3400701
ssnAp,0.25,3,3,CGTCGGGTTCCAGAGTTAAG,0,3374466
ssnAp,0.25,3,3,CGTCGGCGTATGGCTATAAC,0,3378251
ssnAp,0.25,3,3,CGTCGAGGTCAATTCACTCC,0,3394025
ssnAp,0.25,3,3,CGTCATGCGTCCTTGAAACT,0,3380320
ssnAp,0.25,3,3,CGTCAGTTTGATTGATATAT,0,3381125
ssnAp,0.25,3,3,CGTCAAAAGGTGAAACGTCG,0,3380132
ssnAp,0.25,3,3,CGTATGCAATTGCAAGGGCA,0,3372115
ssnAp,0.25,3,3,CGTAGGGTTCATTTTATCCA,0,3374496
ssnAp,0.25,3,3,CGTAGACCGCTCGACAATGC,0,3386773
ssnAp,0.25,3,3,CGTACCGCTAGGCTGACATC,0,3365131
ssnAp,0.25,3,3,CGTAATACGTTGAGAAAAAG,0,3366654
ssnAp,0.25,3,3,CGTAACTATTCCATAATTTA,0,3402492
ssnAp,0.25,3,3,CGTAAATGCACGTTTCGTTG,0,3394081
ssnAp,0.25,3,3,CGGTTGATTAGGTTTGAGTA,0,3382358
ssnAp,0.25,3,3,CGGTCTAAACACCTCTAAGC,0,3361919
ssnAp,0.25,3,3,CGGTATGCCGCATTACGTCG,0,3383915
ssnAp,0.25,3,3,CGGTAGGTATGGTTACTCGC,0,3400939
ssnAp,0.25,3,3,CGGGTTGTACCGGTTTGGTG,0,3378618
ssnAp,0.25,3,3,CGGGTTGTAACTCTTTTCCG,0,3370961
ssnAp,0.25,3,3,CGGGTTCGCGGCAGGGCTTT,0,3384529
ssnAp,0.25,3,3,CGGGGGCAGTTTATATTCCC,0,3387924
ssnAp,0.25,3,3,CGGGGAATAACGGCCCTGTT,0,3400626
ssnAp,0.25,3,3,CGGGCTTAATAAAAGCTTCG,0,3388301
ssnAp,0.25,3,3,CGGGACAATTGCTTCGCGAA,0,3367736
ssnAp,0.25,3,3,CGGCTTCAACCGTCCATGCT,0,3361978
ssnAp,0.25,3,3,CGGCTACCAATTCTATACGT,0,3368762
ssnAp,0.25,3,3,CGGCGACACGAAGAAATGTA,0,3381803
ssnAp,0.25,3,3,CGGCCGGTTCTCCGAGCCAT,0,3371409
ssnAp,0.25,3,3,CGGCCCTGCTCAGCGGTTTG,0,3399704
ssnAp,0.25,3,3,CGGCCAGCCAAATTAGGCGG,0,3396724
ssnAp,0.25,3,3,CGGCACGGAACCCGCCCGAT,0,3389343
ssnAp,0.25,3,3,CGGATCTGTAATTTTCAGCG,0,3380111
ssnAp,0.25,3,3,CGGATCAGCCTCATCCAATC,0,3383301
ssnAp,0.25,3,3,CGGAGTTTCATCTATTCAGG,0,3391288
ssnAp,0.25,3,3,CGGAGTAGGCGTCTATAACA,0,3399138
ssnAp,0.25,3,3,CGGAGCAAGTAGCGCAGGCG,0,3368014
ssnAp,0.25,3,3,CGGACTTAGATGTCATGTCC,0,3364617
ssnAp,0.25,3,3,CGGAATCGAAGCGCTCCTGA,0,3363771
ssnAp,0.25,3,3,CGGAAGACGGCCGCCCCTCA,0,3394066
ssnAp,0.25,3,3,CGGAACGCCCTTTCCTCGGT,0,3363880
ssnAp,0.25,3,3,CGCTGCCGGCGAAGTGATCG,0,3402589
ssnAp,0.25,3,3,CGCTAAACGAAAACACATGG,0,3382486
ssnAp,0.25,3,3,CGCGGTTAGAGTATCAAGAT,0,3397924
ssnAp,0.25,3,3,CGCGGGGAACGTCATGCTAT,0,3383883
ssnAp,0.25,3,3,CGCGGCACAAAAGTGCCTCT,0,3396408
ssnAp,0.25,3,3,CGCGAGCGATATCGACGCGG,0,3397229
ssnAp,0.25,3,3,CGCCTGTAATGGCCCCAATA,0,3381436
ssnAp,0.25,3,3,CGCCTCATCCGCGTAAGTCA,0,3397424
ssnAp,0.25,3,3,CGCCTAGCTAGTTCCTCGGT,0,3395304
ssnAp,0.25,3,3,CGCCGTTGACCAAGAGCAAA,0,3378819
ssnAp,0.25,3,3,CGCCGTTCATGGTCCTCGGG,0,3382159
ssnAp,0.25,3,3,CGCCCTTCACTAGCCTACCA,0,3373563
ssnAp,0.25,3,3,CGCCCAAAGCGTAGTTGTTT,0,3390087
ssnAp,0.25,3,3,CGCATTGCGTGACCAGCGAC,0,3379647
ssnAp,0.25,3,3,CGCATCTAGGTTCTAGGCGT,0,3394710
ssnAp,0.25,3,3,CGCAGGACTTCAAAGTAGAG,0,3367661
ssnAp,0.25,3,3,CGCAGGACGCCCCAATAAGT,0,3388401
ssnAp,0.25,3,3,CGCACCTTTGATCCATACCA,0,3381635
ssnAp,0.25,3,3,CGCACCCCCCTTGGGTTAGT,0,3360573
ssnAp,0.25,3,3,CGCACCACTTGAGAGCCTGA,0,3388099
ssnAp,0.25,3,3,CGCACAAGGCAAAAACAAAC,0,3398281
ssnAp,0.25,3,3,CGCAATCCACTGTATACTAC,0,3377305
ssnAp,0.25,3,3,CGCAAGGACTACTCCATGAT,0,3387520
ssnAp,0.25,3,3,CGATTCGTAGTACGTTCGAC,0,3359581
ssnAp,0.25,3,3,CGATTCGTAGACGGGATAAC,0,3386200
ssnAp,0.25,3,3,CGATTATTAATCCAGTAGCA,0,3392162
ssnAp,0.25,3,3,CGATGATGCTATAATATCCT,0,3401888
ssnAp,0.25,3,3,CGATCTAGACCGGGCCAAAA,0,3396085
ssnAp,0.25,3,3,CGAGTAACGCCATGGGCTTA,0,3392338
ssnAp,0.25,3,3,CGAGGAAAAAACGGAGCCGA,0,3362884
ssnAp,0.25,3,3,CGAGCTAGGGACTATCAATT,0,3402624
ssnAp,0.25,3,3,CGAGCATCAGTACTGGGGCT,0,3365028
ssnAp,0.25,3,3,CGACTTATTCTCGAATTGGT,0,3369519
ssnAp,0.25,3,3,CGACTGACGCTAGGTCCTTT,0,3394692
ssnAp,0.25,3,3,CGACTCGGTCGGTACAAAAC,0,3387118
ssnAp,0.25,3,3,CGACTCGATCAACCGGAATT,0,3374698
ssnAp,0.25,3,3,CGACTAATTCGCACCGCGGC,0,3359961
ssnAp,0.25,3,3,CGACTAAAGCGACCGTTGTT,0,3359438
ssnAp,0.25,3,3,CGACCTTAACTGGCAATGTC,0,3391810
ssnAp,0.25,3,3,CGACCGTATACCGGATCGGC,0,3374511
ssnAp,0.25,3,3,CGACATATACAAACACAGTC,0,3391925
ssnAp,0.25,3,3,CGAATGTCCCCTTTTATGAT,0,3391617
ssnAp,0.25,3,3,CGAATGTCATGAGTACGGGT,0,3380186
ssnAp,0.25,3,3,CGAATCATTTGGTGAAGCAG,0,3398517
ssnAp,0.25,3,3,CGAACGCCAAGATGGATTGG,0,3399448
ssnAp,0.25,3,3,CGAACAGGTAAGTTGCCCGA,0,3378768
ssnAp,0.25,3,3,CGAAAGGCGGAAACGAATCA,0,3396275
ssnAp,0.25,3,3,CGAAAGCGTGTAATCTGTAA,0,3368278
ssnAp,0.25,3,3,CGAAACCATTAGGTTGGGGC,0,3384653
ssnAp,0.25,3,3,CCTTTGTATTTCACCTTCAC,0,3381532
ssnAp,0.25,3,3,CCTTTACGCCCGTCAGTTTG,0,3389667
ssnAp,0.25,3,3,CCTTGCATATTCATCCGCTT,0,3391521
ssnAp,0.25,3,3,CCTTAGCCGTCGCGGGGCAT,0,3372593
ssnAp,0.25,3,3,CCTGTGAATTTGGTTTTCGA,0,3399543
ssnAp,0.25,3,3,CCTGGACGAGAGTCGCCGTT,0,3380446
ssnAp,0.25,3,3,CCTGAACGTAGCACGCTTTT,0,3391017
ssnAp,0.25,3,3,CCTCTTGTTCCGAAGGGTAT,0,3371585
ssnAp,0.25,3,3,CCTCTTCATCGAGTACTTAA,0,3393899
ssnAp,0.25,3,3,CCTCGACCCGGCGTTGTTGT,0,3371228
ssnAp,0.25,3,3,CCTCCGATCGCGCCGTACCA,0,3401814
ssnAp,0.25,3,3,CCTAGGTCCGGTCTCCGAAA,0,3386704
ssnAp,0.25,3,3,CCTAGCTCAGGACGGGGGCA,0,3384561
ssnAp,0.25,3,3,CCTACTCTTAGTAGGCGACA,0,3362949
ssnAp,0.25,3,3,CCTAATCAGAACGATCGGAG,0,3367379
ssnAp,0.25,3,3,CCGTGGTAACGCGATTAATG,0,3393170
ssnAp,0.25,3,3,CCGTGGACAGAAGACATACC,0,3391831
ssnAp,0.25,3,3,CCGTCGTAGATACTCGACAG,0,3368889
ssnAp,0.25,3,3,CCGTCCTACGGATTCCTAAT,0,3385544
ssnAp,0.25,3,3,CCGTCCCCTGGGTTTACCGA,0,3377109
ssnAp,0.25,3,3,CCGTCATGATCAATTAAGAT,0,3369479
ssnAp,0.25,3,3,CCGTAGGGATTCGGCGGCTT,0,3377491
ssnAp,0.25,3,3,CCGTAGGACGATCCGATGTA,0,3393431
ssnAp,0.25,3,3,CCGGTTGTCAGCGGAGCGTA,0,3372503
ssnAp,0.25,3,3,CCGGTCTCATGTCAAATGAA,0,3362816
ssnAp,0.25,3,3,CCGGTATAAGCGCATCCGTT,0,3387409
ssnAp,0.25,3,3,CCGGTAGGGTAGGGCGTAAA,0,3366539
ssnAp,0.25,3,3,CCGGGGCTACTGGTCCATCT,0,3394191
ssnAp,0.25,3,3,CCGGGAGTTCCCGGTTAAAT,0,3361733
ssnAp,0.25,3,3,CCGGCCTACCCCAGCGCCGT,0,3377900
ssnAp,0.25,3,3,CCGGCAATTGGTCTTCATAC,0,3389954
ssnAp,0.25,3,3,CCGGACGAGTTTTCCTTTAC,0,3386042
ssnAp,0.25,3,3,CCGGAATCTGATGTACGCAA,0,3391112
ssnAp,0.25,3,3,CCGCTTAGCAAATATTTCCA,0,3402964
ssnAp,0.25,3,3,CCGCTGTGCCCAGCTCATAA,0,3385564
ssnAp,0.25,3,3,CCGCGCTTGGTGTTGTCTGA,0,3398290
ssnAp,0.25,3,3,CCGCGCCAAAGTGCTAATTC,0,3400234
ssnAp,0.25,3,3,CCGCATTGAGTTCAGGGCGA,0,3387559
ssnAp,0.25,3,3,CCGCATTCTCTAACGCTGAG,0,3363202
ssnAp,0.25,3,3,CCGCACAGAGGAGTATAGTC,0,3388925
ssnAp,0.25,3,3,CCGATCCCTCAGTAACGAGA,0,3364385
ssnAp,0.25,3,3,CCGATAACTAGACCGACGTT,0,3360905
ssnAp,0.25,3,3,CCGACCGGTATCCACACCTC,0,3376366
ssnAp,0.25,3,3,CCCTTGCAGGTCGATTGGTA,0,3393300
ssnAp,0.25,3,3,CCCTTCGTCGGATTGCTCCG,0,3392989
ssnAp,0.25,3,3,CCCTCGAAAGTTAGGCAGGT,0,3378944
ssnAp,0.25,3,3,CCCGTGGGGGTGGTATTTAT,0,3361062
ssnAp,0.25,3,3,CCCGGTGATCTGTGCTCATG,0,3388889
ssnAp,0.25,3,3,CCCGGGGGGAGCAACCGATG,0,3383527
ssnAp,0.25,3,3,CCCGCACTCGTGGCGGAGCA,0,3362050
ssnAp,0.25,3,3,CCCGAATTGTCTGTAGAGCA,0,3389166
ssnAp,0.25,3,3,CCCGAACGCTTTCGGTAATT,0,3379238
ssnAp,0.25,3,3,CCCCTAGCGTAGTCCAGGGC,0,3396435
ssnAp,0.25,3,3,CCCCGCCGAGTTACGATTGC,0,3395146
ssnAp,0.25,3,3,CCCCGAATAGAGTTAGCGGC,0,3389421
ssnAp,0.25,3,3,CCCCCTTACTGTTAGGCCGA,0,3377522
ssnAp,0.25,3,3,CCCCCTATCAGATTTGCTTA,0,3387794
ssnAp,0.25,3,3,CCCCATAGTCACGCGAGGAT,0,3372595
ssnAp,0.25,3,3,CCCCAAAACAAGGAGACCAA,0,3377844
ssnAp,0.25,3,3,CCCATTATGCTGTTACACCA,0,3379537
ssnAp,0.25,3,3,CCCAGTTTGCGTAATACAAA,0,3378844
ssnAp,0.25,3,3,CCCAGGTAAGCCCGTTACCG,0,3370567
ssnAp,0.25,3,3,CCCAGCGATACTGTGGTTAC,0,3375135
ssnAp,0.25,3,3,CCCAATTGCCATGGTCTTAG,0,3366779
ssnAp,0.25,3,3,CCCAAGGATGTACTACGATC,0,3393639
ssnAp,0.25,3,3,CCCAACGGCGACCACATCAA,0,3392002
ssnAp,0.25,3,3,CCCAAAGTCTCAATGCTCTG,0,3362580
ssnAp,0.25,3,3,CCATGTTAATGATATGGCAG,0,3395678
ssnAp,0.25,3,3,CCATGGCATTGCGGGTATAG,0,3370730
ssnAp,0.25,3,3,CCATGAGATCAGACCAGGCC,0,3386187
ssnAp,0.25,3,3,CCATCGAGATCGCCTTAGTT,0,3379861
ssnAp,0.25,3,3,CCAGGCCAGATTCCTTGTAA,0,3386937
ssnAp,0.25,3,3,CCAGGCACGCGGGCGAGGTG,0,3376168
ssnAp,0.25,3,3,CCAGCTTGCGGTTCATGGAA,0,3377632
ssnAp,0.25,3,3,CCAGATTATGATTGCGTCCA,0,3396683
ssnAp,0.25,3,3,CCAGAACCGGATCAAGGTGG,0,3384522
ssnAp,0.25,3,3,CCACGATAAGGGTGATTTCG,0,3377382
ssnAp,0.25,3,3,CCACGACATATCACAAATTG,0,3390805
ssnAp,0.25,3,3,CCACGAAGTGCTGGCAAGTC,0,3373218
ssnAp,0.25,3,3,CCACAATCTCATCCTAAGTT,0,3369199
ssnAp,0.25,3,3,CCAAGCCTCTGAGGAGTGGT,0,3396409
ssnAp,0.25,3,3,CCAACCATAACCCCTCTAAA,0,3398967
ssnAp,0.25,3,3,CCAAACTGTTCCGGGCGAGC,0,3394279
ssnAp,0.25,3,3,CATTTCCTCTGAGGAAAGAC,0,3375409
ssnAp,0.25,3,3,CATTGCTTCACCGCATCCCC,0,3383121
ssnAp,0.25,3,3,CATTCCGAGGGCGGTCCTGC,0,3362641
ssnAp,0.25,3,3,CATGTTGTATACGTCTCAGC,0,3397738
ssnAp,0.25,3,3,CATGTTCATGCACTATTAGA,0,3359972
ssnAp,0.25,3,3,CATGGTTTCGGTAATTTGTA,0,3383490
ssnAp,0.25,3,3,CATGGTGACAAGGACATACG,0,3359475
ssnAp,0.25,3,3,CATGCGCAACAGGGCAACTC,0,3401933
ssnAp,0.25,3,3,CATCTGGAGGAAGCATACGC,0,3371341
ssnAp,0.25,3,3,CATCTCATTGGCAGGTAACT,0,3364677
ssnAp,0.25,3,3,CATCGTCATCGTATGGCAAT,0,3388879
ssnAp,0.25,3,3,CATCGTCACTGGCACCAGAG,0,3366064
ssnAp,0.25,3,3,CATCGTAGGCTAACTCAGTT,0,3389918
ssnAp,0.25,3,3,CATCGGCGGAAGAACCGCAG,0,3361014
ssnAp,0.25,3,3,CATCGAGGCAGCTCTGGTAG,0,3394664
ssnAp,0.25,3,3,CATCACTGGTTGTGTGAGGG,0,3367698
ssnAp,0.25,3,3,CATCACGTCGGTCATCTACG,0,3402406
ssnAp,0.25,3,3,CATCAACTCGCGTTGATCCA,0,3398393
ssnAp,0.25,3,3,CATAGGACACCTGCTCACTG,0,3391493
ssnAp,0.25,3,3,CATAGCATCCGGCCAATACC,0,3395240
ssnAp,0.25,3,3,CATAACGTAACAGGCAACTG,0,3387698
ssnAp,0.25,3,3,CATAACCCCCATATATTTCA,0,3377606
ssnAp,0.25,3,3,CAGTTCGCTTCAGCACAGAG,0,3381250
ssnAp,0.25,3,3,CAGTTAACCTGACAAAGATT,0,3384976
ssnAp,0.25,3,3,CAGTGGGCGATTAAGAATAG,0,3401839
ssnAp,0.25,3,3,CAGTCCCCACGTGTGATTAC,0,3374157
ssnAp,0.25,3,3,CAGTCAGGTCGCACGGCAGC,0,3385063
ssnAp,0.25,3,3,CAGTAGAGAAGTTAATACAT,0,3363317
ssnAp,0.25,3,3,CAGGTTGACGCCATTTTACA,0,3386771
ssnAp,0.25,3,3,CAGGTGACCTATCTGACGTG,0,3376139
ssnAp,0.25,3,3,CAGGGGTAGGACAATCTGGA,0,3364066
ssnAp,0.25,3,3,CAGGCGAGAAGGGGACGACG,0,3359826
ssnAp,0.25,3,3,CAGGCAGCAAGTATGCTTTC,0,3377354
ssnAp,0.25,3,3,CAGGATAGCAGAATTAACGC,0,3388487
ssnAp,0.25,3,3,CAGCTCAACTGTGGTTTCAT,0,3377729
ssnAp,0.25,3,3,CAGCGTGACATAGTCTATCA,0,3367647
ssnAp,0.25,3,3,CAGCGGAGGATGGAAATCAG,0,3385320
ssnAp,0.25,3,3,CAGCGAGTGCCTACGCTTAT,0,3386567
ssnAp,0.25,3,3,CAGCCCCTATCAAGATCTGA,0,3371615
ssnAp,0.25,3,3,CAGCATAATATTATCTGGAA,0,3360395
ssnAp,0.25,3,3,CAGAGTGGCTGATTCCGTTT,0,3399684
ssnAp,0.25,3,3,CAGACATAGGTCGGTTGACT,0,3401644
ssnAp,0.25,3,3,CAGAAGCCCTGGTTCAGCGA,0,3364188
ssnAp,0.25,3,3,CAGAACTTGGAGAACTTCTA,0,3401568
ssnAp,0.25,3,3,CACTTTTTTTGCGAACGCGC,0,3370049
ssnAp,0.25,3,3,CACTTGAGGCCCCATTCCAC,0,3376633
ssnAp,0.25,3,3,CACTTAGAGACGTTTTTGCA,0,3366953
ssnAp,0.25,3,3,CACTCTTGGTAGTGATAAGT,0,3367846
ssnAp,0.25,3,3,CACTCTATATTATGTGCTTT,0,3361273
ssnAp,0.25,3,3,CACGTTCCCCTGCGAGTTTC,0,3365140
ssnAp,0.25,3,3,CACGCTACCGGCCACTTGTC,0,3381347
ssnAp,0.25,3,3,CACGCCACGAGTGTGATCAC,0,3388798
ssnAp,0.25,3,3,CACGATAGCACATGGTGTGC,0,3390361
ssnAp,0.25,3,3,CACGAGAGAATATCATGTAT,0,3374629
ssnAp,0.25,3,3,CACCTTTAACAGAGTCTGGG,0,3398400
ssnAp,0.25,3,3,CACCTCAGTCACTAGATAGG,0,3391707
ssnAp,0.25,3,3,CACCGGGCCTAATAGTTTTT,0,3400103
ssnAp,0.25,3,3,CACCCCATAGCCACGTACCA,0,3377655
ssnAp,0.25,3,3,CACCAGTACTCATTCACCGA,0,3392638
ssnAp,0.25,3,3,CACCAAAACCGCCGTGGCAA,0,3375232
ssnAp,0.25,3,3,CACATTCCACATGAGAATCG,0,3362533
ssnAp,0.25,3,3,CACATATCTGGGGTTGTATG,0,3387671
ssnAp,0.25,3,3,CACATACATGAACTTAAATA,0,3380463
ssnAp,0.25,3,3,CACAGCTGAAACGCAGTTGG,0,3361348
ssnAp,0.25,3,3,CACACGGACTTAGCTCGAAG,0,3374484
ssnAp,0.25,3,3,CACACGCACAGCGCAGCGCA,0,3372576
ssnAp,0.25,3,3,CACAACGTATTAGGAGGTTA,0,3391030
ssnAp,0.25,3,3,CACAACCTAGTGGGAAGTGG,0,3369059
ssnAp,0.25,3,3,CAATTCCCAACGAAATCGCA,0,3374948
ssnAp,0.25,3,3,CAATTCAACCACCCTTCCGT,0,3367773
ssnAp,0.25,3,3,CAATTAGAAGATTGAAGCAG,0,3392407
ssnAp,0.25,3,3,CAATGTGGCACGAGAATCCA,0,3369003
ssnAp,0.25,3,3,CAATGGTAAACCCGCTTACC,0,3360063
ssnAp,0.25,3,3,CAATGGGATTAGGGGCGTGA,0,3365146
ssnAp,0.25,3,3,CAATGCGAGACTGGCCGGGG,0,3398877
ssnAp,0.25,3,3,CAATGCATCACTTAACCTTG,0,3397940
ssnAp,0.25,3,3,CAATATTATGGACAGCGCGG,0,3360154
ssnAp,0.25,3,3,CAATAGGTATCCATTAAGGA,0,3385866
ssnAp,0.25,3,3,CAATAGGCGTGGTTGTGTTC,0,3372180
ssnAp,0.25,3,3,CAAGTACAGACAAGGAAATT,0,3389919
ssnAp,0.25,3,3,CAAGGTGTATATTTGTCTTT,0,3368664
ssnAp,0.25,3,3,CAAGGAAACGCCTGCTACCG,0,3375302
ssnAp,0.25,3,3,CAACTACGGGCATATTGGTT,0,3371654
ssnAp,0.25,3,3,CAACCATGGTTCTGAGTCGC,0,3386354
ssnAp,0.25,3,3,CAACAGGGATGCATGCTCAT,0,3372254
ssnAp,0.25,3,3,CAACAATCACGAGAGATTTG,0,3395040
ssnAp,0.25,3,3,CAAATGACCGCTGTAAAAAC,0,3363079
ssnAp,0.25,3,3,CAAACTCGAAAATGGGGTGA,0,3365692
ssnAp,0.25,3,3,CAAACGTATGGCAAAGCATG,0,3401560
ssnAp,0.25,3,3,CAAACCTGTCAAATCGTACG,0,3377708
ssnAp,0.25,3,3,CAAAAGATGGTCTAGTAGTT,0,3382787
ssnAp,0.25,3,3,CAAAAATTAGGATGATGGTT,0,3384824
ssnAp,0.25,3,3,ATTTTCCACTCGTGGATAAC,0,3397818
ssnAp,0.25,3,3,ATTTGGTGCTTAGCCTTGCT,0,3397526
ssnAp,0.25,3,3,ATTTGCCGATTTCGGGAGAA,0,3363694
ssnAp,0.25,3,3,ATTTCTGTGACAGTGGAGGC,0,3397321
ssnAp,0.25,3,3,ATTTATGATGTGGTGATGCA,0,3367632
ssnAp,0.25,3,3,ATTGTCGGTAACGCTTACAA,0,3395020
ssnAp,0.25,3,3,ATTGTCCGTTACCCGGGCAA,0,3400156
ssnAp,0.25,3,3,ATTGGTCCGTAGTGACTCTG,0,3368141
ssnAp,0.25,3,3,ATTGGGTGTATGGACAGGCC,0,3397542
ssnAp,0.25,3,3,ATTGGGTAGGAACAGTCTCT,0,3387392
ssnAp,0.25,3,3,ATTGGGATGTGGGCTCGTTC,0,3376524
ssnAp,0.25,3,3,ATTGCTCTATCAGCTCAGCT,0,3373338
ssnAp,0.25,3,3,ATTGCAAGAGGAAATCATGA,0,3387590
ssnAp,0.25,3,3,ATTGAAGCAAGTAAAAGTTA,0,3387524
ssnAp,0.25,3,3,ATTCTGAGTTGGCAAAACTG,0,3382709
ssnAp,0.25,3,3,ATTCTGAAAGCTATACAATG,0,3396875
ssnAp,0.25,3,3,ATTATTTATCCGGGGGCAAG,0,3379452
ssnAp,0.25,3,3,ATTATCGAGGGCAAGGGCAA,0,3375532
ssnAp,0.25,3,3,ATTATAACACACATTGGTAG,0,3371727
ssnAp,0.25,3,3,ATTAGTTAGGGGACCGCTAT,0,3370769
ssnAp,0.25,3,3,ATTAGTCTATTTCAGTATTG,0,3387883
ssnAp,0.25,3,3,ATTAGGGTTTTAACCTATCA,0,3402767
ssnAp,0.25,3,3,ATTAGGGCATCGGAAACGAT,0,3380769
ssnAp,0.25,3,3,ATTAGGCCACCCTCATGATA,0,3394490
ssnAp,0.25,3,3,ATTAGCGGAGGCTGCATGCC,0,3387541
ssnAp,0.25,3,3,ATTACTAGGGAAGGTGCATA,0,3374968
ssnAp,0.25,3,3,ATTAATGAAATGTACCACGC,0,3380886
ssnAp,0.25,3,3,ATTAAGCTCTAGACCTCATT,0,3370609
ssnAp,0.25,3,3,ATTAAGAATTAATGCGTGGT,0,3375461
ssnAp,0.25,3,3,ATGTTACTCTCCTCGCCGCC,0,3380618
ssnAp,0.25,3,3,ATGTGAATAGTTCAGTCTTG,0,3361860
ssnAp,0.25,3,3,ATGTCGTCAAGCGCACCGAT,0,3391466
ssnAp,0.25,3,3,ATGTATTCGGGGCTCGTGAC,0,3399148
ssnAp,0.25,3,3,ATGTACAGTACATTATTGGT,0,3386331
ssnAp,0.25,3,3,ATGGTCCTGGATTGACTCAA,0,3363226
ssnAp,0.25,3,3,ATGGTACTGCATTACCATCG,0,3361541
ssnAp,0.25,3,3,ATGGGGGGGTGCGCAGGATA,0,3395945
ssnAp,0.25,3,3,ATGGGCTACATACGGGCGGC,0,3395713
ssnAp,0.25,3,3,ATGGCGCGGGTCAAATGGCT,0,3388156
ssnAp,0.25,3,3,ATGGCCCTGACACAGTAGTG,0,3401174
ssnAp,0.25,3,3,ATGGCAAAGTTGGCATAACA,0,3366891
ssnAp,0.25,3,3,ATGGAGATGCCCTTTTATTC,0,3375000
ssnAp,0.25,3,3,ATGGACCTGCCACTGCGCAG,0,3386214
ssnAp,0.25,3,3,ATGGAAACTACCACAGTCCT,0,3368418
ssnAp,0.25,3,3,ATGCTCAACAAAGGGCGTCA,0,3387998
ssnAp,0.25,3,3,ATGCGTATATTCACATACTG,0,3397593
ssnAp,0.25,3,3,ATGCCGCCCACCTCGGGGTG,0,3390032
ssnAp,0.25,3,3,ATGCCAAGGCATGATATTAG,0,3400242
ssnAp,0.25,3,3,ATGATCTGTCCTCAAAGGTT,0,3366258
ssnAp,0.25,3,3,ATGATATATGGAACGGCTGG,0,3399170
ssnAp,0.25,3,3,ATGAGAATGAAACTTGGAAG,0,3391341
ssnAp,0.25,3,3,ATGAGAAACGCACGCAAGCA,0,3398781
ssnAp,0.25,3,3,ATGACATTGGCTTTGAGGAA,0,3363868
ssnAp,0.25,3,3,ATGAATTTAGGGGTGTTGCT,0,3359307
ssnAp,0.25,3,3,ATGAAGGCGGTTTGTCCGTA,0,3370980
ssnAp,0.25,3,3,ATGAACTCAATCAGTAAGGA,0,3401382
ssnAp,0.25,3,3,ATGAACAGCGAACGTCCTCC,0,3395349
ssnAp,0.25,3,3,ATCTTTAGGCGTCCACTTGT,0,3369130
ssnAp,0.25,3,3,ATCTCGTCGGATGGGCTCAA,0,3382859
ssnAp,0.25,3,3,ATCTCGAGTATTAAGTAACA,0,3364580
ssnAp,0.25,3,3,ATCGTGTATATTTCTAGGTC,0,3374911
ssnAp,0.25,3,3,ATCGGGGCTATAAGGTCCGT,0,3400813
ssnAp,0.25,3,3,ATCGGGACTCCGTCTGAAAA,0,3395299
ssnAp,0.25,3,3,ATCGGCATTAGAGACCGGCT,0,3378572
ssnAp,0.25,3,3,ATCGAGCAAGACATTGAGAT,0,3363568
ssnAp,0.25,3,3,ATCGAATTGGGGGGCCTCAA,0,3381580
ssnAp,0.25,3,3,ATCCTTCCCAACATTCAATC,0,3378452
ssnAp,0.25,3,3,ATCCTGCCTTATAAGGCAAC,0,3390748
ssnAp,0.25,3,3,ATCCTCCGTCCAATTCAGTG,0,3396401
ssnAp,0.25,3,3,ATCCGTGCCTCAATAGAGTC,0,3390831
ssnAp,0.25,3,3,ATCCATTGTAAAGCCTGAAG,0,3368562
ssnAp,0.25,3,3,ATCCACTTGGTATACCCTCG,0,3401555
ssnAp,0.25,3,3,ATCATGAGTAGGAACAAGCT,0,3396372
ssnAp,0.25,3,3,ATCAGCGTGCGCGCAAACGA,0,3397804
ssnAp,0.25,3,3,ATCAGCAATGGAGAAAAGGT,0,3364027
ssnAp,0.25,3,3,ATCAGACCCATGCAATCGGA,0,3373901
ssnAp,0.25,3,3,ATCAGAAGGGTGCTGGCCTA,0,3395211
ssnAp,0.25,3,3,ATCAATCGCGTCTGAATCTT,0,3362504
ssnAp,0.25,3,3,ATCAACCTTTCCACTTATCA,0,3380184
ssnAp,0.25,3,3,ATATTGTCCCCTACGTTCCT,0,3377029
ssnAp,0.25,3,3,ATATTCATGCCCCGCTAGAT,0,3384102
ssnAp,0.25,3,3,ATATGGGCTCAAAAGGCCAT,0,3384394
ssnAp,0.25,3,3,ATATGGAAATAATTGAGGGT,0,3360375
ssnAp,0.25,3,3,ATATATATTATGCTGCGCAT,0,3388218
ssnAp,0.25,3,3,ATATAAAGTCTGGTAGTGGG,0,3368523
ssnAp,0.25,3,3,ATAGGTATGGCCAATGAAGA,0,3381716
ssnAp,0.25,3,3,ATAGGCATCCTCCGAAGAAG,0,3376493
ssnAp,0.25,3,3,ATAGGAATTGTCATTCGTCC,0,3397004
ssnAp,0.25,3,3,ATAGCCGGACGGCACAAAGA,0,3371707
ssnAp,0.25,3,3,ATAGAGCAGGGAACCCAAAA,0,3392763
ssnAp,0.25,3,3,ATACTGTTTTCGGCCACCGG,0,3364989
ssnAp,0.25,3,3,ATACTCCGCATCATAGTCAA,0,3363385
ssnAp,0.25,3,3,ATACTACCGCCGAGAAACAA,0,3369809
ssnAp,0.25,3,3,ATACTAACTTGTTCTATTCC,0,3361444
ssnAp,0.25,3,3,ATACGTTCTTCATGTCCAAG,0,3385834
ssnAp,0.25,3,3,ATACGAAGAGGACGTTAATA,0,3385159
ssnAp,0.25,3,3,ATACCGTGGTGTCGCGATTA,0,3396078
ssnAp,0.25,3,3,ATACCACTCAGAGGCGGGAC,0,3377797
ssnAp,0.25,3,3,ATAATTGGTTCGTGCGTAAT,0,3385288
ssnAp,0.25,3,3,ATAATGTCATCGTGCTACCA,0,3367361
ssnAp,0.25,3,3,ATAAGTTTACATTTTATGAT,0,3369588
ssnAp,0.25,3,3,ATAAGCGCACTCTTAAATGG,0,3359749
ssnAp,0.25,3,3,ATAAGCCTGTCAAAGCGCCT,0,3398534
ssnAp,0.25,3,3,ATAACGGAGTGCCAGGCAAT,0,3378079
ssnAp,0.25,3,3,ATAAACTGCTCGAGCACGTA,0,3387353
ssnAp,0.25,3,3,ATAAACGCATAATACAATTG,0,3398210
ssnAp,0.25,3,3,AGTTTTTAATCCGGACTATT,0,3369972
ssnAp,0.25,3,3,AGTTTGACTGGGCCAGCTTG,0,3379448
ssnAp,0.25,3,3,AGTTGGTGGCATCACGTGAA,0,3370516
ssnAp,0.25,3,3,AGTTGATAGCCGCGCGGCAA,0,3367715
ssnAp,0.25,3,3,AGTTATATACCTGCCACCAG,0,3400341
ssnAp,0.25,3,3,AGTGTTTCAGTGTCCACGAA,0,3387403
ssnAp,0.25,3,3,AGTGTGTTCAGCGTAGGAGT,0,3366649
ssnAp,0.25,3,3,AGTGTGACTTCAGGTACCAG,0,3386867
ssnAp,0.25,3,3,AGTGCTCTAAGCAGGGTTTC,0,3382537
ssnAp,0.25,3,3,AGTGCGGGGTATTCCAGGGG,0,3375307
ssnAp,0.25,3,3,AGTGATGCCCGAGCCTAAAT,0,3396117
ssnAp,0.25,3,3,AGTCTTTCGTGCTTGTATAC,0,3375809
ssnAp,0.25,3,3,AGTCTTCATCCATACGGCTC,0,3376989
ssnAp,0.25,3,3,AGTCTACAAGAGCGCACATG,0,3386244
ssnAp,0.25,3,3,AGTCGGGCTGGGCCGTACGC,0,3375535
ssnAp,0.25,3,3,AGTCCCTGACTTATGTAAGA,0,3365872
ssnAp,0.25,3,3,AGTCAAGGCAGGGCAATTGT,0,3359638
ssnAp,0.25,3,3,AGTATGATGCGATACATGCC,0,3388051
ssnAp,0.25,3,3,AGTAAGATCGCGCTTCACCC,0,3399939
ssnAp,0.25,3,3,AGTAACGGAGTGTGATGCTA,0,3395865
ssnAp,0.25,3,3,AGGTTCACGCCGCCGGGAAA,0,3389363
ssnAp,0.25,3,3,AGGTGGGAAACTTTTCGCAT,0,3360983
ssnAp,0.25,3,3,AGGTCTAGTGGTAAGCCCGA,0,3398753
ssnAp,0.25,3,3,AGGTACTAAGCTTGGCCTAA,0,3396759
ssnAp,0.25,3,3,AGGTACGCGTACCGTAGATT,0,3374661
ssnAp,0.25,3,3,AGGTAATCGGCGAACTCCTC,0,3370888
ssnAp,0.25,3,3,AGGGTTTGGTGCGCTGAATG,0,3368880
ssnAp,0.25,3,3,AGGGTTTATAGGTTTAGGGT,0,3370210
ssnAp,0.25,3,3,AGGGTCGAATTGCGTTCGGG,0,3393920
ssnAp,0.25,3,3,AGGGTATCCCCCCAGAACAG,0,3367027
ssnAp,0.25,3,3,AGGGTAGGCATCGTCCGATC,0,3368988
ssnAp,0.25,3,3,AGGGTAGCAGATAAGATGGC,0,3367599
ssnAp,0.25,3,3,AGGGGCGACGTGTGGTTTGG,0,3395379
ssnAp,0.25,3,3,AGGGGAGGTGTTAGCAAAGA,0,3372413
ssnAp,0.25,3,3,AGGGCCATGGACCTGAAAGT,0,3359941
ssnAp,0.25,3,3,AGGCTGAGGGGGTCTACATC,0,3400755
ssnAp,0.25,3,3,AGGCGTTCTCAGTGCTTTAC,0,3376710
ssnAp,0.25,3,3,AGGCCCATGAATGTTTTTCC,0,3361372
ssnAp,0.25,3,3,AGGCCACCGGGAGCTGCGCA,0,3386342
ssnAp,0.25,3,3,AGGCAGCTGGTGTGGAGTGT,0,3401062
ssnAp,0.25,3,3,AGGCACGCGGCTACCCAGGC,0,3367568
ssnAp,0.25,3,3,AGGATTTGTACGGGCTGTAC,0,3384148
ssnAp,0.25,3,3,AGGAGCTTTAAAGCGCTCCT,0,3377919
ssnAp,0.25,3,3,AGGACTTGTAAACGGCATGT,0,3382211
ssnAp,0.25,3,3,AGGACGGGGGACTTTAGAAC,0,3366653
ssnAp,0.25,3,3,AGGACATATTACCAGTGAGA,0,3369800
ssnAp,0.25,3,3,AGCTTTCAGCCTGTACTTTT,0,3366768
ssnAp,0.25,3,3,AGCTTCTGGCCCGTATTGGC,0,3382893
ssnAp,0.25,3,3,AGCTGTGCATGCGTCCCGGT,0,3390728
ssnAp,0.25,3,3,AGCTGGCCCCTCTTCAAGGA,0,3361202
ssnAp,0.25,3,3,AGCTGAACTACTACGGACGA,0,3388628
ssnAp,0.25,3,3,AGCTCTCTGTATCCGGTCGG,0,3387833
ssnAp,0.25,3,3,AGCTCACAATAATTGGAACT,0,3360315
ssnAp,0.25,3,3,AGCTAGTGCCTAGCAACCTA,0,3397883
ssnAp,0.25,3,3,AGCTAGCGCGCGGTACATGA,0,3383453
ssnAp,0.25,3,3,AGCGTGATCTCTAGAACCTG,0,3383279
ssnAp,0.25,3,3,AGCGGGCAATAGGAGTAACC,0,3386717
ssnAp,0.25,3,3,AGCGGACTTCGTGCCTACTT,0,3384575
ssnAp,0.25,3,3,AGCGAACATCACATCGTGTG,0,3379845
ssnAp,0.25,3,3,AGCCTTCCGTAAATTATCGC,0,3380020
ssnAp,0.25,3,3,AGCCTACATTACTGTTACTT,0,3362545
ssnAp,0.25,3,3,AGCCGGGGGTTACACGAGTT,0,3363268
ssnAp,0.25,3,3,AGCCATTGACAGATTTGCAG,0,3402284
ssnAp,0.25,3,3,AGCCACGTAGGGAGATTATT,0,3374232
ssnAp,0.25,3,3,AGCCAAACAGCAAACCTACA,0,3401217
ssnAp,0.25,3,3,AGCATGAGCATCCATATATC,0,3401228
ssnAp,0.25,3,3,AGCAGTGATTACACCAAGAC,0,3382183
ssnAp,0.25,3,3,AGCAGGCCTGGTAGTACGGG,0,3378713
ssnAp,0.25,3,3,AGCAGCCACGGTACCCGCGA,0,3378417
ssnAp,0.25,3,3,AGCACAATTTCCCGCGGCAT,0,3365552
ssnAp,0.25,3,3,AGCAACTTGATCATATGCAG,0,3360445
ssnAp,0.25,3,3,AGCAAAACTAATAAAAATTT,0,3379282
ssnAp,0.25,3,3,AGATGTCGCACCACACCCCG,0,3398637
ssnAp,0.25,3,3,AGATGTATTCTTAGCGACAG,0,3363854
ssnAp,0.25,3,3,AGATGCTAGGAATGGCACAC,0,3380786
ssnAp,0.25,3,3,AGATCTATACCCTGTGGTAC,0,3382085
ssnAp,0.25,3,3,AGATCTAGGGGTAAGAATAG,0,3382485
ssnAp,0.25,3,3,AGATCCGTCGAAACGATCTG,0,3391843
ssnAp,0.25,3,3,AGATCCCGCAGGGGAATGGG,0,3373501
ssnAp,0.25,3,3,AGATCACCCGTGGATGATGC,0,3392247
ssnAp,0.25,3,3,AGATATTGGAAATAGTTACA,0,3375833
ssnAp,0.25,3,3,AGAGTTATAATCGTTCTTTT,0,3365639
ssnAp,0.25,3,3,AGAGGTCCCAGGAGGGGAAA,0,3365980
ssnAp,0.25,3,3,AGAGGGATGACATTTAACCA,0,3370741
ssnAp,0.25,3,3,AGACCGAGTTCGATCGACAG,0,3390409
ssnAp,0.25,3,3,AGACCCGTTCGTAATATACC,0,3366235
ssnAp,0.25,3,3,AGACAAGCATCGTTGCTCCA,0,3368302
ssnAp,0.25,3,3,AGAATTGCTGTTTCCACCTT,0,3385551
ssnAp,0.25,3,3,AGAAGTTATCGGGGTCTACA,0,3397668
ssnAp,0.25,3,3,AGAAGGTCAGGCTAGGTCTG,0,3376094
ssnAp,0.25,3,3,AGAAGCACATATTGTACAGT,0,3393308
ssnAp,0.25,3,3,AGAAATTGACGTAACCGGTA,0,3388483
ssnAp,0.25,3,3,AGAAATATTCGCGCCTATTA,0,3365344
ssnAp,0.25,3,3,ACTTTTTCAAGTTTGTGGCA,0,3372758
ssnAp,0.25,3,3,ACTTTCGCCCTCGCGGAGGC,0,3383555
ssnAp,0.25,3,3,ACTTGCGGACAACGGGATCT,0,3359777
ssnAp,0.25,3,3,ACTTGACGCCCATCTCTCTT,0,3362041
ssnAp,0.25,3,3,ACTGTTAAGACGACATACTA,0,3401807
ssnAp,0.25,3,3,ACTGTCCCTTGTCGGCGGTG,0,3397118
ssnAp,0.25,3,3,ACTGGCTTCAGAAGGTCTGG,0,3369408
ssnAp,0.25,3,3,ACTGGCAAGTCGCACCATAT,0,3372703
ssnAp,0.25,3,3,ACTGCTTGCCGCTACTCTAG,0,3373205
ssnAp,0.25,3,3,ACTGCTCGATGTCAACAGCA,0,3361100
ssnAp,0.25,3,3,ACTGCAGTGAGTCCCGACTC,0,3362465
ssnAp,0.25,3,3,ACTGATTGTTCAAGAACAGA,0,3372001
ssnAp,0.25,3,3,ACTGACAAGGGGTTAAGATC,0,3388152
ssnAp,0.25,3,3,ACTCGGCGTTTCACATTAGC,0,3390692
ssnAp,0.25,3,3,ACTCCTGGGCCACTTAGATA,0,3388354
ssnAp,0.25,3,3,ACTCCCGCCAGCAGAGCACT,0,3375191
ssnAp,0.25,3,3,ACTCCAATTACGGTGGAGCA,0,3394170
ssnAp,0.25,3,3,ACTATTGTTAGGCACGTGGT,0,3399094
ssnAp,0.25,3,3,ACTAAGGTATGTTCCCAGGA,0,3392183
ssnAp,0.25,3,3,ACTAAGGCATTGGTCATCAT,0,3402341
ssnAp,0.25,3,3,ACTAAAACATTTACCGCAAC,0,3391685
ssnAp,0.25,3,3,ACGTTCACTGCGGGGCATCC,0,3383342
ssnAp,0.25,3,3,ACGTGAATGTGACTCGTGAG,0,3363376
ssnAp,0.25,3,3,ACGTCCTGGCACCCAATAAG,0,3367151
ssnAp,0.25,3,3,ACGTCCAGGCACTAGAACGT,0,3392120
ssnAp,0.25,3,3,ACGTCATGATATAAATGCTG,0,3386475
ssnAp,0.25,3,3,ACGTCATACGGACTAGACTA,0,3389534
ssnAp,0.25,3,3,ACGTAGCATCAACCACAATT,0,3375574
ssnAp,0.25,3,3,ACGTACGCATCTCCTGTGTG,0,3373579
ssnAp,0.25,3,3,ACGGTTGGGAAGACGTCGAG,0,3380999
ssnAp,0.25,3,3,ACGGTGCTCGATACTCAGCC,0,3387837
ssnAp,0.25,3,3,ACGGGTGGGTTATCGTAGCG,0,3366179
ssnAp,0.25,3,3,ACGGGTGGGGAGAACTGTAA,0,3373318
ssnAp,0.25,3,3,ACGGCGGTGCATTATGGCTC,0,3382567
ssnAp,0.25,3,3,ACGGCCCGGGCTCTGCGCTC,0,3374470
ssnAp,0.25,3,3,ACGGAAGGACATAATGTACG,0,3360360
ssnAp,0.25,3,3,ACGCTTTGTTCAAAGGGTGT,0,3402877
ssnAp,0.25,3,3,ACGCGTGGAATTTATCCCAG,0,3382346
ssnAp,0.25,3,3,ACGCGCTAAACGAAAAATCA,0,3392194
ssnAp,0.25,3,3,ACGCCGATGTTACCTCATTT,0,3391970
ssnAp,0.25,3,3,ACGCACGCGCGCGTCACCCC,0,3399155
ssnAp,0.25,3,3,ACGCAAGACCGCAGTCCTAT,0,3368940
ssnAp,0.25,3,3,ACGATGCACGAGTCTTTAGA,0,3389131
ssnAp,0.25,3,3,ACGAGGCAGACACGCGCCAC,0,3382402
ssnAp,0.25,3,3,ACGAGAGCAGTACTAACTGC,0,3378399
ssnAp,0.25,3,3,ACGACACGCAGCCACGACGA,0,3387780
ssnAp,0.25,3,3,ACGAATAATAAGCTACGTCG,0,3392921
ssnAp,0.25,3,3,ACGAACCCTAAAATCACGGT,0,3387045
ssnAp,0.25,3,3,ACCTTTCATCTGTGAATATT,0,3368417
ssnAp,0.25,3,3,ACCTTGCTCCGATGATATCA,0,3399169
ssnAp,0.25,3,3,ACCTACTTAGGAAATTCGCT,0,3392274
ssnAp,0.25,3,3,ACCTACACTTGGGCCTTGTC,0,3395114
ssnAp,0.25,3,3,ACCGTGTTTTTATAGATATT,0,3389302
ssnAp,0.25,3,3,ACCGGGGTTATTTTGCACTA,0,3365760
ssnAp,0.25,3,3,ACCGGGAGACCTGGGACTCG,0,3390050
ssnAp,0.25,3,3,ACCGCTCGTGCGACGTCCCA,0,3393543
ssnAp,0.25,3,3,ACCCTTATAATACTCCAAAA,0,3383974
ssnAp,0.25,3,3,ACCCCACGGAATGCTGATGG,0,3379605
ssnAp,0.25,3,3,ACCCCAACCACGCGCTCGGA,0,3389375
ssnAp,0.25,3,3,ACCCAACCCGTACATGCAGA,0,3369410
ssnAp,0.25,3,3,ACCATTAGAACAGACCCGAT,0,3366830
ssnAp,0.25,3,3,ACCAGTGTCAGCCCGGGACT,0,3394768
ssnAp,0.25,3,3,ACCAGGTAGGGGAGATGCAT,0,3390061
ssnAp,0.25,3,3,ACCAGCAGATCAGGTTCAAC,0,3374458
ssnAp,0.25,3,3,ACCAGAAAACCTTGCTTCAG,0,3365312
ssnAp,0.25,3,3,ACCACATTGGCCGGTTAGTA,0,3373390
ssnAp,0.25,3,3,ACCACAGCTGACAATACCTG,0,3395799
ssnAp,0.25,3,3,ACCAATGGTAATAGCGCACA,0,3364077
ssnAp,0.25,3,3,ACCAAGGGAACAAAAACAAT,0,3381899
ssnAp,0.25,3,3,ACCAACGTCTCGTCCGCTAC,0,3390916
ssnAp,0.25,3,3,ACATGGGATTGTGTCACAAT,0,3373367
ssnAp,0.25,3,3,ACATCTCGATTCCTGCTGCA,0,3369632
ssnAp,0.25,3,3,ACATCGCATGCCGTCTGCCA,0,3397625
ssnAp,0.25,3,3,ACATATCCCTGCCAGCCAAT,0,3375895
ssnAp,0.25,3,3,ACATATAAACGAAACCCTGC,0,3359637
ssnAp,0.25,3,3,ACATAGAGAGTGTGGCATAT,0,3371676
ssnAp,0.25,3,3,ACAGTTCTCCGCCAATGCCC,0,3368995
ssnAp,0.25,3,3,ACAGTATTTCGCCTGTGCAT,0,3376265
ssnAp,0.25,3,3,ACAGCAATGGTAACCCCCGC,0,3362018
ssnAp,0.25,3,3,ACAGAGCCTATAATTATACC,0,3379000
ssnAp,0.25,3,3,ACAGACCACTTGGTTCTGGT,0,3396026
ssnAp,0.25,3,3,ACACTTGTCTCACTGACAAG,0,3376352
ssnAp,0.25,3,3,ACACTCTGATACTACATGTA,0,3400005
ssnAp,0.25,3,3,ACACCGCCATTATCGGCCGT,0,3389666
ssnAp,0.25,3,3,ACACACCAGGTGACAAACTT,0,3382702
ssnAp,0.25,3,3,ACAATGGTAACTGATCGTAT,0,3397623
ssnAp,0.25,3,3,ACAAGTGAGCATTCACACAG,0,3382068
ssnAp,0.25,3,3,ACAACGGTCAGGTTGCAATA,0,3373263
ssnAp,0.25,3,3,ACAACCGTTTACCACACCTG,0,3402287
ssnAp,0.25,3,3,ACAACCGGCAATTCTGGCCA,0,3402881
ssnAp,0.25,3,3,ACAACCGCAGACCGTCCCCT,0,3395585
ssnAp,0.25,3,3,ACAAATCAATTGCCACAGAA,0,3373773
ssnAp,0.25,3,3,ACAAAGCATCGTGGGCATCC,0,3375070
ssnAp,0.25,3,3,ACAAACGGAAGGAATCTTGG,0,3362563
ssnAp,0.25,3,3,ACAAACATGGACGGTTTCCT,0,3377563
ssnAp,0.25,3,3,AATTTGCAACCGTAAAGCTG,0,3396330
ssnAp,0.25,3,3,AATTCTTGTGCAATACCGGC,0,3379217
ssnAp,0.25,3,3,AATTCGGCCCTATACACTTC,0,3389430
ssnAp,0.25,3,3,AATTCAGCTGTCCATGGGAA,0,3394403
ssnAp,0.25,3,3,AATTATCTGAACATTAAAGC,0,3370603
ssnAp,0.25,3,3,AATGTGAGAGTTGTATCCTG,0,3384297
ssnAp,0.25,3,3,AATGGTAAGTTGGGTGATTG,0,3396036
ssnAp,0.25,3,3,AATGGCAATCCATGGTGTAT,0,3370907
ssnAp,0.25,3,3,AATGCCCACCGTTCACGTAC,0,3397616
ssnAp,0.25,3,3,AATGCACGAGCGACACTCCA,0,3366292
ssnAp,0.25,3,3,AATGAGCCGGCAGTAGGGCA,0,3390873
ssnAp,0.25,3,3,AATCTGTCGCACATGCATGA,0,3373290
ssnAp,0.25,3,3,AATCTCGTGATAACCATATG,0,3387079
ssnAp,0.25,3,3,AATCGCATACTTTTTCAGCT,0,3376946
ssnAp,0.25,3,3,AATCGAGCGGAATTGTTCCA,0,3378169
ssnAp,0.25,3,3,AATCCGAGATGCCGACTTGT,0,3385928
ssnAp,0.25,3,3,AATCCAAACTAACGGAGGGA,0,3387184
ssnAp,0.25,3,3,AATCATTGTCGTCCGTAACA,0,3366136
ssnAp,0.25,3,3,AATCAGTGAAAGGCTCTCAT,0,3365558
ssnAp,0.25,3,3,AATCAACATGGAGAGTGGAC,0,3394766
ssnAp,0.25,3,3,AATATGCGTTACCCCCCACT,0,3378361
ssnAp,0.25,3,3,AATAGACAGAAGGATTTACC,0,3399225
ssnAp,0.25,3,3,AATACAAGACGCTACCACCT,0,3373587
ssnAp,0.25,3,3,AAGTTCTGGGTAGGTTCAAA,0,3377120
ssnAp,0.25,3,3,AAGTGTCGCCAGAGATAATG,0,3397266
ssnAp,0.25,3,3,AAGTCGAATTCGGGCTCCGT,0,3380372
ssnAp,0.25,3,3,AAGTCCAGCGCCCACTTTAG,0,3366655
ssnAp,0.25,3,3,AAGTATATTGATATTTTAAA,0,3397517
ssnAp,0.25,3,3,AAGGGGACCTGTCGGGGGCA,0,3393883
ssnAp,0.25,3,3,AAGGCGTCGTAGCGATCGAA,0,3369662
ssnAp,0.25,3,3,AAGGATTAGGTCGCCTTTAT,0,3363878
ssnAp,0.25,3,3,AAGCTAGCGGACACCCGGGT,0,3393041
ssnAp,0.25,3,3,AAGCGATGCGAAGTAATCGT,0,3372045
ssnAp,0.25,3,3,AAGCGACTCGTGAAGGTAAA,0,3401813
ssnAp,0.25,3,3,AAGCCACTCTCACTGGAGGA,0,3359628
ssnAp,0.25,3,3,AAGCACGCGCGGAGAAAACG,0,3361657
ssnAp,0.25,3,3,AAGCAATGCGTGGAGGGTGG,0,3398142
ssnAp,0.25,3,3,AAGCAAGCGGAACCTAATGA,0,3359333
ssnAp,0.25,3,3,AAGATACAACAAGACCATCT,0,3382220
ssnAp,0.25,3,3,AAGAGTTTGGACTATGCCTC,0,3367760
ssnAp,0.25,3,3,AAGAGGGAACATAGTGGCTG,0,3364752
ssnAp,0.25,3,3,AAGAGGAAGAAAGGAACTGC,0,3364125
ssnAp,0.25,3,3,AAGACGCTGGATGCGCCAAG,0,3366777
ssnAp,0.25,3,3,AACTTTGGGCCGCGACGTCA,0,3370643
ssnAp,0.25,3,3,AACTTGGACATCTTAGTAGT,0,3364322
ssnAp,0.25,3,3,AACTGTCTTGCGTGGAGATT,0,3402585
ssnAp,0.25,3,3,AACTGCGTCTACTAGGAAAA,0,3383197
ssnAp,0.25,3,3,AACTGAGTCCGGTGTGATTG,0,3382614
ssnAp,0.25,3,3,AACTCTTTACCCGGATAGGT,0,3398864
ssnAp,0.25,3,3,AACTACGAGCTCCAGCGTAC,0,3395097
ssnAp,0.25,3,3,AACGTGGGGCCGGTCACAAG,0,3365689
ssnAp,0.25,3,3,AACGTGGACCGCTCCAATAT,0,3388751
ssnAp,0.25,3,3,AACGCGAGATTTGAACGCTC,0,3367030
ssnAp,0.25,3,3,AACGATTGAACCTATTGTCG,0,3373906
ssnAp,0.25,3,3,AACGAGGAGTACCAAGAGGA,0,3385332
ssnAp,0.25,3,3,AACCTCACCTTTTATGGGCC,0,3401867
ssnAp,0.25,3,3,AACCGGCGGGGGAAGCCGCG,0,3360039
ssnAp,0.25,3,3,AACCCCAGCTGAAAAGGATT,0,3374423
ssnAp,0.25,3,3,AACATGTTGCAGGCGGAGTT,0,3393934
ssnAp,0.25,3,3,AACATATACCGAATATTTCA,0,3379793
ssnAp,0.25,3,3,AACATAGTACGGAGCTACAA,0,3379194
ssnAp,0.25,3,3,AACAATTTTGCGGCTCGGCT,0,3392040
ssnAp,0.25,3,3,AAATTGATTAACCCCCGAAC,0,3360317
ssnAp,0.25,3,3,AAATTCTCCGAGACTTTCTG,0,3397400
ssnAp,0.25,3,3,AAATCGGAACCACCTAGGAG,0,3364159
ssnAp,0.25,3,3,AAAGTGGTAAGTCACGGATT,0,3370218
ssnAp,0.25,3,3,AAAGTGCATTACTCGCGGCC,0,3398994
ssnAp,0.25,3,3,AAAGTCACTATGCTGCAGTT,0,3387810
ssnAp,0.25,3,3,AAAGGGAAAATTAAGGTATG,0,3381522
ssnAp,0.25,3,3,AAAGGCTGTGTAGGAGAAAT,0,3369039
ssnAp,0.25,3,3,AAAGGACGCCCAGTTAGCGG,0,3365556
ssnAp,0.25,3,3,AAAGCTGTGTGCCTGGGCCT,0,3373654
ssnAp,0.25,3,3,AAAGCCTAAGCCAAGAAGTG,0,3390625
ssnAp,0.25,3,3,AAAGCCGCGAACTATTCTCC,0,3399222
ssnAp,0.25,3,3,AAAGCCACTGTTTCGCACCT,0,3386905
ssnAp,0.25,3,3,AAAGCATAGTTCGACCTCTT,0,3373163
ssnAp,0.25,3,3,AAAGACGGAGGTAGAATAGG,0,3360187
ssnAp,0.25,3,3,AAACTTAGCCATGGCTGTTT,0,3400594
ssnAp,0.25,3,3,AAACTGCGGAGTGGCACGCT,0,3381152
ssnAp,0.25,3,3,AAACGTCATAAAGGTCCGTA,0,3364358
ssnAp,0.25,3,3,AAACCGGTACCCTGGTGAAT,0,3368823
ssnAp,0.25,3,3,AAACATTTGGGTCTAACAGG,0,3377349
ssnAp,0.25,3,3,AAACATCCACCATCGATGCG,0,3361915
ssnAp,0.25,3,3,AAAATCCAGCCATGGGCCTT,0,3390924
ssnAp,0.25,3,3,AAAAGAGGGCGCGTTGCTTT,0,3361277
ssnAp,0.25,3,3,AAAACGGACAACTGCAAATT,0,3378740
ssnAp,0.25,3,3,AAAAAGTATATCGCGATGGA,0,3392239
ssnAp,0.25,3,3,AAAAAAGGACGCGGCCAATG,0,3372756
ssnAp,0.3333333333333333,2,2,TTTTTCGGGAACAGTGGTAT,0,3380581
ssnAp,0.3333333333333333,2,2,TTTTTCCGAGCCACGGTCCT,0,3371472
ssnAp,0.3333333333333333,2,2,TTTTTCACTCTAAGTGGGAG,0,3359663
ssnAp,0.3333333333333333,2,2,TTTTTAGGGAGCTGTGGGAT,0,3378715
ssnAp,0.3333333333333333,2,2,TTTTTACGCTTACCTATCTC,0,3399677
ssnAp,0.3333333333333333,2,2,TTTTGAAAACGCCATGCCGT,0,3395073
ssnAp,0.3333333333333333,2,2,TTTTCCAAGTTGGGCTTTGT,0,3393389
ssnAp,0.3333333333333333,2,2,TTTTCAGTCCGGCGAGGCCC,0,3363155
ssnAp,0.3333333333333333,2,2,TTTTCACGAACGGTCACACA,0,3380094
ssnAp,0.3333333333333333,2,2,TTTTATCGCGAATCTTAGGG,0,3398207
ssnAp,0.3333333333333333,2,2,TTTTAGAGTGATCGCCGCTA,0,3360579
ssnAp,0.3333333333333333,2,2,TTTGGTCTGGGGCTAAGTCG,0,3402669
ssnAp,0.3333333333333333,2,2,TTTGGTAACCATCGCATGCG,0,3375515
ssnAp,0.3333333333333333,2,2,TTTGGACAGTTATGTGCTCA,0,3376855
ssnAp,0.3333333333333333,2,2,TTTGGAATTAAGGGTTTTCC,0,3361894
ssnAp,0.3333333333333333,2,2,TTTGGAAGGCCTTGAGGCTG,0,3384452
ssnAp,0.3333333333333333,2,2,TTTGGAAAGCGTATAAACCA,0,3398101
ssnAp,0.3333333333333333,2,2,TTTGCTTCTAGCGTCAAGAG,0,3402843
ssnAp,0.3333333333333333,2,2,TTTGCTCATGATCCCGCCAG,0,3368625
ssnAp,0.3333333333333333,2,2,TTTGCAGCGTCTCCTTACGG,0,3394348
ssnAp,0.3333333333333333,2,2,TTTGATGCGCGCACCCTGGG,0,3388775
ssnAp,0.3333333333333333,2,2,TTTGACTATTTTGGATAACT,0,3386427
ssnAp,0.3333333333333333,2,2,TTTGAAGCAGACACCCTCTT,0,3377264
ssnAp,0.3333333333333333,2,2,TTTCTGCCGTCGGTGGCTCG,0,3368665
ssnAp,0.3333333333333333,2,2,TTTCTGCAGAAAGGCGGCCT,0,3379790
ssnAp,0.3333333333333333,2,2,TTTCGCACAACATAAATTTT,0,3378881
ssnAp,0.3333333333333333,2,2,TTTCCATTTCCACGTAGTAA,0,3361970
ssnAp,0.3333333333333333,2,2,TTTCCACTAAATAGGGTACT,0,3386308
ssnAp,0.3333333333333333,2,2,TTTCAGTTCTCATACCGGGG,0,3385005
ssnAp,0.3333333333333333,2,2,TTTCACGCCATGAAGACATG,0,3397684
ssnAp,0.3333333333333333,2,2,TTTCAATTGCCATGCTAGTA,0,3365662
ssnAp,0.3333333333333333,2,2,TTTAGGGCTCGAATACCTGA,0,3362309
ssnAp,0.3333333333333333,2,2,TTTAGCATAACTGCGGGCTG,0,3390827
ssnAp,0.3333333333333333,2,2,TTTACTCGGCCAAACAGAAG,0,3376857
ssnAp,0.3333333333333333,2,2,TTTAATGTCTTTGTTTAGCT,0,3362637
ssnAp,0.3333333333333333,2,2,TTGTCTGGGCAATCTAAGGC,0,3392185
ssnAp,0.3333333333333333,2,2,TTGTCATAGGGTCCTGTAAG,0,3383380
ssnAp,0.3333333333333333,2,2,TTGTATTCTGTTCGGTACTA,0,3364713
ssnAp,0.3333333333333333,2,2,TTGTATAGTGTTCTTCCACA,0,3396624
ssnAp,0.3333333333333333,2,2,TTGTAGAGCACAACGATTTA,0,3381467
ssnAp,0.3333333333333333,2,2,TTGTACGTGAGGTTTACACT,0,3386128
ssnAp,0.3333333333333333,2,2,TTGGGTCAAGGGCATGATCT,0,3377791
ssnAp,0.3333333333333333,2,2,TTGGGTATTCTACCGACAAA,0,3389647
ssnAp,0.3333333333333333,2,2,TTGGGTAGGCGGTGCCACAG,0,3391169
ssnAp,0.3333333333333333,2,2,TTGGGTAAAGGTTAAATGAT,0,3367857
ssnAp,0.3333333333333333,2,2,TTGGGGGTATTTTGGGCATT,0,3359380
ssnAp,0.3333333333333333,2,2,TTGGCTACATGTCCTCGACG,0,3394799
ssnAp,0.3333333333333333,2,2,TTGGCGTTCGGGAATTGGTC,0,3400054
ssnAp,0.3333333333333333,2,2,TTGGATCAGGCTAGCAAAAA,0,3375072
ssnAp,0.3333333333333333,2,2,TTGGAGATCCGTAACATTGC,0,3401331
ssnAp,0.3333333333333333,2,2,TTGGAACCCTTCACACAAGG,0,3373876
ssnAp,0.3333333333333333,2,2,TTGCTCCGCAAGACTATACC,0,3387422
ssnAp,0.3333333333333333,2,2,TTGCACCATGGCTCCGCTCG,0,3393422
ssnAp,0.3333333333333333,2,2,TTGATCTATCGCGCCTATTC,0,3376218
ssnAp,0.3333333333333333,2,2,TTGACAAGCCCCGGGCTCCA,0,3376172
ssnAp,0.3333333333333333,2,2,TTCTTTGTTCCAGAGCTCGT,0,3398501
ssnAp,0.3333333333333333,2,2,TTCTTCATTGGGTAAAGTAC,0,3391336
ssnAp,0.3333333333333333,2,2,TTCTGTTACCGGTTAATGAG,0,3378837
ssnAp,0.3333333333333333,2,2,TTCTGGAGTCATCTCGTTCA,0,3364064
ssnAp,0.3333333333333333,2,2,TTCTCTTGTACGTATGTTTT,0,3382339
ssnAp,0.3333333333333333,2,2,TTCTCTAACGGTAGTAGTGC,0,3397574
ssnAp,0.3333333333333333,2,2,TTCTCCACATGGTCAGGCGA,0,3371303
ssnAp,0.3333333333333333,2,2,TTCTCAGGGAACACACTTAT,0,3399900
ssnAp,0.3333333333333333,2,2,TTCTACGCGACCGTTTGAGT,0,3371229
ssnAp,0.3333333333333333,2,2,TTCTAACGTCAGAACCATAA,0,3369345
ssnAp,0.3333333333333333,2,2,TTCGTTGCAAGCGCCAGCAT,0,3397502
ssnAp,0.3333333333333333,2,2,TTCGTAGGGGCTGGAACTGG,0,3371227
ssnAp,0.3333333333333333,2,2,TTCGGGAGCCCATAACGTGC,0,3391606
ssnAp,0.3333333333333333,2,2,TTCGGGACAACCATCTAAAG,0,3385824
ssnAp,0.3333333333333333,2,2,TTCGCTCTGTGAACAACGGA,0,3388356
ssnAp,0.3333333333333333,2,2,TTCCTCTTAACTGAGACTGA,0,3367938
ssnAp,0.3333333333333333,2,2,TTCCGTCGGTAACGCAGGCC,0,3382116
ssnAp,0.3333333333333333,2,2,TTCCGCGTTTTGGCCCTAGA,0,3372558
ssnAp,0.3333333333333333,2,2,TTCCCTTCGATCGCCGAATG,0,3378812
ssnAp,0.3333333333333333,2,2,TTCCCCTTATGTATATATAG,0,3394688
ssnAp,0.3333333333333333,2,2,TTCCAGTTTTCTAGTAGTCT,0,3380378
ssnAp,0.3333333333333333,2,2,TTCATTGATTTCCAGTGTCA,0,3361304
ssnAp,0.3333333333333333,2,2,TTCATGGAAGGGAAGAACAC,0,3371435
ssnAp,0.3333333333333333,2,2,TTCAGGACTTGGCCATCGAC,0,3397370
ssnAp,0.3333333333333333,2,2,TTCAGCTTGTACATTGCGTG,0,3388137
ssnAp,0.3333333333333333,2,2,TTCACAGCGTCCGGAGGCTC,0,3381396
ssnAp,0.3333333333333333,2,2,TTCAAAAACGTACTTCTCCC,0,3388285
ssnAp,0.3333333333333333,2,2,TTATTGTAACTATCCTGCAG,0,3394960
ssnAp,0.3333333333333333,2,2,TTATTACACAGGCAATCCCT,0,3373196
ssnAp,0.3333333333333333,2,2,TTATGGGTCAGAATAACCGA,0,3385127
ssnAp,0.3333333333333333,2,2,TTATGATGGGCAACCTTACT,0,3402540
ssnAp,0.3333333333333333,2,2,TTATCGTCTGGACAAAAGGT,0,3388084
ssnAp,0.3333333333333333,2,2,TTATCGCATGGGCTTTACTC,0,3390838
ssnAp,0.3333333333333333,2,2,TTATCAAATCAGTGTTTTCA,0,3399570
ssnAp,0.3333333333333333,2,2,TTATATCGGCCGCATACGGG,0,3396427
ssnAp,0.3333333333333333,2,2,TTATACGTGGGGATGTTGTA,0,3387718
ssnAp,0.3333333333333333,2,2,TTAGTTGCAGTTTCTCGAGC,0,3394181
ssnAp,0.3333333333333333,2,2,TTAGCAACCTCGGCGAGGTT,0,3368127
ssnAp,0.3333333333333333,2,2,TTAGACCTCATAATTTTAGT,0,3372784
ssnAp,0.3333333333333333,2,2,TTAGACCAGGCATCATGTGG,0,3400898
ssnAp,0.3333333333333333,2,2,TTACGCTTTGAAAGCCAGTA,0,3401235
ssnAp,0.3333333333333333,2,2,TTACCGGTAGCGGGTCCAAC,0,3388445
ssnAp,0.3333333333333333,2,2,TTACAGCTTATACTTATCGG,0,3361397
ssnAp,0.3333333333333333,2,2,TTACACCGCTACCTGAAGGC,0,3383109
ssnAp,0.3333333333333333,2,2,TTAATTATTAGCCACGGGAA,0,3379453
ssnAp,0.3333333333333333,2,2,TTAATAAATCTTCCGGGCAA,0,3379337
ssnAp,0.3333333333333333,2,2,TTAAGTTGTTGACCAAAATA,0,3375418
ssnAp,0.3333333333333333,2,2,TTAACGGTCCACGTGTTTTC,0,3386065
ssnAp,0.3333333333333333,2,2,TTAACGGCGCCAAGCGTTGG,0,3374460
ssnAp,0.3333333333333333,2,2,TTAACGCTGGGGAAAAATGG,0,3372172
ssnAp,0.3333333333333333,2,2,TTAACCCAGGGTAGAGGAGT,0,3382259
ssnAp,0.3333333333333333,2,2,TTAAACCGCTCTCTACAGAG,0,3366419
ssnAp,0.3333333333333333,2,2,TTAAACATTGCATTGCTTCA,0,3360525
ssnAp,0.3333333333333333,2,2,TTAAAATTTCGATGGAAACT,0,3384688
ssnAp,0.3333333333333333,2,2,TGTTTTGATCAGGCTGTGGC,0,3374286
ssnAp,0.3333333333333333,2,2,TGTTTTATCCCGTCCGTCAT,0,3372427
ssnAp,0.3333333333333333,2,2,TGTTGGAATCGACATGGAAC,0,3379465
ssnAp,0.3333333333333333,2,2,TGTTCTCTGACACCCGTAAT,0,3372244
ssnAp,0.3333333333333333,2,2,TGTTCATTGTTGAATCCGAT,0,3376356
ssnAp,0.3333333333333333,2,2,TGTTACGATGGCGAAACATG,0,3360885
ssnAp,0.3333333333333333,2,2,TGTGTTTTGCAAGCGTGCGT,0,3362242
ssnAp,0.3333333333333333,2,2,TGTGTCTTGAACTCCCACCT,0,3364316
ssnAp,0.3333333333333333,2,2,TGTGTCGAGCTCTTTGTGCG,0,3373442
ssnAp,0.3333333333333333,2,2,TGTGTATCGAGTTTAGAGCT,0,3385091
ssnAp,0.3333333333333333,2,2,TGTGGTAGGTTAGCTCCCGG,0,3382350
ssnAp,0.3333333333333333,2,2,TGTGCTTGGTCGCGGTTATT,0,3400043
ssnAp,0.3333333333333333,2,2,TGTGCGTCGCACGGGCCGTA,0,3389122
ssnAp,0.3333333333333333,2,2,TGTGCGGATTGCCCGTAGTC,0,3375033
ssnAp,0.3333333333333333,2,2,TGTGCGCCTTAAGTTCTCTA,0,3377657
ssnAp,0.3333333333333333,2,2,TGTGCGAGAGCTATATTATA,0,3365081
ssnAp,0.3333333333333333,2,2,TGTGAGCCACACCCGTCAGT,0,3394485
ssnAp,0.3333333333333333,2,2,TGTCGGTATACACTCAGGCC,0,3396905
ssnAp,0.3333333333333333,2,2,TGTCGCCGGCTCCTCATGAA,0,3396386
ssnAp,0.3333333333333333,2,2,TGTCGACAGGTTGGAATTGA,0,3362785
ssnAp,0.3333333333333333,2,2,TGTCGAACGGACAAGTATCT,0,3389780
ssnAp,0.3333333333333333,2,2,TGTCCTGCGCTAGCTGCAAG,0,3361809
ssnAp,0.3333333333333333,2,2,TGTCCTCTGGTAACTGTTAT,0,3396149
ssnAp,0.3333333333333333,2,2,TGTCCCTCGCCGACGCGGAT,0,3379349
ssnAp,0.3333333333333333,2,2,TGTCCCGAAGGTGATTGGAT,0,3372279
ssnAp,0.3333333333333333,2,2,TGTCAGGGGAACGACATCCA,0,3383626
ssnAp,0.3333333333333333,2,2,TGTCACCGGTAGTAGGCTCT,0,3391666
ssnAp,0.3333333333333333,2,2,TGTATCCAATTATACCTACG,0,3363980
ssnAp,0.3333333333333333,2,2,TGTAGAGGATCGAAACAATA,0,3368091
ssnAp,0.3333333333333333,2,2,TGTACGTAGCACTATCACAG,0,3393791
ssnAp,0.3333333333333333,2,2,TGTACACCTTACTCGGAGTA,0,3371660
ssnAp,0.3333333333333333,2,2,TGTAATTTCGCCCCGACACT,0,3383819
ssnAp,0.3333333333333333,2,2,TGTAATTTCCAAGATACGTT,0,3388645
ssnAp,0.3333333333333333,2,2,TGTAAGCATTTGGCGCCTCT,0,3366739
ssnAp,0.3333333333333333,2,2,TGGTGCTGAAGGCCGTTATA,0,3398805
ssnAp,0.3333333333333333,2,2,TGGTCCCCTTCCTTTCTATG,0,3378544
ssnAp,0.3333333333333333,2,2,TGGTCATATCGGACAATGAT,0,3388146
ssnAp,0.3333333333333333,2,2,TGGTCAACCTATACGCGTTT,0,3359929
ssnAp,0.3333333333333333,2,2,TGGTACCGGAGATCCGAAAA,0,3401516
ssnAp,0.3333333333333333,2,2,TGGTAAGAGAGCTCCAATAT,0,3371247
ssnAp,0.3333333333333333,2,2,TGGGTTCTCGCACACACTGA,0,3375197
ssnAp,0.3333333333333333,2,2,TGGGGGGTCCCGAATACGTT,0,3384463
ssnAp,0.3333333333333333,2,2,TGGGGATTCTATTAATAGGC,0,3393070
ssnAp,0.3333333333333333,2,2,TGGGCTGCTCGAAGCGGAGA,0,3366356
ssnAp,0.3333333333333333,2,2,TGGGCTAAGGCCAAGCACCC,0,3359705
ssnAp,0.3333333333333333,2,2,TGGGCGTTACGGACATCCCC,0,3387183
ssnAp,0.3333333333333333,2,2,TGGGCGGAGCTCCTGAGTAA,0,3376474
ssnAp,0.3333333333333333,2,2,TGGGCACACATATCCTTTTT,0,3391820
ssnAp,0.3333333333333333,2,2,TGGGATCTTACATGGTGCAA,0,3394608
ssnAp,0.3333333333333333,2,2,TGGGAGCGAGGTCGAGTACT,0,3370135
ssnAp,0.3333333333333333,2,2,TGGGAATGCAGCTTTCAGCT,0,3373940
ssnAp,0.3333333333333333,2,2,TGGCTGGGCTATGACAAGTA,0,3382544
ssnAp,0.3333333333333333,2,2,TGGCTCACAAGGCACGATAG,0,3399779
ssnAp,0.3333333333333333,2,2,TGGCGAGCAGTAAGCTGACG,0,3380684
ssnAp,0.3333333333333333,2,2,TGGCGAAGTCACGGAGCGGG,0,3369330
ssnAp,0.3333333333333333,2,2,TGGCCGTGTACGTCGAGTTA,0,3399007
ssnAp,0.3333333333333333,2,2,TGGCCCAGTTGACACGGCAA,0,3399102
ssnAp,0.3333333333333333,2,2,TGGCCACCGACCACTCTCTT,0,3373535
ssnAp,0.3333333333333333,2,2,TGGCACTGGTACCTCGTGCA,0,3367294
ssnAp,0.3333333333333333,2,2,TGGATAGGAGCCAACGACCA,0,3370206
ssnAp,0.3333333333333333,2,2,TGGAGGACAACATTCTAGAG,0,3365799
ssnAp,0.3333333333333333,2,2,TGGAGCGCGCCCAAAGGGCA,0,3387367
ssnAp,0.3333333333333333,2,2,TGGAGAATTTAGCAAAACGT,0,3365376
ssnAp,0.3333333333333333,2,2,TGGACGTTCCGTTTGATCCA,0,3390941
ssnAp,0.3333333333333333,2,2,TGGACGTAAGAGATTGTATT,0,3369142
ssnAp,0.3333333333333333,2,2,TGGACCTTATACTGCGGTGA,0,3391204
ssnAp,0.3333333333333333,2,2,TGGACCGGAGGGGAATTTTC,0,3399813
ssnAp,0.3333333333333333,2,2,TGGAATGGGCGCACAGGGTC,0,3382333
ssnAp,0.3333333333333333,2,2,TGCTTTTATCCGCAGCTATC,0,3360821
ssnAp,0.3333333333333333,2,2,TGCTTGATCATGCGATTATA,0,3396570
ssnAp,0.3333333333333333,2,2,TGCTTCAATAAACTCGTCCT,0,3392423
ssnAp,0.3333333333333333,2,2,TGCTTAGAAACTAGACGAAG,0,3396616
ssnAp,0.3333333333333333,2,2,TGCTCTGGCTGGGGCATTAG,0,3372546
ssnAp,0.3333333333333333,2,2,TGCTCCGTGACGGGGCCAAC,0,3392133
ssnAp,0.3333333333333333,2,2,TGCTCAGTTTTTGCCCTGGC,0,3363917
ssnAp,0.3333333333333333,2,2,TGCTACCCGCTGCACGCAGG,0,3369881
ssnAp,0.3333333333333333,2,2,TGCTAATCGTCTCATCGTGT,0,3397746
ssnAp,0.3333333333333333,2,2,TGCGTTTGATAAAGCCTTTA,0,3391751
ssnAp,0.3333333333333333,2,2,TGCGTGCATGTCCATGCTGA,0,3379188
ssnAp,0.3333333333333333,2,2,TGCGTCGTACACGAATGGTG,0,3380685
ssnAp,0.3333333333333333,2,2,TGCGTCCGTTCCACCTTTGT,0,3382199
ssnAp,0.3333333333333333,2,2,TGCGTAGATCTCTCCGTATA,0,3381728
ssnAp,0.3333333333333333,2,2,TGCGGGGGGCTGGGAAGATT,0,3365282
ssnAp,0.3333333333333333,2,2,TGCGCTACTGAGTGTTGCCT,0,3398310
ssnAp,0.3333333333333333,2,2,TGCGCTACGTGACCGGTGGA,0,3388132
ssnAp,0.3333333333333333,2,2,TGCGATCTGCAAAGATGTCT,0,3386117
ssnAp,0.3333333333333333,2,2,TGCGAGCTACCCTCAATAAA,0,3375035
ssnAp,0.3333333333333333,2,2,TGCGACCAAGCAGTTCCTGT,0,3365467
ssnAp,0.3333333333333333,2,2,TGCGAATACGCTGAAGTACA,0,3385878
ssnAp,0.3333333333333333,2,2,TGCCTTACCCTAGTGTCGTT,0,3391286
ssnAp,0.3333333333333333,2,2,TGCCTGCCGGTATGTTACTA,0,3371664
ssnAp,0.3333333333333333,2,2,TGCCTAGAGATCCGTCTTTT,0,3369883
ssnAp,0.3333333333333333,2,2,TGCCGTGAGATGCCACCGGT,0,3370147
ssnAp,0.3333333333333333,2,2,TGCCGGCTTGGGGCTCGAGA,0,3376634
ssnAp,0.3333333333333333,2,2,TGCCGCGGCTACTGCGCAGA,0,3388164
ssnAp,0.3333333333333333,2,2,TGCCGATACTCAATTGATGG,0,3400279
ssnAp,0.3333333333333333,2,2,TGCCCGGAATCAGGCCGGGA,0,3381115
ssnAp,0.3333333333333333,2,2,TGCCAGCTCAGTATTACTCC,0,3398411
ssnAp,0.3333333333333333,2,2,TGCATGTCATGGAGGACTCT,0,3374983
ssnAp,0.3333333333333333,2,2,TGCATGCGTGTTAAACAGCG,0,3364231
ssnAp,0.3333333333333333,2,2,TGCATCAGGACTTGTCAGCA,0,3379375
ssnAp,0.3333333333333333,2,2,TGCAGGACGCTCCGAGTGAA,0,3385508
ssnAp,0.3333333333333333,2,2,TGCAGCACATCATGGGATAA,0,3370072
ssnAp,0.3333333333333333,2,2,TGCAGATGGTATTTGTGAAG,0,3359692
ssnAp,0.3333333333333333,2,2,TGCAAATTTGCAATAATGCG,0,3399538
ssnAp,0.3333333333333333,2,2,TGCAAAGGTGCAGGTAGCGC,0,3402000
ssnAp,0.3333333333333333,2,2,TGCAAACAGTAGGCATGCAT,0,3389029
ssnAp,0.3333333333333333,2,2,TGCAAAAAGAGGTCTTGGCA,0,3374446
ssnAp,0.3333333333333333,2,2,TGATTTCCTGATTACGGCGT,0,3369948
ssnAp,0.3333333333333333,2,2,TGATTGGGCAGATATAGTTG,0,3396208
ssnAp,0.3333333333333333,2,2,TGATGTTGCTTTATTTTTGT,0,3366667
ssnAp,0.3333333333333333,2,2,TGATGTATCGCAAACGACAG,0,3381268
ssnAp,0.3333333333333333,2,2,TGATCGGTCGAGGAACACAT,0,3389776
ssnAp,0.3333333333333333,2,2,TGATCGGGCAGACGTAGCGA,0,3394504
ssnAp,0.3333333333333333,2,2,TGATCCTATCGATAATTAGC,0,3393721
ssnAp,0.3333333333333333,2,2,TGATATGACATTGCCACGCA,0,3396103
ssnAp,0.3333333333333333,2,2,TGATACCACGTGTCTCGACG,0,3387021
ssnAp,0.3333333333333333,2,2,TGAGTTCGGTATCCCTCCGA,0,3384235
ssnAp,0.3333333333333333,2,2,TGAGGGTTCAGGTTCTCGTG,0,3398167
ssnAp,0.3333333333333333,2,2,TGAGGGTCGTGCCTTCGGTA,0,3365915
ssnAp,0.3333333333333333,2,2,TGACTGACCAGGCGTAAGCT,0,3380986
ssnAp,0.3333333333333333,2,2,TGACTCGAGAGGAGCGCGGG,0,3381292
ssnAp,0.3333333333333333,2,2,TGACTCAACTAAAAGATGAA,0,3400143
ssnAp,0.3333333333333333,2,2,TGACCTATTCGGCCCAAGGC,0,3371101
ssnAp,0.3333333333333333,2,2,TGACACGTCACAGGGGATTA,0,3362990
ssnAp,0.3333333333333333,2,2,TGACAATTTTCAGGTGGCGC,0,3370988
ssnAp,0.3333333333333333,2,2,TGAATCTTGAATTCAACCAA,0,3374607
ssnAp,0.3333333333333333,2,2,TGAAGTCATGCTACCTGATC,0,3386157
ssnAp,0.3333333333333333,2,2,TGAAGGGTTTTGTGGCATAA,0,3380299
ssnAp,0.3333333333333333,2,2,TGAAGCACTATGGTTCAGTG,0,3389779
ssnAp,0.3333333333333333,2,2,TGAACGTCCGCACTGCGGAC,0,3374042
ssnAp,0.3333333333333333,2,2,TGAAAGTAAGAGTTTTAGGT,0,3382624
ssnAp,0.3333333333333333,2,2,TGAAACATGCTTCCCTGAAG,0,3371150
ssnAp,0.3333333333333333,2,2,TCTTTTCCTATTTGCCGTCG,0,3365165
ssnAp,0.3333333333333333,2,2,TCTTTCCGGCAACGGGGACG,0,3394324
ssnAp,0.3333333333333333,2,2,TCTTCGGGCTAGTACTGTCT,0,3381181
ssnAp,0.3333333333333333,2,2,TCTTATAAAATTTGCCTTCA,0,3371451
ssnAp,0.3333333333333333,2,2,TCTTACGTGATATGCTTTTT,0,3368448
ssnAp,0.3333333333333333,2,2,TCTTAATAGAGTTTCTCCCC,0,3381157
ssnAp,0.3333333333333333,2,2,TCTGTGTTGGGACCAAAGAG,0,3390280
ssnAp,0.3333333333333333,2,2,TCTGTCGATGACTGCGGTTA,0,3361376
ssnAp,0.3333333333333333,2,2,TCTGGTGCGCATCTACAGAG,0,3384479
ssnAp,0.3333333333333333,2,2,TCTGGTATGCGAGGAGCTTG,0,3391002
ssnAp,0.3333333333333333,2,2,TCTGGGTCTAGGTCGCAATG,0,3374293
ssnAp,0.3333333333333333,2,2,TCTGGGGCGTACGTCGGGGT,0,3384070
ssnAp,0.3333333333333333,2,2,TCTGCATTTACGGAAGACTT,0,3367425
ssnAp,0.3333333333333333,2,2,TCTGAGGTTGAGTAATGACG,0,3377555
ssnAp,0.3333333333333333,2,2,TCTGAGATCTTTCAAGTAGG,0,3396620
ssnAp,0.3333333333333333,2,2,TCTCTCAACAGTGTTCCTGA,0,3395446
ssnAp,0.3333333333333333,2,2,TCTCGCATAAACGTTCTGCG,0,3374739
ssnAp,0.3333333333333333,2,2,TCTCCCTAGATCCCAAGTAG,0,3396179
ssnAp,0.3333333333333333,2,2,TCTCCACGCTAGACCGCCGC,0,3359878
ssnAp,0.3333333333333333,2,2,TCTCATCAGGCATTACCGTG,0,3381084
ssnAp,0.3333333333333333,2,2,TCTCAGTTCCCTTGAGCAAA,0,3388042
ssnAp,0.3333333333333333,2,2,TCTCAGGCCTAATCCCTCCT,0,3372810
ssnAp,0.3333333333333333,2,2,TCTCAGGCAATAGCGAGGGC,0,3384726
ssnAp,0.3333333333333333,2,2,TCTCACTGAGTGACGAAAGG,0,3371225
ssnAp,0.3333333333333333,2,2,TCTATTTGGGGCTTATCGCA,0,3395939
ssnAp,0.3333333333333333,2,2,TCTATGGGGTGGCCGGTGAG,0,3384628
ssnAp,0.3333333333333333,2,2,TCTATAGCAATTAAATTCGT,0,3392735
ssnAp,0.3333333333333333,2,2,TCTAGTCTTTCTGGGCTGGT,0,3392381
ssnAp,0.3333333333333333,2,2,TCTACGATGAGACGCGACGA,0,3382924
ssnAp,0.3333333333333333,2,2,TCTACACGAGCAGAGCTGGC,0,3359444
ssnAp,0.3333333333333333,2,2,TCTAAAACTGGACTGTTTCA,0,3364315
ssnAp,0.3333333333333333,2,2,TCGTGTAAAATGGATTTACT,0,3379450
ssnAp,0.3333333333333333,2,2,TCGTGAACCTGGGTCTTCAA,0,3369415
ssnAp,0.3333333333333333,2,2,TCGTCTAGCGTCCTGCTTCA,0,3377607
ssnAp,0.3333333333333333,2,2,TCGTCGCGCTCGGCGCTCAG,0,3396234
ssnAp,0.3333333333333333,2,2,TCGTCAATTGATTTTCTGAA,0,3371493
ssnAp,0.3333333333333333,2,2,TCGTAGTTGTGTGGAGGCAA,0,3362475
ssnAp,0.3333333333333333,2,2,TCGTACTAAGAAGCCTCATC,0,3376162
ssnAp,0.3333333333333333,2,2,TCGGTTCTGAGGAGGACTTC,0,3370916
ssnAp,0.3333333333333333,2,2,TCGGTTCTCTCCACATCCGC,0,3387495
ssnAp,0.3333333333333333,2,2,TCGGTTAGTGGCGGTAAGGA,0,3385805
ssnAp,0.3333333333333333,2,2,TCGGTAAGCTTTCTCCGTCT,0,3398828
ssnAp,0.3333333333333333,2,2,TCGGGGCTTGTCTATGTAGC,0,3388021
ssnAp,0.3333333333333333,2,2,TCGGGCTGTTACTGGTCGTT,0,3397123
ssnAp,0.3333333333333333,2,2,TCGGGACCTCAAGAACGGCC,0,3382706
ssnAp,0.3333333333333333,2,2,TCGGAATCCGTACGGTACTT,0,3385915
ssnAp,0.3333333333333333,2,2,TCGCTTGGATATGATGCCGT,0,3385765
ssnAp,0.3333333333333333,2,2,TCGCTGTCGCATATCGTCAG,0,3362130
ssnAp,0.3333333333333333,2,2,TCGCGCACTCGGCGTATATA,0,3390799
ssnAp,0.3333333333333333,2,2,TCGCGATGATCAACCCGGTA,0,3400011
ssnAp,0.3333333333333333,2,2,TCGCGAACGGCCTGTGTCTA,0,3385325
ssnAp,0.3333333333333333,2,2,TCGCCTACCGGTCACTACTT,0,3402157
ssnAp,0.3333333333333333,2,2,TCGCCGGTTAGCGACCTTAG,0,3385959
ssnAp,0.3333333333333333,2,2,TCGCCCGGCAGCTGTGGGTT,0,3368832
ssnAp,0.3333333333333333,2,2,TCGCATATGGCACTACATTT,0,3376064
ssnAp,0.3333333333333333,2,2,TCGCAGCATGTGTCTGGGGA,0,3377288
ssnAp,0.3333333333333333,2,2,TCGATCACGTTTTACCCTCG,0,3394380
ssnAp,0.3333333333333333,2,2,TCGAGGCATGATGTCGTACG,0,3368433
ssnAp,0.3333333333333333,2,2,TCGAGGCACACGTCGAGCTC,0,3402489
ssnAp,0.3333333333333333,2,2,TCGAGCTGTTGTGTATACGT,0,3394908
ssnAp,0.3333333333333333,2,2,TCGACTCGTCTCCACTTACC,0,3381501
ssnAp,0.3333333333333333,2,2,TCGACAGCGATAGTCGCTCG,0,3381608
ssnAp,0.3333333333333333,2,2,TCGAAGCCGGCCATTCCTCC,0,3372188
ssnAp,0.3333333333333333,2,2,TCGAAGCAGTTGCTTAGCGA,0,3396559
ssnAp,0.3333333333333333,2,2,TCGAACTCTGTCAGGTCGAT,0,3372460
ssnAp,0.3333333333333333,2,2,TCCTTGTCCGCGAATGTGGC,0,3393695
ssnAp,0.3333333333333333,2,2,TCCTTATAGGTCCAGTCACT,0,3367281
ssnAp,0.3333333333333333,2,2,TCCTGTGGCCCTTCCCTGCA,0,3371107
ssnAp,0.3333333333333333,2,2,TCCTGGTTATGGTGAAGTAG,0,3366333
ssnAp,0.3333333333333333,2,2,TCCTGCCGGACGTACGGGAT,0,3371470
ssnAp,0.3333333333333333,2,2,TCCTGACCCCGGCTGCTTTT,0,3365109
ssnAp,0.3333333333333333,2,2,TCCTCATGCGAAGATTCCAG,0,3385735
ssnAp,0.3333333333333333,2,2,TCCTAGGGTTACGGCTCATA,0,3377279
ssnAp,0.3333333333333333,2,2,TCCTACGAGAAGCAATATGT,0,3360255
ssnAp,0.3333333333333333,2,2,TCCTACCGTATATTGTGACC,0,3388580
ssnAp,0.3333333333333333,2,2,TCCTACATAATCATACAACG,0,3387894
ssnAp,0.3333333333333333,2,2,TCCTAATGTCAGAGGCCGTG,0,3368265
ssnAp,0.3333333333333333,2,2,TCCTAATCCCCCTGGTTCAG,0,3370610
ssnAp,0.3333333333333333,2,2,TCCTAACGTGCTACGGTAAA,0,3368269
ssnAp,0.3333333333333333,2,2,TCCGTTCCAACGAACATTTA,0,3385898
ssnAp,0.3333333333333333,2,2,TCCGTCGAAGTTTTCTAATT,0,3385293
ssnAp,0.3333333333333333,2,2,TCCGTAGCTAGGAACAACGC,0,3365248
ssnAp,0.3333333333333333,2,2,TCCGGAATGGCGTTATAAAG,0,3365984
ssnAp,0.3333333333333333,2,2,TCCGCACGTGAGCGGACACT,0,3378463
ssnAp,0.3333333333333333,2,2,TCCGCAACGGAGGTATGGAT,0,3391432
ssnAp,0.3333333333333333,2,2,TCCCAGCTCGCCTCTTTATG,0,3365914
ssnAp,0.3333333333333333,2,2,TCCCAAGCATGACTCAACTG,0,3364401
ssnAp,0.3333333333333333,2,2,TCCCAAACGGAGGTACGCGG,0,3361778
ssnAp,0.3333333333333333,2,2,TCCATTTGTCGAAATCTCTC,0,3397399
ssnAp,0.3333333333333333,2,2,TCCAGTCTGAGTCCAACTAC,0,3378720
ssnAp,0.3333333333333333,2,2,TCCAGCTACTTGTGGCATGA,0,3395609
ssnAp,0.3333333333333333,2,2,TCCAGCCTTTAGAGAACTGT,0,3402827
ssnAp,0.3333333333333333,2,2,TCCAGATGGAGAATTCGCAT,0,3394088
ssnAp,0.3333333333333333,2,2,TCCAATTTTTTTAGAAGCAA,0,3374152
ssnAp,0.3333333333333333,2,2,TCCAACTCGGTAGAGGCTTT,0,3395274
ssnAp,0.3333333333333333,2,2,TCATTGCTTTGTCTATTATA,0,3382175
ssnAp,0.3333333333333333,2,2,TCATTAGCTGTTGGAAACGG,0,3371877
ssnAp,0.3333333333333333,2,2,TCATTAGAGGGTCTGAGTTT,0,3375089
ssnAp,0.3333333333333333,2,2,TCATGTATTGTACCCACAGC,0,3388848
ssnAp,0.3333333333333333,2,2,TCATACCTCAAGCAGCCCCA,0,3366378
ssnAp,0.3333333333333333,2,2,TCATACAACGCGGACAGTCT,0,3366797
ssnAp,0.3333333333333333,2,2,TCAGTTTAAGTTTGAGGTCT,0,3376178
ssnAp,0.3333333333333333,2,2,TCAGTCGGTCCACTCTCGGT,0,3381223
ssnAp,0.3333333333333333,2,2,TCAGGCCCACTCACCATAGT,0,3398902
ssnAp,0.3333333333333333,2,2,TCAGGCAGCTTCTCAATAAA,0,3400515
ssnAp,0.3333333333333333,2,2,TCAGGCACTCACTCTATGTT,0,3366029
ssnAp,0.3333333333333333,2,2,TCAGATGAGGCATATTTCAC,0,3363602
ssnAp,0.3333333333333333,2,2,TCAGAGGACAGAGAAACCAA,0,3386003
ssnAp,0.3333333333333333,2,2,TCAGAATGGACAAGAAGTTC,0,3379976
ssnAp,0.3333333333333333,2,2,TCAGAATAAACTCCCGTAGT,0,3387254
ssnAp,0.3333333333333333,2,2,TCACTAAAATGCTAAATATA,0,3360510
ssnAp,0.3333333333333333,2,2,TCACGCAACCAGACCGTGAT,0,3361236
ssnAp,0.3333333333333333,2,2,TCACATTTCGACCGTTCCTT,0,3390876
ssnAp,0.3333333333333333,2,2,TCACATATTGGCGCGCAATT,0,3359372
ssnAp,0.3333333333333333,2,2,TCACATACTGTGTAAATGCA,0,3365181
ssnAp,0.3333333333333333,2,2,TCAATTGGCGTTCCCAGCTG,0,3395938
ssnAp,0.3333333333333333,2,2,TCAAGTGTCAGAAGACTCGG,0,3359659
ssnAp,0.3333333333333333,2,2,TCAAGGGGATGCACGGAATT,0,3389114
ssnAp,0.3333333333333333,2,2,TCAAGGCCCATGTGACTTAC,0,3377757
ssnAp,0.3333333333333333,2,2,TCAACGCAGATCTCCGTTGA,0,3363031
ssnAp,0.3333333333333333,2,2,TCAACCTCTGCGGCTTCAGT,0,3389446
ssnAp,0.3333333333333333,2,2,TCAACCTCAGGGTAACCATG,0,3377766
ssnAp,0.3333333333333333,2,2,TCAACAAGGTTCCAGCATTT,0,3373616
ssnAp,0.3333333333333333,2,2,TCAAATGCAACATGATACTA,0,3371904
ssnAp,0.3333333333333333,2,2,TCAAATATCACTGCCGGGAA,0,3398958
ssnAp,0.3333333333333333,2,2,TCAAAGACAACCGGTGGAAT,0,3397270
ssnAp,0.3333333333333333,2,2,TATTTCCGTTTTGCTAGAGG,0,3389586
ssnAp,0.3333333333333333,2,2,TATTTAACACTGACCGGTAC,0,3373784
ssnAp,0.3333333333333333,2,2,TATTTAAACTCCCAGTAAAA,0,3396459
ssnAp,0.3333333333333333,2,2,TATTGAAGTGCGCCATCAAG,0,3396272
ssnAp,0.3333333333333333,2,2,TATTCTGTAGGCCGATTCCG,0,3388327
ssnAp,0.3333333333333333,2,2,TATTCTCGGATACTCACAGA,0,3373700
ssnAp,0.3333333333333333,2,2,TATTCAGGTCAAAACGTCTC,0,3368836
ssnAp,0.3333333333333333,2,2,TATTACCATTGCTGATTGGT,0,3400460
ssnAp,0.3333333333333333,2,2,TATTAACGTACTGGAACACT,0,3398012
ssnAp,0.3333333333333333,2,2,TATGTTGTGTCTTTCGCTGA,0,3392793
ssnAp,0.3333333333333333,2,2,TATGTCGGTCGGAGGAACAA,0,3374149
ssnAp,0.3333333333333333,2,2,TATGGGATGACATCAAACTC,0,3396606
ssnAp,0.3333333333333333,2,2,TATGGCACATTCGTCGGACC,0,3378862
ssnAp,0.3333333333333333,2,2,TATGCCCACTGTCCCACGTT,0,3381914
ssnAp,0.3333333333333333,2,2,TATGACTCGTTGGATGTGAG,0,3384613
ssnAp,0.3333333333333333,2,2,TATGACGTTTATTGTAGCAG,0,3385606
ssnAp,0.3333333333333333,2,2,TATGAATATACTGATGAATG,0,3369295
ssnAp,0.3333333333333333,2,2,TATGAAGCGACGGGCCAAGG,0,3380434
ssnAp,0.3333333333333333,2,2,TATCTTTTTCGATTGCGGTT,0,3393539
ssnAp,0.3333333333333333,2,2,TATCGTCGGCATGTTCTCAT,0,3395466
ssnAp,0.3333333333333333,2,2,TATCGCACGGGAGGTGGCTA,0,3362944
ssnAp,0.3333333333333333,2,2,TATCCCAATCCACCACGTCA,0,3402171
ssnAp,0.3333333333333333,2,2,TATCACCATTTTATCGGTGG,0,3379199
ssnAp,0.3333333333333333,2,2,TATCAAACCTATTAATAGCG,0,3385868
ssnAp,0.3333333333333333,2,2,TATATTTCGAAGGGTCGTAG,0,3382115
ssnAp,0.3333333333333333,2,2,TATATTCGTTATCGCCTGCA,0,3371814
ssnAp,0.3333333333333333,2,2,TATATCGGGGCGACTATGAC,0,3395492
ssnAp,0.3333333333333333,2,2,TATATCCCATAAGTGAATTG,0,3379358
ssnAp,0.3333333333333333,2,2,TATAGGCCTTAGCATTGAAA,0,3391815
ssnAp,0.3333333333333333,2,2,TATACCTCGCTAACGTTCGA,0,3379308
ssnAp,0.3333333333333333,2,2,TATACAGAGATTCTGGCCCC,0,3393864
ssnAp,0.3333333333333333,2,2,TATAAACTTTCTACACAGAG,0,3372382
ssnAp,0.3333333333333333,2,2,TAGTAGTAATCGCTATCTCT,0,3397272
ssnAp,0.3333333333333333,2,2,TAGGTGCGGTCGGCCCAAAT,0,3392648
ssnAp,0.3333333333333333,2,2,TAGGGTGCCTCCGGACCTAA,0,3366384
ssnAp,0.3333333333333333,2,2,TAGGGCGTATTCATTATCTA,0,3372606
ssnAp,0.3333333333333333,2,2,TAGGCAGTCCAACGTAGGTA,0,3394204
ssnAp,0.3333333333333333,2,2,TAGGCAGGAAGTCAGGAATT,0,3394447
ssnAp,0.3333333333333333,2,2,TAGGAGCGGATGGTTGTACG,0,3364299
ssnAp,0.3333333333333333,2,2,TAGCTCTGCATACGAGTAGT,0,3382508
ssnAp,0.3333333333333333,2,2,TAGCTACACCTAGTTTCAAG,0,3398133
ssnAp,0.3333333333333333,2,2,TAGCGTTGGCAACTGGTGCA,0,3378583
ssnAp,0.3333333333333333,2,2,TAGCGTACATGTCCTGGACA,0,3373283
ssnAp,0.3333333333333333,2,2,TAGCCTGGCCCAAGGTATCC,0,3373533
ssnAp,0.3333333333333333,2,2,TAGCCTCTCCTAGGATCGGT,0,3361976
ssnAp,0.3333333333333333,2,2,TAGCCAGCTCATCACCTATC,0,3389136
ssnAp,0.3333333333333333,2,2,TAGCAAGCTGTGTATATCAT,0,3400498
ssnAp,0.3333333333333333,2,2,TAGCAACGTTCAATTGGCAA,0,3367780
ssnAp,0.3333333333333333,2,2,TAGATTAGGGTGTGAGCCAC,0,3389786
ssnAp,0.3333333333333333,2,2,TAGATGAGTCCGGTTAGTTA,0,3359875
ssnAp,0.3333333333333333,2,2,TAGAGGTCAATTCAGCGGCA,0,3391195
ssnAp,0.3333333333333333,2,2,TAGACACCAATGTTCCCCTA,0,3401275
ssnAp,0.3333333333333333,2,2,TACTTCGGGCTATGTTTTTC,0,3400302
ssnAp,0.3333333333333333,2,2,TACTTACGTACGCTGACATG,0,3385324
ssnAp,0.3333333333333333,2,2,TACTGTGTAAGGTTGTATAT,0,3388466
ssnAp,0.3333333333333333,2,2,TACTGGAGGGGTTAATTCCA,0,3381627
ssnAp,0.3333333333333333,2,2,TACTAAGCTGCTATACCGCT,0,3377038
ssnAp,0.3333333333333333,2,2,TACTAAAGGGTATCGCGTGT,0,3369401
ssnAp,0.3333333333333333,2,2,TACGTAACGATGATTCTCAT,0,3368051
ssnAp,0.3333333333333333,2,2,TACGGGAGTGTATGGTATAT,0,3393255
ssnAp,0.3333333333333333,2,2,TACGGACATATAGCTAATTG,0,3374599
ssnAp,0.3333333333333333,2,2,TACGGAAATCCTTGGCATTC,0,3363528
ssnAp,0.3333333333333333,2,2,TACGCGTGCTACTCATGTTG,0,3377628
ssnAp,0.3333333333333333,2,2,TACGCCGTCTTAGTTTACTG,0,3364123
ssnAp,0.3333333333333333,2,2,TACGAGACGATTTACCACAC,0,3360248
ssnAp,0.3333333333333333,2,2,TACCTGCGGGCGGCACTTAC,0,3401826
ssnAp,0.3333333333333333,2,2,TACCTGAAGACTTTTTACAG,0,3391969
ssnAp,0.3333333333333333,2,2,TACCGGTTATGTTAATCTCC,0,3379716
ssnAp,0.3333333333333333,2,2,TACCGGATCTTGTTTACTTT,0,3366650
ssnAp,0.3333333333333333,2,2,TACCGCGGAGCTGAGCTTAT,0,3401148
ssnAp,0.3333333333333333,2,2,TACCGCCGCCCATTTATTAA,0,3390738
ssnAp,0.3333333333333333,2,2,TACCAGTGACACCCGGCATG,0,3390852
ssnAp,0.3333333333333333,2,2,TACCAGGGGAAGAATTCGTT,0,3393537
ssnAp,0.3333333333333333,2,2,TACCAATTTCTACGTCTCTG,0,3376561
ssnAp,0.3333333333333333,2,2,TACATTCACTCGTGGTACGC,0,3399685
ssnAp,0.3333333333333333,2,2,TACATTACCCGTCCCGACGG,0,3388819
ssnAp,0.3333333333333333,2,2,TACATGCAAGGAGTCCCGTC,0,3378788
ssnAp,0.3333333333333333,2,2,TACATATGTTGCGTGGCCCC,0,3399444
ssnAp,0.3333333333333333,2,2,TACAGTACTGTGACGCTTGT,0,3401545
ssnAp,0.3333333333333333,2,2,TACAGAGCTTCCTTTAACAT,0,3376324
ssnAp,0.3333333333333333,2,2,TACAGAGCAGTTGGTTTACA,0,3362514
ssnAp,0.3333333333333333,2,2,TACACCCTCTGGGCGGTTCA,0,3370192
ssnAp,0.3333333333333333,2,2,TAATTTCCAAGCGGACTCGC,0,3387311
ssnAp,0.3333333333333333,2,2,TAATTGAATACATAGGCAGT,0,3398445
ssnAp,0.3333333333333333,2,2,TAATGTGATGGACGGCCAAG,0,3377709
ssnAp,0.3333333333333333,2,2,TAATGTATAACTCGACAAGG,0,3386152
ssnAp,0.3333333333333333,2,2,TAATGGCCATGGCTTCTGTG,0,3387553
ssnAp,0.3333333333333333,2,2,TAATCTCACCGGGAGTAGAG,0,3391028
ssnAp,0.3333333333333333,2,2,TAATATGACGAGGTACGGCT,0,3387155
ssnAp,0.3333333333333333,2,2,TAATATCATTCAACGCTCGC,0,3397587
ssnAp,0.3333333333333333,2,2,TAATAGTGACATATTCAGAG,0,3364398
ssnAp,0.3333333333333333,2,2,TAAGTTCTGGCTAAAGGGAA,0,3373812
ssnAp,0.3333333333333333,2,2,TAAGTCAAACAACTATCTGA,0,3361262
ssnAp,0.3333333333333333,2,2,TAAGCAGTTGCGTATGTATG,0,3373466
ssnAp,0.3333333333333333,2,2,TAACTTCATCCTGCAAGGCA,0,3369718
ssnAp,0.3333333333333333,2,2,TAACTCGGGGGTTATGAACT,0,3372181
ssnAp,0.3333333333333333,2,2,TAACTCACAGAAACCCATGT,0,3363682
ssnAp,0.3333333333333333,2,2,TAACTAAGTTCACCAGTAAT,0,3395216
ssnAp,0.3333333333333333,2,2,TAACGGATGCTAGCTGATAC,0,3393612
ssnAp,0.3333333333333333,2,2,TAACCTTGAATAGGCGCCAC,0,3393847
ssnAp,0.3333333333333333,2,2,TAACATCTTCTTGTTACCCT,0,3381372
ssnAp,0.3333333333333333,2,2,TAACAGTAGGCTGCTGCTTA,0,3366117
ssnAp,0.3333333333333333,2,2,TAACAGGCGCTCCTAATCTG,0,3381741
ssnAp,0.3333333333333333,2,2,TAACACGCGCGCCAATCCGG,0,3392204
ssnAp,0.3333333333333333,2,2,TAAATTTATAGGTCCACGAC,0,3377319
ssnAp,0.3333333333333333,2,2,TAAATGTCGGGTTGGCTGTA,0,3387779
ssnAp,0.3333333333333333,2,2,TAAAGCGGGCCGAATCTTTA,0,3363558
ssnAp,0.3333333333333333,2,2,TAAACGTAATAGCGGGACAT,0,3381166
ssnAp,0.3333333333333333,2,2,TAAACCACTGGTGCTAGATA,0,3378342
ssnAp,0.3333333333333333,2,2,TAAAATCGTGCATAAATTTA,0,3386411
ssnAp,0.3333333333333333,2,2,TAAAAGGCGTAAATGCTAAC,0,3370304
ssnAp,0.3333333333333333,2,2,TAAAAACAGGGAGCACAAGG,0,3400439
ssnAp,0.3333333333333333,2,2,GTTTTTGCCGGGAAACAGGT,0,3374275
ssnAp,0.3333333333333333,2,2,GTTTTCTGTAACCGTTATGT,0,3373827
ssnAp,0.3333333333333333,2,2,GTTTTCTAAGAGTTGTCTAC,0,3400894
ssnAp,0.3333333333333333,2,2,GTTTCTTAATTCTTTGTCCC,0,3372591
ssnAp,0.3333333333333333,2,2,GTTTAGGGACAGAGAGATAT,0,3395003
ssnAp,0.3333333333333333,2,2,GTTTAACATGTGTCCAAATA,0,3402255
ssnAp,0.3333333333333333,2,2,GTTGTCTTTCGGCGCTGTAT,0,3390248
ssnAp,0.3333333333333333,2,2,GTTGGTTAGTCCCTTTGGAG,0,3378355
ssnAp,0.3333333333333333,2,2,GTTGGTTAACTATGAACGTC,0,3371900
ssnAp,0.3333333333333333,2,2,GTTGGTACAGGAAACGCTCT,0,3399075
ssnAp,0.3333333333333333,2,2,GTTGGCAAGCATGCGACATA,0,3363108
ssnAp,0.3333333333333333,2,2,GTTGAGGAAATATCAGCGAG,0,3382326
ssnAp,0.3333333333333333,2,2,GTTGAGCCCCCCCTGTAAGT,0,3368556
ssnAp,0.3333333333333333,2,2,GTTGACTGACCAATTTCTTA,0,3359773
ssnAp,0.3333333333333333,2,2,GTTGACGTCAGTGCGTTGCT,0,3384060
ssnAp,0.3333333333333333,2,2,GTTCTGGGGTCAGTGATCGT,0,3377009
ssnAp,0.3333333333333333,2,2,GTTCTGGATCAACCTGGGGG,0,3371810
ssnAp,0.3333333333333333,2,2,GTTCTCTAAACGATAGCCGC,0,3370848
ssnAp,0.3333333333333333,2,2,GTTCCTCGTGGCGTGCTCAG,0,3400321
ssnAp,0.3333333333333333,2,2,GTTCCATCGGGCGCCCTTCA,0,3385340
ssnAp,0.3333333333333333,2,2,GTTCCAGCATCTAGGTCGTT,0,3387693
ssnAp,0.3333333333333333,2,2,GTTCCACCGCGGACAAGGAA,0,3398571
ssnAp,0.3333333333333333,2,2,GTTCAACTTTGCGCTAGACA,0,3376632
ssnAp,0.3333333333333333,2,2,GTTCAACCACAACTCTTATC,0,3375422
ssnAp,0.3333333333333333,2,2,GTTATTGGCTTTTGAAACAG,0,3388330
ssnAp,0.3333333333333333,2,2,GTTAGTCACTTTGCGAAGCC,0,3376060
ssnAp,0.3333333333333333,2,2,GTTAGGCAAGTAGTGGTGCC,0,3382422
ssnAp,0.3333333333333333,2,2,GTTAGCTGATCCGGCACTTG,0,3389411
ssnAp,0.3333333333333333,2,2,GTTAGCGTAGTTAGTTTCTA,0,3376406
ssnAp,0.3333333333333333,2,2,GTTAGACGGGGAACGTCCTG,0,3364162
ssnAp,0.3333333333333333,2,2,GTTACGCCCTCATTCGCCGT,0,3360318
ssnAp,0.3333333333333333,2,2,GTTAAGCCTACCCACACTAA,0,3373261
ssnAp,0.3333333333333333,2,2,GTTAACATTCATACGGATCC,0,3379779
ssnAp,0.3333333333333333,2,2,GTGTTGGTAAGTTCGCACAT,0,3378581
ssnAp,0.3333333333333333,2,2,GTGTTATAAAGGTGTACAAC,0,3367448
ssnAp,0.3333333333333333,2,2,GTGTTAGTTCACTGGGTTTA,0,3368232
ssnAp,0.3333333333333333,2,2,GTGTTAAATACCGGATCACT,0,3360221
ssnAp,0.3333333333333333,2,2,GTGTTAAACCATTAAAGCAT,0,3390351
ssnAp,0.3333333333333333,2,2,GTGTGTCGTGAGGTCATCTA,0,3367461
ssnAp,0.3333333333333333,2,2,GTGTGGGGGATAGACCTATA,0,3379517
ssnAp,0.3333333333333333,2,2,GTGTGCGGCGTATCCGCTCA,0,3389459
ssnAp,0.3333333333333333,2,2,GTGTGATCCTATCTACTTAA,0,3396938
ssnAp,0.3333333333333333,2,2,GTGTCGAGAGCGTACCCCGT,0,3376432
ssnAp,0.3333333333333333,2,2,GTGTCATTCGATACTCATAT,0,3392156
ssnAp,0.3333333333333333,2,2,GTGTATCCGTGGTTGCGTTG,0,3388114
ssnAp,0.3333333333333333,2,2,GTGTAGGGCGGTGGCTACAT,0,3387425
ssnAp,0.3333333333333333,2,2,GTGTACTGCATGGGCAACGT,0,3365488
ssnAp,0.3333333333333333,2,2,GTGGGTCCGTTGTGTGAATC,0,3401202
ssnAp,0.3333333333333333,2,2,GTGGGGGTCGTACATACGAG,0,3384421
ssnAp,0.3333333333333333,2,2,GTGGCTGCATAAATCCCGAA,0,3377087
ssnAp,0.3333333333333333,2,2,GTGGCGGGAGTGAGATCATC,0,3371580
ssnAp,0.3333333333333333,2,2,GTGGCCTCTTTCGTCCTTTG,0,3402501
ssnAp,0.3333333333333333,2,2,GTGGCCCCGACATGCGTTCG,0,3365991
ssnAp,0.3333333333333333,2,2,GTGGCACACCCGTTTGCACT,0,3379380
ssnAp,0.3333333333333333,2,2,GTGGATCATTTCCGCGGTGG,0,3397612
ssnAp,0.3333333333333333,2,2,GTGGAGCGCGCTGCTAAAGT,0,3376186
ssnAp,0.3333333333333333,2,2,GTGGAACTTGTGACAGCAAG,0,3388918
ssnAp,0.3333333333333333,2,2,GTGCTTGGCTCATGATCGGC,0,3366121
ssnAp,0.3333333333333333,2,2,GTGCTTCGTGACGTAATAAT,0,3377832
ssnAp,0.3333333333333333,2,2,GTGCGTAGCTGCTTTAACTA,0,3359343
ssnAp,0.3333333333333333,2,2,GTGCGCGAATGAAGGAGACT,0,3381885
ssnAp,0.3333333333333333,2,2,GTGCGATCATCAGACAGATC,0,3389495
ssnAp,0.3333333333333333,2,2,GTGCCTGTAGAAATGGCTAT,0,3393429
ssnAp,0.3333333333333333,2,2,GTGCCCGCCAGCTAAACAGT,0,3380260
ssnAp,0.3333333333333333,2,2,GTGCATCTCTACAAGGACTC,0,3376967
ssnAp,0.3333333333333333,2,2,GTGCAGCACCCAGGTCTTGA,0,3384804
ssnAp,0.3333333333333333,2,2,GTGATGTTCTGTGGGAACCA,0,3360808
ssnAp,0.3333333333333333,2,2,GTGATGGTGCTACTCTTCCC,0,3361859
ssnAp,0.3333333333333333,2,2,GTGATCAATGCTAATGGGAT,0,3397100
ssnAp,0.3333333333333333,2,2,GTGATAAATGGTATTGTATC,0,3372811
ssnAp,0.3333333333333333,2,2,GTGAGTTGATCGGCTGAGAA,0,3400601
ssnAp,0.3333333333333333,2,2,GTGAGTTCGCATCTGTTCTG,0,3375004
ssnAp,0.3333333333333333,2,2,GTGAGGTAGGATGGTACCTA,0,3369272
ssnAp,0.3333333333333333,2,2,GTGAGGCATGTTAATGTGTG,0,3386671
ssnAp,0.3333333333333333,2,2,GTGAGCGCTCATAGTTGTTA,0,3394356
ssnAp,0.3333333333333333,2,2,GTGAGACCCGATCGTGTGCT,0,3365553
ssnAp,0.3333333333333333,2,2,GTGACCCCTTGGTTGAGCAG,0,3381117
ssnAp,0.3333333333333333,2,2,GTGACCCATCCCTAGTGGGA,0,3371109
ssnAp,0.3333333333333333,2,2,GTGAATTATTTAGTAGGTTT,0,3388660
ssnAp,0.3333333333333333,2,2,GTGAAGTCTACGCACCCATA,0,3368923
ssnAp,0.3333333333333333,2,2,GTGAAGGTATCCCCATTTTA,0,3373997
ssnAp,0.3333333333333333,2,2,GTGAAAAAAGGAACGTCAAC,0,3376405
ssnAp,0.3333333333333333,2,2,GTCTGCGGGACCGTATCACG,0,3375400
ssnAp,0.3333333333333333,2,2,GTCTGATGTATAGACGGCGG,0,3373475
ssnAp,0.3333333333333333,2,2,GTCTCTGTCAGCACTGCCCT,0,3396091
ssnAp,0.3333333333333333,2,2,GTCTCAGATTTAATAGCTTT,0,3371350
ssnAp,0.3333333333333333,2,2,GTCTCAATGTTTTTAGCCAC,0,3360083
ssnAp,0.3333333333333333,2,2,GTCTCAACATCGCTTTGTAT,0,3386108
ssnAp,0.3333333333333333,2,2,GTCTATTGTGGGCGCCCTGG,0,3390464
ssnAp,0.3333333333333333,2,2,GTCGTTATTGGACTTACATA,0,3366189
ssnAp,0.3333333333333333,2,2,GTCGGGTAGTCTTGGGGCCA,0,3370069
ssnAp,0.3333333333333333,2,2,GTCGGCTTGGAGACGCCGTT,0,3373038
ssnAp,0.3333333333333333,2,2,GTCGGCCCGAGGCTCCCTCA,0,3377589
ssnAp,0.3333333333333333,2,2,GTCGCGTTAGTATGAGTCAG,0,3388699
ssnAp,0.3333333333333333,2,2,GTCCTGTCGCGTGCTGGTTG,0,3394995
ssnAp,0.3333333333333333,2,2,GTCCTGGGAAGACAGAGCCG,0,3398569
ssnAp,0.3333333333333333,2,2,GTCCTGCATAAAAGAAACGC,0,3367714
ssnAp,0.3333333333333333,2,2,GTCCTCGTACTGGCCGGGAC,0,3387994
ssnAp,0.3333333333333333,2,2,GTCCTACACACTGACGCGCG,0,3390866
ssnAp,0.3333333333333333,2,2,GTCCGTGGGAACCGGGTTAC,0,3362902
ssnAp,0.3333333333333333,2,2,GTCCGGGGAGCAAGACACCG,0,3389036
ssnAp,0.3333333333333333,2,2,GTCCGCTAAGGCTTCCGCGC,0,3389171
ssnAp,0.3333333333333333,2,2,GTCCGCAACAACAACTTTTA,0,3397087
ssnAp,0.3333333333333333,2,2,GTCCGATATATTTCCGTCTT,0,3396816
ssnAp,0.3333333333333333,2,2,GTCCCGGTTACGCCCCCACA,0,3359260
ssnAp,0.3333333333333333,2,2,GTCCCGATTTGCCCTGGGAG,0,3369227
ssnAp,0.3333333333333333,2,2,GTCCCAAGTTACTGTCACGT,0,3365359
ssnAp,0.3333333333333333,2,2,GTCCCAACCCACGCATGTCT,0,3361253
ssnAp,0.3333333333333333,2,2,GTCCAGTCGTCTGCTCCAGG,0,3394535
ssnAp,0.3333333333333333,2,2,GTCCAGAATTAAGAAAGTAT,0,3401561
ssnAp,0.3333333333333333,2,2,GTCATTATAAATGGCTCGAA,0,3398314
ssnAp,0.3333333333333333,2,2,GTCATGGGTTGCGATCTGGA,0,3392633
ssnAp,0.3333333333333333,2,2,GTCATCTGTTGTCCGTACAA,0,3366658
ssnAp,0.3333333333333333,2,2,GTCATAGTTCCTTCTATTTT,0,3378104
ssnAp,0.3333333333333333,2,2,GTCAGTGAGCAGCGCTACAC,0,3383191
ssnAp,0.3333333333333333,2,2,GTCAGAGAGTTACTTAGGTA,0,3401953
ssnAp,0.3333333333333333,2,2,GTCAGACAGCCCGCTGCACC,0,3393863
ssnAp,0.3333333333333333,2,2,GTCACGCGAGGTTGAAAAGC,0,3376212
ssnAp,0.3333333333333333,2,2,GTCACAACTCTGAGGATCTT,0,3383964
ssnAp,0.3333333333333333,2,2,GTCAATGATCGTTTACCGGT,0,3377027
ssnAp,0.3333333333333333,2,2,GTCAAGGTCGGGAATACGAT,0,3389775
ssnAp,0.3333333333333333,2,2,GTCAACCGATCTGCACGAAT,0,3368023
ssnAp,0.3333333333333333,2,2,GTATTGTTAGCTAGGGTCTC,0,3394856
ssnAp,0.3333333333333333,2,2,GTATTGTATTCTTGGTTCTA,0,3396424
ssnAp,0.3333333333333333,2,2,GTATTGGGGACACTTATCCT,0,3394567
ssnAp,0.3333333333333333,2,2,GTATGTTTCACTTGAGCACT,0,3395334
ssnAp,0.3333333333333333,2,2,GTATGGTGTCAGTGCCGCGC,0,3398298
ssnAp,0.3333333333333333,2,2,GTATGAAATTCCCTTATTCG,0,3369082
ssnAp,0.3333333333333333,2,2,GTATATGGTCATCTGTAAAC,0,3402516
ssnAp,0.3333333333333333,2,2,GTATACTAAATTCTTCCTAC,0,3362830
ssnAp,0.3333333333333333,2,2,GTATACAGGCGTATCGTAGC,0,3369685
ssnAp,0.3333333333333333,2,2,GTATAACCTATTGCCTACCA,0,3396289
ssnAp,0.3333333333333333,2,2,GTAGTTGTGCGGCACTCAAT,0,3373932
ssnAp,0.3333333333333333,2,2,GTAGTACTGTCTTTGATTTG,0,3376736
ssnAp,0.3333333333333333,2,2,GTAGTACAAGATTGCTCTTG,0,3379510
ssnAp,0.3333333333333333,2,2,GTAGCGAGCTGCCGTGGACT,0,3371312
ssnAp,0.3333333333333333,2,2,GTAGAGTGGTCGAGTCAGGA,0,3363229
ssnAp,0.3333333333333333,2,2,GTAGAATCAACTCTCCACAC,0,3394524
ssnAp,0.3333333333333333,2,2,GTAGAACCAAAACAACACAT,0,3359711
ssnAp,0.3333333333333333,2,2,GTACTTCGTCTGCTCCCGGA,0,3360634
ssnAp,0.3333333333333333,2,2,GTACTGAAACGTAGGAAGGT,0,3397527
ssnAp,0.3333333333333333,2,2,GTACGACGCGCGGGAAACGC,0,3371300
ssnAp,0.3333333333333333,2,2,GTACCTCAGAACAGGGTAGA,0,3381612
ssnAp,0.3333333333333333,2,2,GTACCAGAGTCAGTCTGAAA,0,3392516
ssnAp,0.3333333333333333,2,2,GTACCAAATTAAAAGGTAAT,0,3386686
ssnAp,0.3333333333333333,2,2,GTACATATGCAAGTATGGCA,0,3360617
ssnAp,0.3333333333333333,2,2,GTACATATCTGTGGAGAAGT,0,3366689
ssnAp,0.3333333333333333,2,2,GTACACGGACAAGTATACAC,0,3395363
ssnAp,0.3333333333333333,2,2,GTAATCCGGCAGTTAACCGG,0,3367932
ssnAp,0.3333333333333333,2,2,GTAAGTGTAGTATGCGACTT,0,3379668
ssnAp,0.3333333333333333,2,2,GTAAGGGGAAGGTCTGGAGT,0,3362751
ssnAp,0.3333333333333333,2,2,GTAAGGCGAAGGTTTGCAAT,0,3398565
ssnAp,0.3333333333333333,2,2,GTAAGCTGACCACGGATATA,0,3372690
ssnAp,0.3333333333333333,2,2,GTAAGAACCACGAAATTCCC,0,3392603
ssnAp,0.3333333333333333,2,2,GTAAAGGATTCGCTGTAGTC,0,3359159
ssnAp,0.3333333333333333,2,2,GTAAAGGACAGGAATAGGAA,0,3400963
ssnAp,0.3333333333333333,2,2,GTAAAGAGTTACGTTGCTCG,0,3383310
ssnAp,0.3333333333333333,2,2,GTAAACTGCGCTGAAGTATT,0,3362227
ssnAp,0.3333333333333333,2,2,GGTTTTGGGCGGATTATGAA,0,3397595
ssnAp,0.3333333333333333,2,2,GGTTTTACCCAGGGCGGCTT,0,3363414
ssnAp,0.3333333333333333,2,2,GGTTTGTGAAGAATAGGTGG,0,3388518
ssnAp,0.3333333333333333,2,2,GGTTTCTGAGAGTCGTCGGC,0,3383960
ssnAp,0.3333333333333333,2,2,GGTTTATACAGTAGGCAGCA,0,3374488
ssnAp,0.3333333333333333,2,2,GGTTGCCGTTTACGGGCGTC,0,3401636
ssnAp,0.3333333333333333,2,2,GGTTGCCATCCGGTTGCTAT,0,3392095
ssnAp,0.3333333333333333,2,2,GGTTGACTTCAAGCAATATA,0,3371667
ssnAp,0.3333333333333333,2,2,GGTTCCCGAAACATCAGCGG,0,3367385
ssnAp,0.3333333333333333,2,2,GGTTAGACGGCCTGCGTTTC,0,3385053
ssnAp,0.3333333333333333,2,2,GGTGGGCCTTACGCTAATGT,0,3398243
ssnAp,0.3333333333333333,2,2,GGTGGGCCACGATTAAAAGG,0,3364191
ssnAp,0.3333333333333333,2,2,GGTGGCAGAGCAGCACGGGC,0,3367440
ssnAp,0.3333333333333333,2,2,GGTGCGCCGCAGCTGGTCGG,0,3395610
ssnAp,0.3333333333333333,2,2,GGTGCGACTGCGGTCGCGCT,0,3389234
ssnAp,0.3333333333333333,2,2,GGTGCAACGGACTCCAGCGT,0,3368003
ssnAp,0.3333333333333333,2,2,GGTGAACGCCCCGTAATCAT,0,3366413
ssnAp,0.3333333333333333,2,2,GGTCTTCCGTTTTGGGGGTA,0,3399201
ssnAp,0.3333333333333333,2,2,GGTCTCCACTATGGGGATAA,0,3387227
ssnAp,0.3333333333333333,2,2,GGTCGTTGTGGCTAGGCTCT,0,3381888
ssnAp,0.3333333333333333,2,2,GGTCGTGGTTGATAGCCAAT,0,3400253
ssnAp,0.3333333333333333,2,2,GGTCGTGGGCTTACCATGCT,0,3380380
ssnAp,0.3333333333333333,2,2,GGTCGGTAGATCTACGCTAC,0,3387459
ssnAp,0.3333333333333333,2,2,GGTCCCTTACCGCCATCAAG,0,3370172
ssnAp,0.3333333333333333,2,2,GGTCAGTAACCCTGCTCAGA,0,3386275
ssnAp,0.3333333333333333,2,2,GGTCAAAAGGGCTTGAGGCT,0,3369469
ssnAp,0.3333333333333333,2,2,GGTATTTTTTCCGCCAGCAA,0,3385810
ssnAp,0.3333333333333333,2,2,GGTATTATTTCTAATGGGAT,0,3373832
ssnAp,0.3333333333333333,2,2,GGTAGACAGGTCCAAAGAAG,0,3388147
ssnAp,0.3333333333333333,2,2,GGTACTTTACTTTAGCAGCG,0,3370138
ssnAp,0.3333333333333333,2,2,GGTAAGGAGCCTCCGGGACA,0,3372654
ssnAp,0.3333333333333333,2,2,GGTAACCTCGTTACAAAGTA,0,3394282
ssnAp,0.3333333333333333,2,2,GGGTTTCCAGAGTGACATGT,0,3383838
ssnAp,0.3333333333333333,2,2,GGGTTGTTCAATTTCCAGGT,0,3398144
ssnAp,0.3333333333333333,2,2,GGGTTCTCCAACGGAGACAT,0,3364074
ssnAp,0.3333333333333333,2,2,GGGTGTCCTAGCAAGATTGG,0,3366267
ssnAp,0.3333333333333333,2,2,GGGTGTATACGTTCACCTAA,0,3371234
ssnAp,0.3333333333333333,2,2,GGGTGGATTAGTTGTATCTA,0,3383935
ssnAp,0.3333333333333333,2,2,GGGTGATAAGAGCACAGGCA,0,3374568
ssnAp,0.3333333333333333,2,2,GGGTCTTCTGGCATTACGGT,0,3377660
ssnAp,0.3333333333333333,2,2,GGGTCGCTGAGCAGAGAGGC,0,3371391
ssnAp,0.3333333333333333,2,2,GGGTCCCACAGCATTGTACC,0,3397236
ssnAp,0.3333333333333333,2,2,GGGTCATCTGCCCAAGGGTC,0,3359513
ssnAp,0.3333333333333333,2,2,GGGTATGGGCGTTTATCCAC,0,3399938
ssnAp,0.3333333333333333,2,2,GGGTATCGCTTTCAAAGGGT,0,3370846
ssnAp,0.3333333333333333,2,2,GGGTATCAATTCGAAGCACC,0,3383445
ssnAp,0.3333333333333333,2,2,GGGTAGGGTGAATAGCACTA,0,3360259
ssnAp,0.3333333333333333,2,2,GGGTAGCCTAACGGCTCGCC,0,3396308
ssnAp,0.3333333333333333,2,2,GGGTAGACGTTACTTTATCC,0,3364848
ssnAp,0.3333333333333333,2,2,GGGTAAGACCAGAGCATAAT,0,3390159
ssnAp,0.3333333333333333,2,2,GGGGTTGATTTTAAACTTTC,0,3376929
ssnAp,0.3333333333333333,2,2,GGGGTGTTCTGCGACTAAAG,0,3374043
ssnAp,0.3333333333333333,2,2,GGGGTGGGAAGCCACGTTGA,0,3377062
ssnAp,0.3333333333333333,2,2,GGGGTCGATCCTCCTCCCAC,0,3373756
ssnAp,0.3333333333333333,2,2,GGGGTCAGAAGCGGCCACGG,0,3361427
ssnAp,0.3333333333333333,2,2,GGGGTAACTGCTTCTGTATG,0,3380281
ssnAp,0.3333333333333333,2,2,GGGGGGATTCCGGCCTGAGG,0,3379916
ssnAp,0.3333333333333333,2,2,GGGGGCAGCTTAGAGCTATC,0,3400559
ssnAp,0.3333333333333333,2,2,GGGGCTACTCGCTAGTTGCT,0,3384562
ssnAp,0.3333333333333333,2,2,GGGGATGCTCTTCGATCATA,0,3369805
ssnAp,0.3333333333333333,2,2,GGGGAACCTGCTCCCCCCAC,0,3368497
ssnAp,0.3333333333333333,2,2,GGGCGTGTGGCTGGGGTCCA,0,3369577
ssnAp,0.3333333333333333,2,2,GGGCCTACCCACCGGTCCCC,0,3364865
ssnAp,0.3333333333333333,2,2,GGGCCGCCTAAGATGCCCAA,0,3365067
ssnAp,0.3333333333333333,2,2,GGGCCATATGGCCTATGGAG,0,3359306
ssnAp,0.3333333333333333,2,2,GGGCATGTAATAGAATATTC,0,3384722
ssnAp,0.3333333333333333,2,2,GGGCAGCTCTCACGGCGTGC,0,3388649
ssnAp,0.3333333333333333,2,2,GGGCAGCGTGGGAGGGAAAT,0,3381074
ssnAp,0.3333333333333333,2,2,GGGCACTTCTGCCCGTAATC,0,3382559
ssnAp,0.3333333333333333,2,2,GGGCAAAGAGCGACCCATAG,0,3370959
ssnAp,0.3333333333333333,2,2,GGGATTAGGGCGCCTCGTAA,0,3359330
ssnAp,0.3333333333333333,2,2,GGGATGCCTAGCATGCGCGT,0,3370627
ssnAp,0.3333333333333333,2,2,GGGATATTTACTGTCGCGGC,0,3374621
ssnAp,0.3333333333333333,2,2,GGGATAAAACGTCCTAGATT,0,3379589
ssnAp,0.3333333333333333,2,2,GGGAGGTAAGGCGGACCTAT,0,3400207
ssnAp,0.3333333333333333,2,2,GGGAGCGTTACTCCGTGTCA,0,3383884
ssnAp,0.3333333333333333,2,2,GGGAGACCAGGAGCACATTC,0,3374005
ssnAp,0.3333333333333333,2,2,GGGAATTCGTCCCCACCTAA,0,3360706
ssnAp,0.3333333333333333,2,2,GGGAATGCGTGTTAGACTAT,0,3378732
ssnAp,0.3333333333333333,2,2,GGGAATATACAAGTTGGAAT,0,3395990
ssnAp,0.3333333333333333,2,2,GGCTTTTGAATCCCTGGACG,0,3368887
ssnAp,0.3333333333333333,2,2,GGCTTTCTCTATCGATATCT,0,3362328
ssnAp,0.3333333333333333,2,2,GGCTGTTGGTATAGAGGCAC,0,3393785
ssnAp,0.3333333333333333,2,2,GGCTGTCGTCAAATCACCGC,0,3365563
ssnAp,0.3333333333333333,2,2,GGCGTCATATCTTGTTAACT,0,3389414
ssnAp,0.3333333333333333,2,2,GGCGGTCTAAAACGGGATAC,0,3360512
ssnAp,0.3333333333333333,2,2,GGCGGTCGGGAGACAGCAGC,0,3384440
ssnAp,0.3333333333333333,2,2,GGCGGAAATACAATCTGATC,0,3379271
ssnAp,0.3333333333333333,2,2,GGCGCCAGATCTCGAGCAAA,0,3393491
ssnAp,0.3333333333333333,2,2,GGCGCACAGCCTATGGCATT,0,3369040
ssnAp,0.3333333333333333,2,2,GGCGACTGTCTGCTTTGCTC,0,3391529
ssnAp,0.3333333333333333,2,2,GGCCGTCCGACAATACGTCA,0,3384549
ssnAp,0.3333333333333333,2,2,GGCCGGACGGACCGGCGTAC,0,3379196
ssnAp,0.3333333333333333,2,2,GGCCGCCCTAGCAGAATGAA,0,3382914
ssnAp,0.3333333333333333,2,2,GGCCCGGAGAACCATCATCA,0,3394461
ssnAp,0.3333333333333333,2,2,GGCCCGAAATGCCCACTTCA,0,3399450
ssnAp,0.3333333333333333,2,2,GGCCCATTTAATTCTGTTTT,0,3387104
ssnAp,0.3333333333333333,2,2,GGCCAGTAATTTGGGCTTCC,0,3363264
ssnAp,0.3333333333333333,2,2,GGCATTAGTTCGCATAAGCG,0,3388230
ssnAp,0.3333333333333333,2,2,GGCATGCGAGGAGTTTAAAT,0,3367046
ssnAp,0.3333333333333333,2,2,GGCATCGTTCCGTTCTGAAC,0,3362170
ssnAp,0.3333333333333333,2,2,GGCAGCAGTTGATGGGCAAA,0,3388987
ssnAp,0.3333333333333333,2,2,GGCAGATAGCAACATTTGTA,0,3368840
ssnAp,0.3333333333333333,2,2,GGCAGACAACCCAGAGGAGT,0,3386258
ssnAp,0.3333333333333333,2,2,GGCACTCCATATTGTACCCT,0,3365790
ssnAp,0.3333333333333333,2,2,GGCACTACCTGGTAGACATT,0,3381053
ssnAp,0.3333333333333333,2,2,GGCACCTGTGGCCATTAAGA,0,3377758
ssnAp,0.3333333333333333,2,2,GGCAAGCGTGCGGAACTCCT,0,3360016
ssnAp,0.3333333333333333,2,2,GGCAAATCATAGAGCGCACC,0,3373596
ssnAp,0.3333333333333333,2,2,GGATTGCCTGAGGATCTACG,0,3386089
ssnAp,0.3333333333333333,2,2,GGATTCAGTTTATATGATTG,0,3382688
ssnAp,0.3333333333333333,2,2,GGATTACTTCAGGAGGCACT,0,3398364
ssnAp,0.3333333333333333,2,2,GGATGTACGGGGAGGTGCGT,0,3382785
ssnAp,0.3333333333333333,2,2,GGATGCGGTTGCAATCATCT,0,3394638
ssnAp,0.3333333333333333,2,2,GGATGCCACAGGGGTATGGC,0,3400593
ssnAp,0.3333333333333333,2,2,GGATCTGTGCGCGGGACCTT,0,3385931
ssnAp,0.3333333333333333,2,2,GGATCTCTTAAGTGCAACAA,0,3373251
ssnAp,0.3333333333333333,2,2,GGATCAGATTAGGTGGCATA,0,3395041
ssnAp,0.3333333333333333,2,2,GGATCAACCCTTAACTTACG,0,3388953
ssnAp,0.3333333333333333,2,2,GGAGTCTAGCTAGGCTAGCG,0,3384544
ssnAp,0.3333333333333333,2,2,GGAGCTGTATTCCGCTAGGA,0,3382072
ssnAp,0.3333333333333333,2,2,GGAGCGACTCAAAAACGCGA,0,3391542
ssnAp,0.3333333333333333,2,2,GGAGAGTTCCGTTTTAAACC,0,3364749
ssnAp,0.3333333333333333,2,2,GGAGACGCTTCAATACCCGC,0,3388118
ssnAp,0.3333333333333333,2,2,GGAGACAAAACGCCCCACGA,0,3364858
ssnAp,0.3333333333333333,2,2,GGAGAAGTAATATCACGATA,0,3384451
ssnAp,0.3333333333333333,2,2,GGAGAAAGTGTGCAACCGAC,0,3381654
ssnAp,0.3333333333333333,2,2,GGACCGACGGAGGAAATGCA,0,3365595
ssnAp,0.3333333333333333,2,2,GGACCATGCATTCTCACTGA,0,3374722
ssnAp,0.3333333333333333,2,2,GGACCACTCTGTTAAATAAG,0,3380443
ssnAp,0.3333333333333333,2,2,GGACCAATTATTCACGGCTA,0,3395024
ssnAp,0.3333333333333333,2,2,GGACACGCCCGACCTTATGG,0,3374972
ssnAp,0.3333333333333333,2,2,GGAATTGGGTAAAATTCTAC,0,3393798
ssnAp,0.3333333333333333,2,2,GGAACATTTGGCTTATGGAG,0,3365470
ssnAp,0.3333333333333333,2,2,GGAAATGGACATCAGCAGGC,0,3363566
ssnAp,0.3333333333333333,2,2,GGAAACTTTCTTTCTCCTTC,0,3382468
ssnAp,0.3333333333333333,2,2,GGAAAACGACGGGTAGACTT,0,3361696
ssnAp,0.3333333333333333,2,2,GCTTTTGAAAATAACCTTCC,0,3371875
ssnAp,0.3333333333333333,2,2,GCTTTTATCGGATTTACAGT,0,3396704
ssnAp,0.3333333333333333,2,2,GCTTTGTAGGTCCAAAGATG,0,3380161
ssnAp,0.3333333333333333,2,2,GCTTTAGATCCGGGGACGCG,0,3362907
ssnAp,0.3333333333333333,2,2,GCTTTAACCAGTCCAATCTA,0,3377456
ssnAp,0.3333333333333333,2,2,GCTTGTGTGACACAGACGAT,0,3384962
ssnAp,0.3333333333333333,2,2,GCTTGCAAGCTGATTGCGTT,0,3366982
ssnAp,0.3333333333333333,2,2,GCTTCTGTAACCGTGGTGCC,0,3380994
ssnAp,0.3333333333333333,2,2,GCTTCGCCACTAATCGGCCT,0,3375100
ssnAp,0.3333333333333333,2,2,GCTTCGATATGTGGCTAACA,0,3366924
ssnAp,0.3333333333333333,2,2,GCTTCAGGTCGATTCTCGTG,0,3362040
ssnAp,0.3333333333333333,2,2,GCTTATAGCGTATCTACGCG,0,3402030
ssnAp,0.3333333333333333,2,2,GCTTAGACTGGCCCCTGGAT,0,3364334
ssnAp,0.3333333333333333,2,2,GCTTACGCCAAGTGACTACG,0,3398956
ssnAp,0.3333333333333333,2,2,GCTGTCAGGTTGACCTGTTC,0,3376046
ssnAp,0.3333333333333333,2,2,GCTGTACGTCTTGGAGATCT,0,3362399
ssnAp,0.3333333333333333,2,2,GCTGCCTTTGTGATTCCCAT,0,3371103
ssnAp,0.3333333333333333,2,2,GCTGAACTGGTTTAGCTCGC,0,3375909
ssnAp,0.3333333333333333,2,2,GCTGAAAATAAGAATTAGAA,0,3363832
ssnAp,0.3333333333333333,2,2,GCTCTGCTAGTATCAAATTT,0,3398013
ssnAp,0.3333333333333333,2,2,GCTCTCGAGGCGTAGTCAAT,0,3366133
ssnAp,0.3333333333333333,2,2,GCTCGTACTATAGTCGATTC,0,3377923
ssnAp,0.3333333333333333,2,2,GCTCCCCTGGCTCCCTGGCA,0,3364498
ssnAp,0.3333333333333333,2,2,GCTAGTCTGAGACCCTCCTG,0,3376903
ssnAp,0.3333333333333333,2,2,GCTAGGAAAGGGTAGTCGTC,0,3401684
ssnAp,0.3333333333333333,2,2,GCTACTGCAAATAAGACTGG,0,3365762
ssnAp,0.3333333333333333,2,2,GCTACCGGCCGTGTAAGAAT,0,3397823
ssnAp,0.3333333333333333,2,2,GCTAAGGAGTCCTGAAGACG,0,3361613
ssnAp,0.3333333333333333,2,2,GCTAACGATGGTCCCCCACC,0,3385709
ssnAp,0.3333333333333333,2,2,GCTAAATGATACCTCAGTGA,0,3394612
ssnAp,0.3333333333333333,2,2,GCGTTTCTGGTGAAGGCTTT,0,3383364
ssnAp,0.3333333333333333,2,2,GCGTTGTTTGAACGCGGGGG,0,3363084
ssnAp,0.3333333333333333,2,2,GCGTTCTCACTCTTTCGATA,0,3359661
ssnAp,0.3333333333333333,2,2,GCGTTAGTCCAGCGACAAAC,0,3382193
ssnAp,0.3333333333333333,2,2,GCGTTACGTATAAGTGATTT,0,3381745
ssnAp,0.3333333333333333,2,2,GCGTGAGTGCTAAGCAACCT,0,3398284
ssnAp,0.3333333333333333,2,2,GCGTCGTCCAGGCCCAGCTA,0,3363448
ssnAp,0.3333333333333333,2,2,GCGTCCTTACTGTTGACTAT,0,3390058
ssnAp,0.3333333333333333,2,2,GCGTCCTAGGACCTCCGCCG,0,3361737
ssnAp,0.3333333333333333,2,2,GCGTACTCAAGAGGGCGGCC,0,3360161
ssnAp,0.3333333333333333,2,2,GCGTAATGGGTCTAACCACG,0,3389746
ssnAp,0.3333333333333333,2,2,GCGTAACGTCCAGTTCACGA,0,3361867
ssnAp,0.3333333333333333,2,2,GCGGTGTTGGCATAAGCAAT,0,3386478
ssnAp,0.3333333333333333,2,2,GCGGTCCGGCTGAGAATCTC,0,3367687
ssnAp,0.3333333333333333,2,2,GCGGGTTCAGGAAACACCGG,0,3369666
ssnAp,0.3333333333333333,2,2,GCGGGTCAACAACCCGCACT,0,3386986
ssnAp,0.3333333333333333,2,2,GCGGGCCGCCACAGATTAAA,0,3373428
ssnAp,0.3333333333333333,2,2,GCGGGCAAGCCCCCAGACTG,0,3359512
ssnAp,0.3333333333333333,2,2,GCGGCTTTAGGCATCGTTAG,0,3390359
ssnAp,0.3333333333333333,2,2,GCGGCTAAGTCTTGAGCGAG,0,3400002
ssnAp,0.3333333333333333,2,2,GCGGCATTATGTTTTGCCCA,0,3383907
ssnAp,0.3333333333333333,2,2,GCGGATACGCGAATAGGCTT,0,3363856
ssnAp,0.3333333333333333,2,2,GCGGAGCTCTGACACGACTC,0,3391175
ssnAp,0.3333333333333333,2,2,GCGCTCATTACCTGCCACCA,0,3380125
ssnAp,0.3333333333333333,2,2,GCGCTCATCCCATATCTCCC,0,3366374
ssnAp,0.3333333333333333,2,2,GCGCTAGCGCAGGTTTTCGG,0,3364721
ssnAp,0.3333333333333333,2,2,GCGCGTATCAGAAGAGCCAT,0,3397206
ssnAp,0.3333333333333333,2,2,GCGCGCGGCCAGATTTGGAG,0,3389659
ssnAp,0.3333333333333333,2,2,GCGCCGCAGTCGCCAACCTA,0,3398997
ssnAp,0.3333333333333333,2,2,GCGCCCGTCCATAACCGAGA,0,3372987
ssnAp,0.3333333333333333,2,2,GCGAGCGGTCACCTCGGTCC,0,3387555
ssnAp,0.3333333333333333,2,2,GCGACTACGACTTGCCGTCA,0,3391922
ssnAp,0.3333333333333333,2,2,GCGACAGACTGCACCGTGGG,0,3380250
ssnAp,0.3333333333333333,2,2,GCGACACGTGGTCTACGACA,0,3401523
ssnAp,0.3333333333333333,2,2,GCGAAAAAGAAACGCAGCCG,0,3378821
ssnAp,0.3333333333333333,2,2,GCCTTTCTGAAAAGGAACCC,0,3370100
ssnAp,0.3333333333333333,2,2,GCCTTCATTGGAGGTTAGTA,0,3368557
ssnAp,0.3333333333333333,2,2,GCCTGTGTCATGATCGGCAG,0,3362431
ssnAp,0.3333333333333333,2,2,GCCTGCCATTTATGCCAAAT,0,3384104
ssnAp,0.3333333333333333,2,2,GCCTCTGGTCGATCTTGGAA,0,3401674
ssnAp,0.3333333333333333,2,2,GCCTACCTCATATCCCTTCC,0,3373131
ssnAp,0.3333333333333333,2,2,GCCGTGGTCACGCTTTTACG,0,3364851
ssnAp,0.3333333333333333,2,2,GCCGGTGGAGTACAGGTGCA,0,3362668
ssnAp,0.3333333333333333,2,2,GCCGGTCCCTCACCTATGCA,0,3378496
ssnAp,0.3333333333333333,2,2,GCCGCGTATATGCGATGTAA,0,3386763
ssnAp,0.3333333333333333,2,2,GCCGCCGGATAACCCTCAAC,0,3385575
ssnAp,0.3333333333333333,2,2,GCCGCCGCTTCTAGCGCATC,0,3364601
ssnAp,0.3333333333333333,2,2,GCCGCAACTGTTTAAAGAAA,0,3359385
ssnAp,0.3333333333333333,2,2,GCCGATAATTATGGCTGCTT,0,3362597
ssnAp,0.3333333333333333,2,2,GCCCGCTGATAGCCAACGCG,0,3370546
ssnAp,0.3333333333333333,2,2,GCCCCTTCATAACCGACGCG,0,3363228
ssnAp,0.3333333333333333,2,2,GCCCCTGGGGGTGCTATTCT,0,3382548
ssnAp,0.3333333333333333,2,2,GCCCCTCAAACTGAGTATTA,0,3374549
ssnAp,0.3333333333333333,2,2,GCCCCTAAATCGGTTTCGGA,0,3376617
ssnAp,0.3333333333333333,2,2,GCCCCAGTTTCAGCGAGACC,0,3391103
ssnAp,0.3333333333333333,2,2,GCCCACAGTACCAACCGTCG,0,3368455
ssnAp,0.3333333333333333,2,2,GCCATGAGTCTAAAAGCCGC,0,3390196
ssnAp,0.3333333333333333,2,2,GCCAACTCTGAAGCCCTGAC,0,3399521
ssnAp,0.3333333333333333,2,2,GCCAAATTCAGCAAGACTGT,0,3398966
ssnAp,0.3333333333333333,2,2,GCATTGAGAAGCTTCACTTA,0,3361440
ssnAp,0.3333333333333333,2,2,GCATTCGAACTGGCAATGCT,0,3400124
ssnAp,0.3333333333333333,2,2,GCATGATGATTCACAAAGCA,0,3381204
ssnAp,0.3333333333333333,2,2,GCATCACCCCTTTTGAGGGA,0,3382957
ssnAp,0.3333333333333333,2,2,GCATATCAGTCTACTACGAT,0,3400428
ssnAp,0.3333333333333333,2,2,GCATAGTTGACGCCGAGTGG,0,3376638
ssnAp,0.3333333333333333,2,2,GCATACTTGACGCATACAGC,0,3388719
ssnAp,0.3333333333333333,2,2,GCAGTGGAATTGATCCGAGA,0,3402702
ssnAp,0.3333333333333333,2,2,GCAGGGATTCAGGGCCGAGG,0,3366564
ssnAp,0.3333333333333333,2,2,GCAGGAACCCTGTCTGATGG,0,3393074
ssnAp,0.3333333333333333,2,2,GCAGCTCGGGGTTCATTAGA,0,3363076
ssnAp,0.3333333333333333,2,2,GCAGCTAAATTGTTAGGCAG,0,3393706
ssnAp,0.3333333333333333,2,2,GCAGACGTAACAGGTCTGGA,0,3381717
ssnAp,0.3333333333333333,2,2,GCACTGCGACAGAGGGCTTG,0,3378074
ssnAp,0.3333333333333333,2,2,GCACGGGATAGCGGCCACTT,0,3398213
ssnAp,0.3333333333333333,2,2,GCACGATATATCACTCAGAG,0,3365079
ssnAp,0.3333333333333333,2,2,GCACGAGGTGATTCACAACG,0,3377789
ssnAp,0.3333333333333333,2,2,GCACCTTGTATCTCATTTGG,0,3398754
ssnAp,0.3333333333333333,2,2,GCACCTGAAGACATATCGGC,0,3382143
ssnAp,0.3333333333333333,2,2,GCACCACACGGGCTGGGGCA,0,3398959
ssnAp,0.3333333333333333,2,2,GCACACGGTCCATGGGATCT,0,3396778
ssnAp,0.3333333333333333,2,2,GCACACCAGGAAAGTCGAGG,0,3397635
ssnAp,0.3333333333333333,2,2,GCAATGCCGCGAGAGTGGGG,0,3386881
ssnAp,0.3333333333333333,2,2,GCAAGTGGGTGAAGTCATGG,0,3367274
ssnAp,0.3333333333333333,2,2,GCAAGTCACAGGCCTGAGAA,0,3374309
ssnAp,0.3333333333333333,2,2,GCAAGGACATAACATGGGTT,0,3374945
ssnAp,0.3333333333333333,2,2,GCAAGAACTAGCGACTACCA,0,3363479
ssnAp,0.3333333333333333,2,2,GCAACTGTTGTATACTCGGC,0,3393897
ssnAp,0.3333333333333333,2,2,GCAACTGGGAACCCTGACGA,0,3389097
ssnAp,0.3333333333333333,2,2,GCAACGAGTTCATTGCTTCA,0,3383281
ssnAp,0.3333333333333333,2,2,GCAACCTCCGCTCGAACGGG,0,3394866
ssnAp,0.3333333333333333,2,2,GCAAATAGACGCCCGTTAAA,0,3378824
ssnAp,0.3333333333333333,2,2,GCAAAGGGGAGAATGCTTCT,0,3382769
ssnAp,0.3333333333333333,2,2,GATTTAGGGGGACGTCGCCA,0,3383791
ssnAp,0.3333333333333333,2,2,GATTGTATTGGGTCAAGCGG,0,3399508
ssnAp,0.3333333333333333,2,2,GATTGGCACATTATTTCCGA,0,3359912
ssnAp,0.3333333333333333,2,2,GATTCTTATGGCCGCAGCCG,0,3367934
ssnAp,0.3333333333333333,2,2,GATTATTGACATCAGTCGGC,0,3363333
ssnAp,0.3333333333333333,2,2,GATTAGCCGACCAAGTCAAA,0,3395475
ssnAp,0.3333333333333333,2,2,GATTACAGCTGTAGGTATGA,0,3386965
ssnAp,0.3333333333333333,2,2,GATTAAGGTTGGAGCATCGG,0,3380826
ssnAp,0.3333333333333333,2,2,GATGTCCACCAAGCCGTGCA,0,3362519
ssnAp,0.3333333333333333,2,2,GATGGTCGCGTCTTTTTTAT,0,3387954
ssnAp,0.3333333333333333,2,2,GATGGTCCTTCTACCGACGG,0,3383277
ssnAp,0.3333333333333333,2,2,GATGGCGGATACTTCTCTTG,0,3396254
ssnAp,0.3333333333333333,2,2,GATGGCCTAATCGATTTACC,0,3389747
ssnAp,0.3333333333333333,2,2,GATGGCCATGTTTTCAGAGT,0,3369978
ssnAp,0.3333333333333333,2,2,GATGGAGATATGGTCTCTAG,0,3385354
ssnAp,0.3333333333333333,2,2,GATGCGTCGCTACCACCGTT,0,3385454
ssnAp,0.3333333333333333,2,2,GATGAATCTGGGTGCGCTTG,0,3362197
ssnAp,0.3333333333333333,2,2,GATCTACTTTCCAGGCAATA,0,3398441
ssnAp,0.3333333333333333,2,2,GATCCTAACAGCATTTAAGT,0,3390268
ssnAp,0.3333333333333333,2,2,GATCCACACAGCGAAGGCCA,0,3385976
ssnAp,0.3333333333333333,2,2,GATCAGTCGACCGCACAGGT,0,3374842
ssnAp,0.3333333333333333,2,2,GATCAAATCTAAATATCGTA,0,3370462
ssnAp,0.3333333333333333,2,2,GATATCACAATCCTTGGGAG,0,3382747
ssnAp,0.3333333333333333,2,2,GATATACGATACAATTACCT,0,3392226
ssnAp,0.3333333333333333,2,2,GATAGATCTCGATTGTTGAA,0,3376688
ssnAp,0.3333333333333333,2,2,GATAACGTCGTAGTGAGTCA,0,3378307
ssnAp,0.3333333333333333,2,2,GAGTTCCCTGCACCGGGGGT,0,3393129
ssnAp,0.3333333333333333,2,2,GAGTTAGTCCCGTCATTTGC,0,3387401
ssnAp,0.3333333333333333,2,2,GAGTGCCCGGAGCCTGTGGG,0,3390510
ssnAp,0.3333333333333333,2,2,GAGTCTGAGTTCATAGGGGG,0,3395663
ssnAp,0.3333333333333333,2,2,GAGTCATCTGTGTGGCTATA,0,3361066
ssnAp,0.3333333333333333,2,2,GAGTATGCCACAAGCATGGT,0,3391059
ssnAp,0.3333333333333333,2,2,GAGTAGCCCCCGGAAGTAAT,0,3365982
ssnAp,0.3333333333333333,2,2,GAGTAGCATTTAGAGTGTTT,0,3386280
ssnAp,0.3333333333333333,2,2,GAGTACTTTTGGAGCTGAGT,0,3375293
ssnAp,0.3333333333333333,2,2,GAGTAAATAGTAAATTGAAA,0,3370461
ssnAp,0.3333333333333333,2,2,GAGGGTTCCAAGCAGAGCGT,0,3388122
ssnAp,0.3333333333333333,2,2,GAGGGGTCGTGCTCAGTCCA,0,3390796
ssnAp,0.3333333333333333,2,2,GAGGGGAACAATACCTTCTC,0,3384832
ssnAp,0.3333333333333333,2,2,GAGGCCACACTGGGAAAACT,0,3387427
ssnAp,0.3333333333333333,2,2,GAGGCATCTCACGGGGAGAA,0,3362188
ssnAp,0.3333333333333333,2,2,GAGGACAAGCCATGCCTATC,0,3365190
ssnAp,0.3333333333333333,2,2,GAGGAACGCCCTTGATGGGT,0,3400221
ssnAp,0.3333333333333333,2,2,GAGCTTACAAGTGATCGCGT,0,3362930
ssnAp,0.3333333333333333,2,2,GAGCTCGCCAGGTTGCATAT,0,3360599
ssnAp,0.3333333333333333,2,2,GAGCACAACGAATAACCCCC,0,3400173
ssnAp,0.3333333333333333,2,2,GAGAGGATTATGGATTTGTT,0,3375487
ssnAp,0.3333333333333333,2,2,GAGACTAGGTTAGTGGCATT,0,3387528
ssnAp,0.3333333333333333,2,2,GAGAACGGCACTAGACCCAG,0,3386868
ssnAp,0.3333333333333333,2,2,GACTTTCGGGTTGAATAAGA,0,3385103
ssnAp,0.3333333333333333,2,2,GACTTGAAGGGATTACCCCG,0,3386508
ssnAp,0.3333333333333333,2,2,GACTTCACAGACGCGTGATG,0,3370877
ssnAp,0.3333333333333333,2,2,GACTGTGAGTACTACCTGGT,0,3398882
ssnAp,0.3333333333333333,2,2,GACTGGTTGGATTAGTTCGA,0,3376502
ssnAp,0.3333333333333333,2,2,GACTGGGGGGTTTATGGTTC,0,3390465
ssnAp,0.3333333333333333,2,2,GACTGCAGATCGACAGGCTG,0,3387330
ssnAp,0.3333333333333333,2,2,GACTGATGAAAATAGGCAGT,0,3362874
ssnAp,0.3333333333333333,2,2,GACTGATATGAACTTGATAA,0,3399394
ssnAp,0.3333333333333333,2,2,GACTCGTTGTTTAGACGACG,0,3396160
ssnAp,0.3333333333333333,2,2,GACTCGAATCGCTCTAAAGA,0,3390190
ssnAp,0.3333333333333333,2,2,GACTAGGTCCTTTAATTAGA,0,3377194
ssnAp,0.3333333333333333,2,2,GACTACTGCGAGTTGTGTCA,0,3393671
ssnAp,0.3333333333333333,2,2,GACTACTCTTACATACTGTC,0,3389832
ssnAp,0.3333333333333333,2,2,GACGGGGTGTAGATATGATC,0,3362544
ssnAp,0.3333333333333333,2,2,GACGAGTGTTAGTACGAGGG,0,3360848
ssnAp,0.3333333333333333,2,2,GACGAAATTCTGATAGACGG,0,3375157
ssnAp,0.3333333333333333,2,2,GACGAAATCTTTGCGTCGGG,0,3381435
ssnAp,0.3333333333333333,2,2,GACCTTTTTGTGACCTGTAC,0,3389691
ssnAp,0.3333333333333333,2,2,GACCTGCGTAATCCACGGTG,0,3364917
ssnAp,0.3333333333333333,2,2,GACCCGGCCCCCTCTCATGT,0,3383180
ssnAp,0.3333333333333333,2,2,GACCCGAGCCTCCGGGCCAC,0,3397189
ssnAp,0.3333333333333333,2,2,GACATGGGCCGATTTGGCTA,0,3377251
ssnAp,0.3333333333333333,2,2,GACATAGACCTAGGTCTCGA,0,3375216
ssnAp,0.3333333333333333,2,2,GACAGGCCCAGTACAAGCGT,0,3369870
ssnAp,0.3333333333333333,2,2,GACAGCTGTTCCCCCCGTAC,0,3361728
ssnAp,0.3333333333333333,2,2,GACAGCTAAACAACACAGAC,0,3388039
ssnAp,0.3333333333333333,2,2,GACACTTTGTGGGAATTCCT,0,3385140
ssnAp,0.3333333333333333,2,2,GACAATCCAGAGTCTCATTC,0,3375435
ssnAp,0.3333333333333333,2,2,GACAATATGCCGGAGACTGC,0,3395016
ssnAp,0.3333333333333333,2,2,GACAAACGGTAGTGTCACTC,0,3384507
ssnAp,0.3333333333333333,2,2,GAATTCCTAGCTTGTACGTA,0,3397644
ssnAp,0.3333333333333333,2,2,GAATGTTATCTGGCCGGCCG,0,3359218
ssnAp,0.3333333333333333,2,2,GAATGTGACTCGAAGCTATC,0,3361550
ssnAp,0.3333333333333333,2,2,GAATGGGTGCGCTCGTGGAT,0,3390596
ssnAp,0.3333333333333333,2,2,GAATGGCGTATGTCGCATCG,0,3396309
ssnAp,0.3333333333333333,2,2,GAATGCGAGTATGTGAAGTC,0,3372249
ssnAp,0.3333333333333333,2,2,GAATCCGAGGTAGTTGGACA,0,3386432
ssnAp,0.3333333333333333,2,2,GAATAAAGTGTCAAACTTCT,0,3372605
ssnAp,0.3333333333333333,2,2,GAAGTGGCGGGTACCCTATG,0,3374705
ssnAp,0.3333333333333333,2,2,GAAGTGCTCCAGGATTTGGA,0,3391566
ssnAp,0.3333333333333333,2,2,GAAGTAGTATGAGGGCAACT,0,3382409
ssnAp,0.3333333333333333,2,2,GAAGGGCGGTACGACCTGTC,0,3366565
ssnAp,0.3333333333333333,2,2,GAAGGACAATGCACGTCGGG,0,3380026
ssnAp,0.3333333333333333,2,2,GAAGCTAACGGTAATGTTCG,0,3367939
ssnAp,0.3333333333333333,2,2,GAAGCGGCGGAGTTTTGGCA,0,3390962
ssnAp,0.3333333333333333,2,2,GAAGCACGAATTTTCGCACT,0,3402304
ssnAp,0.3333333333333333,2,2,GAAGAGAGCCCCGGTTAAAA,0,3361588
ssnAp,0.3333333333333333,2,2,GAACTTGCTAACATACCCGT,0,3396151
ssnAp,0.3333333333333333,2,2,GAACTCCATGATCAATCACA,0,3379715
ssnAp,0.3333333333333333,2,2,GAACGGGTCTCAAGGATTGG,0,3363643
ssnAp,0.3333333333333333,2,2,GAACGGACTCATTATCTAGC,0,3376245
ssnAp,0.3333333333333333,2,2,GAACCGGGGATTATACGACA,0,3387470
ssnAp,0.3333333333333333,2,2,GAACCGGAGCAACGGAACTA,0,3391181
ssnAp,0.3333333333333333,2,2,GAACCGACACGAAGAATCCT,0,3398191
ssnAp,0.3333333333333333,2,2,GAACAGTCATGCATGGGGCG,0,3394020
ssnAp,0.3333333333333333,2,2,GAACACAAGTCTTTATAACT,0,3378412
ssnAp,0.3333333333333333,2,2,GAACAACAAAGAACGGTTGA,0,3361098
ssnAp,0.3333333333333333,2,2,GAAAATAGGGTTCTTGAGAA,0,3394298
ssnAp,0.3333333333333333,2,2,CTTTTTAATTCATCGTCAGG,0,3376346
ssnAp,0.3333333333333333,2,2,CTTTTGTGAGATCGATGCTC,0,3385538
ssnAp,0.3333333333333333,2,2,CTTTTGGCATTATATTCCCT,0,3380256
ssnAp,0.3333333333333333,2,2,CTTTTGATTACTTATGATGT,0,3374270
ssnAp,0.3333333333333333,2,2,CTTTGGGCATGAGCTTGTGT,0,3364343
ssnAp,0.3333333333333333,2,2,CTTTCTTATTTTGCTGATAA,0,3401947
ssnAp,0.3333333333333333,2,2,CTTTCTATATCATATGGTTT,0,3363844
ssnAp,0.3333333333333333,2,2,CTTTAGACGTGTGAGGATGA,0,3394249
ssnAp,0.3333333333333333,2,2,CTTTACCGTGTCGGATAAAC,0,3387325
ssnAp,0.3333333333333333,2,2,CTTGTTCCGTATCCACCCTG,0,3380699
ssnAp,0.3333333333333333,2,2,CTTGGGTGGGCCAAATAGCT,0,3373444
ssnAp,0.3333333333333333,2,2,CTTGCGCCGATTGATAAGCC,0,3392337
ssnAp,0.3333333333333333,2,2,CTTGAGAGAATCCCTGCTAG,0,3381038
ssnAp,0.3333333333333333,2,2,CTTGACGGGACGGGGAGCAA,0,3363029
ssnAp,0.3333333333333333,2,2,CTTCTTGGGGTGCTCGTAGG,0,3396840
ssnAp,0.3333333333333333,2,2,CTTCTTGGAGTTCTAAATCC,0,3393339
ssnAp,0.3333333333333333,2,2,CTTCTAGGTGGAGGAGAGTC,0,3370347
ssnAp,0.3333333333333333,2,2,CTTCTAAAGTCGTATCGGTC,0,3364336
ssnAp,0.3333333333333333,2,2,CTTCGTTCGTTCGAGGAATA,0,3397705
ssnAp,0.3333333333333333,2,2,CTTCCTACATAGGCTACCTG,0,3386429
ssnAp,0.3333333333333333,2,2,CTTCCGTTATATGAAACGCG,0,3384231
ssnAp,0.3333333333333333,2,2,CTTCAGGACCTTATCAGGCA,0,3393859
ssnAp,0.3333333333333333,2,2,CTTCACACGGGAAGTGGTGT,0,3388489
ssnAp,0.3333333333333333,2,2,CTTATCAATATTCCTACGTA,0,3370593
ssnAp,0.3333333333333333,2,2,CTTAGTTTCAGGCTCGCGTA,0,3393730
ssnAp,0.3333333333333333,2,2,CTTAGTGTTACTCTCTTCTA,0,3360013
ssnAp,0.3333333333333333,2,2,CTTAGTGCTCCAACGTTTCG,0,3372723
ssnAp,0.3333333333333333,2,2,CTTAGAGAAAGGCTCAGACA,0,3385345
ssnAp,0.3333333333333333,2,2,CTTAGAATATTCCTCCGGTG,0,3402849
ssnAp,0.3333333333333333,2,2,CTTAGAAGTTCCGTGTGATT,0,3401547
ssnAp,0.3333333333333333,2,2,CTTAGAAATATTTCAGTTGA,0,3398186
ssnAp,0.3333333333333333,2,2,CTTACTACCAAGCTTGCCCG,0,3398957
ssnAp,0.3333333333333333,2,2,CTTAAAGCTCTCGCGATGAG,0,3380827
ssnAp,0.3333333333333333,2,2,CTGTTTTCGCCGGCTATACC,0,3369365
ssnAp,0.3333333333333333,2,2,CTGTTTGCTAATGAGTTCAC,0,3396571
ssnAp,0.3333333333333333,2,2,CTGTTGGGTATACTCATATT,0,3364304
ssnAp,0.3333333333333333,2,2,CTGTTCTACTGAGTCAGCGC,0,3390601
ssnAp,0.3333333333333333,2,2,CTGTGTGAGGATACTGGTGA,0,3387690
ssnAp,0.3333333333333333,2,2,CTGTATACTCATACGTTCTG,0,3378445
ssnAp,0.3333333333333333,2,2,CTGTACCCTAGGCGTTTGTG,0,3367567
ssnAp,0.3333333333333333,2,2,CTGTAACTGGATGTCTTCGT,0,3375813
ssnAp,0.3333333333333333,2,2,CTGGTTAGCTACGATGACAA,0,3384651
ssnAp,0.3333333333333333,2,2,CTGGTGAGGGACAGACTAGC,0,3388318
ssnAp,0.3333333333333333,2,2,CTGGTAGACGGGGGAATGCT,0,3382185
ssnAp,0.3333333333333333,2,2,CTGGGCACAGGACCCCCTGA,0,3366614
ssnAp,0.3333333333333333,2,2,CTGGCCGCTCAGGCAATTGC,0,3360497
ssnAp,0.3333333333333333,2,2,CTGGCCACTGTGCTCCAGTT,0,3385795
ssnAp,0.3333333333333333,2,2,CTGGCAATGTCGTGTTGGAG,0,3379151
ssnAp,0.3333333333333333,2,2,CTGGAGCGGCCTCGACAGTG,0,3394386
ssnAp,0.3333333333333333,2,2,CTGGACAAGGTATTGGACTT,0,3390405
ssnAp,0.3333333333333333,2,2,CTGCTCATAAGGTTGGGTAA,0,3401236
ssnAp,0.3333333333333333,2,2,CTGCGCATGGAGAGTGATCA,0,3372440
ssnAp,0.3333333333333333,2,2,CTGCGAAGGCCAACGTAGTC,0,3383855
ssnAp,0.3333333333333333,2,2,CTGCCGATTGCTAAATCGTA,0,3401687
ssnAp,0.3333333333333333,2,2,CTGCCCCCCTGGGGGTGTCA,0,3389099
ssnAp,0.3333333333333333,2,2,CTGCCAGGGCAAAACATTGG,0,3389508
ssnAp,0.3333333333333333,2,2,CTGATTGTGTGACTCAATAT,0,3393268
ssnAp,0.3333333333333333,2,2,CTGATTATGAACGTTTTGTG,0,3402382
ssnAp,0.3333333333333333,2,2,CTGATGTGGGAGTGGTCACA,0,3394823
ssnAp,0.3333333333333333,2,2,CTGATAGATCCCCATCCGTC,0,3383796
ssnAp,0.3333333333333333,2,2,CTGAGGGGTTTAAGTCACTT,0,3378304
ssnAp,0.3333333333333333,2,2,CTGAGCGGTTGGCCGATACT,0,3366902
ssnAp,0.3333333333333333,2,2,CTGACACGTCCCCCGCACGC,0,3394733
ssnAp,0.3333333333333333,2,2,CTCTGGCTAGGTTGGTCCTC,0,3394870
ssnAp,0.3333333333333333,2,2,CTCTGCTCTGGGAGGTTTTC,0,3393826
ssnAp,0.3333333333333333,2,2,CTCTGCCTCCGAGGCAATTG,0,3394372
ssnAp,0.3333333333333333,2,2,CTCTGATCGGAAGGCTAATT,0,3361293
ssnAp,0.3333333333333333,2,2,CTCTCTTCTGGAGTTTAAGT,0,3363623
ssnAp,0.3333333333333333,2,2,CTCTCCGACTTCTTAGCTTG,0,3375777
ssnAp,0.3333333333333333,2,2,CTCTCAGGAATGTCAGATAC,0,3372869
ssnAp,0.3333333333333333,2,2,CTCTAATTTATCTGTAGGCT,0,3402936
ssnAp,0.3333333333333333,2,2,CTCGTTGACTAGGCACGGCC,0,3365638
ssnAp,0.3333333333333333,2,2,CTCGTCGCTGTAATTAGCGG,0,3400410
ssnAp,0.3333333333333333,2,2,CTCGATGGTCACGGTTACGC,0,3398079
ssnAp,0.3333333333333333,2,2,CTCCTGTACATAATTATTGA,0,3373778
ssnAp,0.3333333333333333,2,2,CTCCGTGGTACGCGTGCGGT,0,3368056
ssnAp,0.3333333333333333,2,2,CTCCGAGACGCTCAGTTGGA,0,3360193
ssnAp,0.3333333333333333,2,2,CTCCCTTAGCACGCAATTAA,0,3373862
ssnAp,0.3333333333333333,2,2,CTCCCGCTATGCCGTGCTCT,0,3400397
ssnAp,0.3333333333333333,2,2,CTCAGTGCGAAAAGCATTAT,0,3397507
ssnAp,0.3333333333333333,2,2,CTCAGTCAAAAAGAAATTTC,0,3385416
ssnAp,0.3333333333333333,2,2,CTCAGCGCGGATCGAAAAGT,0,3361130
ssnAp,0.3333333333333333,2,2,CTCAATAAAGGTGGCATTGA,0,3361408
ssnAp,0.3333333333333333,2,2,CTATTTCGCCCTTCTTGTTC,0,3379239
ssnAp,0.3333333333333333,2,2,CTATTGCAACCACGTGGGCA,0,3378383
ssnAp,0.3333333333333333,2,2,CTATTGAATAACATAGGCGC,0,3397291
ssnAp,0.3333333333333333,2,2,CTATTAAAAGCGGGCCAGCA,0,3370476
ssnAp,0.3333333333333333,2,2,CTATGTCCCACGGTCTAAGC,0,3368746
ssnAp,0.3333333333333333,2,2,CTATCTTGTTCGGACAATCT,0,3373543
ssnAp,0.3333333333333333,2,2,CTATCGATTTCTTCCCTGCA,0,3370798
ssnAp,0.3333333333333333,2,2,CTATATGCGAGTTCCGTCAT,0,3399255
ssnAp,0.3333333333333333,2,2,CTATATACGAGGTCAAGAGC,0,3378110
ssnAp,0.3333333333333333,2,2,CTATAGTCGGCCCCAGCATC,0,3390311
ssnAp,0.3333333333333333,2,2,CTATACCCTTCCTAAACATA,0,3364373
ssnAp,0.3333333333333333,2,2,CTAGTGAGCTCGCTTAGAGG,0,3374147
ssnAp,0.3333333333333333,2,2,CTAGGTTCCGGAGGGACCAT,0,3402706
ssnAp,0.3333333333333333,2,2,CTAGGTCATGAAGGCTAACT,0,3383240
ssnAp,0.3333333333333333,2,2,CTAGGACTTTTGATGCACTC,0,3384125
ssnAp,0.3333333333333333,2,2,CTAGATACCAAACATGAGGA,0,3380198
ssnAp,0.3333333333333333,2,2,CTAGAGGGACGAGGTCTACC,0,3394084
ssnAp,0.3333333333333333,2,2,CTAGACGGTGGCTCTTGAAA,0,3393106
ssnAp,0.3333333333333333,2,2,CTACTTTACAGACAATACGA,0,3379064
ssnAp,0.3333333333333333,2,2,CTACTCAAGCAGTATGGGGA,0,3362518
ssnAp,0.3333333333333333,2,2,CTACAATTACTATGCGTCGT,0,3367930
ssnAp,0.3333333333333333,2,2,CTAAGTCAATTCAGAATATT,0,3371212
ssnAp,0.3333333333333333,2,2,CTAAGGCGTACTAAATTTAG,0,3378411
ssnAp,0.3333333333333333,2,2,CTAACAGAGCCACGAGGGTT,0,3393587
ssnAp,0.3333333333333333,2,2,CTAAATCTAATGGATATTCG,0,3376666
ssnAp,0.3333333333333333,2,2,CTAAAGCCTACGAGGGTTTG,0,3382086
ssnAp,0.3333333333333333,2,2,CTAAACGCACCAGGGACCGT,0,3382233
ssnAp,0.3333333333333333,2,2,CTAAAAGGTGCGTATAATGT,0,3381574
ssnAp,0.3333333333333333,2,2,CGTTTGTGAAGCTTCGGGAG,0,3399307
ssnAp,0.3333333333333333,2,2,CGTTTGGCCACTCCTACTTG,0,3368955
ssnAp,0.3333333333333333,2,2,CGTTTGGAGTCAAGGGATCG,0,3381698
ssnAp,0.3333333333333333,2,2,CGTTTGCGTCGGGGATGGTA,0,3367545
ssnAp,0.3333333333333333,2,2,CGTTTCCCAGGAGCCTCGAT,0,3379650
ssnAp,0.3333333333333333,2,2,CGTTTACGCTCAGACAGGAT,0,3400661
ssnAp,0.3333333333333333,2,2,CGTTGGGTCGCAGCGTCTTA,0,3373167
ssnAp,0.3333333333333333,2,2,CGTTCTAGAACATGGTTCGA,0,3363597
ssnAp,0.3333333333333333,2,2,CGTTATAATAATGATTGCGC,0,3360536
ssnAp,0.3333333333333333,2,2,CGTTACCAGAAACCCGTTAT,0,3395752
ssnAp,0.3333333333333333,2,2,CGTTAAACGTGACGCTTTTA,0,3385209
ssnAp,0.3333333333333333,2,2,CGTTAAAAAGACATCTCCCC,0,3383098
ssnAp,0.3333333333333333,2,2,CGTGTGTGTGCCTATACCGT,0,3388520
ssnAp,0.3333333333333333,2,2,CGTGGGCAACTTCAGCAGCA,0,3384168
ssnAp,0.3333333333333333,2,2,CGTGGGAGTATCTAGCGGAT,0,3365754
ssnAp,0.3333333333333333,2,2,CGTGGAGGCATATTGCCAGA,0,3382483
ssnAp,0.3333333333333333,2,2,CGTGAACAATACTTGCCAAC,0,3374633
ssnAp,0.3333333333333333,2,2,CGTCTTGGGCTACTTCGGCA,0,3360082
ssnAp,0.3333333333333333,2,2,CGTCTCCCAACTGTGGAAAA,0,3387594
ssnAp,0.3333333333333333,2,2,CGTCTACGGGCTATATCGCG,0,3390281
ssnAp,0.3333333333333333,2,2,CGTCGTTGGGGTCTAGAGTA,0,3399468
ssnAp,0.3333333333333333,2,2,CGTCGGCAAGGGCCGGCTCC,0,3402435
ssnAp,0.3333333333333333,2,2,CGTCGGAGGCATGGGTGCCA,0,3384868
ssnAp,0.3333333333333333,2,2,CGTCGCCCGTATTACTGCAT,0,3371479
ssnAp,0.3333333333333333,2,2,CGTCCTTTTTCGGCAATTGT,0,3382018
ssnAp,0.3333333333333333,2,2,CGTCCGGGTCCATCCCTAGT,0,3372406
ssnAp,0.3333333333333333,2,2,CGTCAGTTGGTCCTAGATGT,0,3393985
ssnAp,0.3333333333333333,2,2,CGTCAGAGCAGCTAATCGAT,0,3361748
ssnAp,0.3333333333333333,2,2,CGTCACTTTGTTGGCGCGGG,0,3368000
ssnAp,0.3333333333333333,2,2,CGTCACCGCAGCGGAACAGC,0,3397256
ssnAp,0.3333333333333333,2,2,CGTCACATTGGGAGCGAATT,0,3363446
ssnAp,0.3333333333333333,2,2,CGTATATATGTCTTACAGAT,0,3360606
ssnAp,0.3333333333333333,2,2,CGTATACGCGCGAGCTGTCT,0,3391949
ssnAp,0.3333333333333333,2,2,CGTATAAGGTAATGCAATAT,0,3363447
ssnAp,0.3333333333333333,2,2,CGTAGTCGTGTAGAGCCGAT,0,3394969
ssnAp,0.3333333333333333,2,2,CGTAGTCCGAGCGCCCGGAG,0,3369436
ssnAp,0.3333333333333333,2,2,CGTAGCCTTAGAGACAATAG,0,3373220
ssnAp,0.3333333333333333,2,2,CGTACTTTGGTGCTTCTTCC,0,3390613
ssnAp,0.3333333333333333,2,2,CGTACGAATGCGTAAACATA,0,3369626
ssnAp,0.3333333333333333,2,2,CGTACCGTAGCCGTGTAGTT,0,3385698
ssnAp,0.3333333333333333,2,2,CGTAATGGCGGAATATAGTA,0,3381736
ssnAp,0.3333333333333333,2,2,CGTAATACTGGGGCCGGGGT,0,3374426
ssnAp,0.3333333333333333,2,2,CGTAAGAAAGGGAAGTGTGT,0,3380336
ssnAp,0.3333333333333333,2,2,CGGTTTGTTACACCCAACTG,0,3383374
ssnAp,0.3333333333333333,2,2,CGGTTTATAACGTATGATGT,0,3392697
ssnAp,0.3333333333333333,2,2,CGGTTGAGCAGCGTGCGGTC,0,3359788
ssnAp,0.3333333333333333,2,2,CGGTTCCAGGTCCAGAGCAG,0,3397682
ssnAp,0.3333333333333333,2,2,CGGTGAAAGTCTCCGTATTC,0,3361685
ssnAp,0.3333333333333333,2,2,CGGTCACTGACACGGCAACC,0,3365635
ssnAp,0.3333333333333333,2,2,CGGTACGGCGGGAACGAGGA,0,3363028
ssnAp,0.3333333333333333,2,2,CGGTAATGCTATTAGTCTGA,0,3365454
ssnAp,0.3333333333333333,2,2,CGGGTTCAGTCATTCGTGGG,0,3377282
ssnAp,0.3333333333333333,2,2,CGGGTGATGTGTCAATATCA,0,3389453
ssnAp,0.3333333333333333,2,2,CGGGTATTATCCAACAAGGA,0,3375554
ssnAp,0.3333333333333333,2,2,CGGGTACTCAGCCTAGCATA,0,3398054
ssnAp,0.3333333333333333,2,2,CGGGGTGATTATGATGCTTA,0,3385593
ssnAp,0.3333333333333333,2,2,CGGGGGTTGGCTAATATATA,0,3369196
ssnAp,0.3333333333333333,2,2,CGGGGGTACCACTCCAATCC,0,3367517
ssnAp,0.3333333333333333,2,2,CGGGGAGAGATCCGAAAGGT,0,3366899
ssnAp,0.3333333333333333,2,2,CGGGCGGTTCCAGCATGCCT,0,3387677
ssnAp,0.3333333333333333,2,2,CGGGATATCTCTATGGGACC,0,3374638
ssnAp,0.3333333333333333,2,2,CGGGATAGGAGGAGGAGAGT,0,3372311
ssnAp,0.3333333333333333,2,2,CGGGATAGAGGGACGATACA,0,3387507
ssnAp,0.3333333333333333,2,2,CGGCGGTTCCACTGAATCGC,0,3391108
ssnAp,0.3333333333333333,2,2,CGGCGGGCCAAGGATACTTT,0,3396051
ssnAp,0.3333333333333333,2,2,CGGCGCAGTGTAGCGGCTCA,0,3373798
ssnAp,0.3333333333333333,2,2,CGGCCTACAATCGAGATTTC,0,3388016
ssnAp,0.3333333333333333,2,2,CGGCCCGGCCACGGGACAAA,0,3362251
ssnAp,0.3333333333333333,2,2,CGGCCCACGCTCGCGTTGAG,0,3394443
ssnAp,0.3333333333333333,2,2,CGGCCATTGCAGTAACGACT,0,3363954
ssnAp,0.3333333333333333,2,2,CGGCATTGCCCTGAGAACGA,0,3399968
ssnAp,0.3333333333333333,2,2,CGGATGCTAGTAGTCAATCT,0,3369161
ssnAp,0.3333333333333333,2,2,CGGATCCTAAGCATACCCGG,0,3401526
ssnAp,0.3333333333333333,2,2,CGGATCCAGGCGCAAACGCT,0,3398165
ssnAp,0.3333333333333333,2,2,CGGACGAGGAGCTGCTCGGC,0,3367923
ssnAp,0.3333333333333333,2,2,CGCTTTGAATTCGGCTCAAT,0,3399515
ssnAp,0.3333333333333333,2,2,CGCTTGGTCACCAATCTACG,0,3390264
ssnAp,0.3333333333333333,2,2,CGCTTCCATGTTGTGTGGAT,0,3371712
ssnAp,0.3333333333333333,2,2,CGCTTCCACTGCGAGTTTTT,0,3379053
ssnAp,0.3333333333333333,2,2,CGCTGTATTACTATCATTCA,0,3367814
ssnAp,0.3333333333333333,2,2,CGCTGATGTAGTCTGCATAA,0,3398016
ssnAp,0.3333333333333333,2,2,CGCTGATGGTCTACGAGTGA,0,3367805
ssnAp,0.3333333333333333,2,2,CGCTGAAACGTAACAAGACC,0,3379643
ssnAp,0.3333333333333333,2,2,CGCTCTTGTCTGTGAGACAC,0,3368934
ssnAp,0.3333333333333333,2,2,CGCTCGCACCTATCTCGGCA,0,3373267
ssnAp,0.3333333333333333,2,2,CGCTCCTGCACTCGTTTGAA,0,3365587
ssnAp,0.3333333333333333,2,2,CGCTCCATCATAGTGTGGGG,0,3379223
ssnAp,0.3333333333333333,2,2,CGCTAGACATGTACACTATG,0,3394094
ssnAp,0.3333333333333333,2,2,CGCTAAGCCCTAAAACTGAG,0,3378340
ssnAp,0.3333333333333333,2,2,CGCGTACCAAGAATTTGCGG,0,3384130
ssnAp,0.3333333333333333,2,2,CGCGGGGGACGCACTCTCGA,0,3392022
ssnAp,0.3333333333333333,2,2,CGCGGAGCATATGCAAACTG,0,3365690
ssnAp,0.3333333333333333,2,2,CGCGCCTCGGAGCTACTGCA,0,3390020
ssnAp,0.3333333333333333,2,2,CGCGCCACCGTGATGATGGT,0,3382786
ssnAp,0.3333333333333333,2,2,CGCGAGTACGTCAATAGGTA,0,3384020
ssnAp,0.3333333333333333,2,2,CGCGAATTAGGGCTCGGAAT,0,3362577
ssnAp,0.3333333333333333,2,2,CGCCGGGTCATTTATTGGGA,0,3383119
ssnAp,0.3333333333333333,2,2,CGCCATCGCCGGATCGACTA,0,3359973
ssnAp,0.3333333333333333,2,2,CGCCATACGATTAGGCGTCT,0,3369169
ssnAp,0.3333333333333333,2,2,CGCATGCCGTGCTGTACTAA,0,3399124
ssnAp,0.3333333333333333,2,2,CGCAGCGCTATCTGTTGCGA,0,3385301
ssnAp,0.3333333333333333,2,2,CGCAGAGATCAGCGGGGATT,0,3380494
ssnAp,0.3333333333333333,2,2,CGCACTCTCGGCGCTATTCT,0,3360883
ssnAp,0.3333333333333333,2,2,CGCACGTATCCTGAAGACAC,0,3364442
ssnAp,0.3333333333333333,2,2,CGCACCGTTAGCATTGATGC,0,3390503
ssnAp,0.3333333333333333,2,2,CGCAACCGTGGGACGGTCGC,0,3382403
ssnAp,0.3333333333333333,2,2,CGCAAAATCGATGATCTGTT,0,3360978
ssnAp,0.3333333333333333,2,2,CGATTTTTACATTGGTTACT,0,3365296
ssnAp,0.3333333333333333,2,2,CGATTTGTGTGTGAAGAATG,0,3402903
ssnAp,0.3333333333333333,2,2,CGATGTAGCTAAACCTCAAC,0,3363435
ssnAp,0.3333333333333333,2,2,CGATGAATGGACTTTGACAT,0,3397317
ssnAp,0.3333333333333333,2,2,CGATCGGCTTCCTTATCGAG,0,3397978
ssnAp,0.3333333333333333,2,2,CGATCGACTTGGACGCGAAT,0,3394920
ssnAp,0.3333333333333333,2,2,CGATCCACTGTAATCGGCAA,0,3377613
ssnAp,0.3333333333333333,2,2,CGATCATTAGAAGGGTCCTC,0,3371633
ssnAp,0.3333333333333333,2,2,CGATAGGTAGTCTGGGAGTA,0,3392542
ssnAp,0.3333333333333333,2,2,CGAGTAGCCCCGTTAATACA,0,3365895
ssnAp,0.3333333333333333,2,2,CGAGGTCATTTCATTGTGTC,0,3374223
ssnAp,0.3333333333333333,2,2,CGAGGGTAATCTTGAAAAGC,0,3380039
ssnAp,0.3333333333333333,2,2,CGAGCTAAGGGACTATTTAG,0,3377950
ssnAp,0.3333333333333333,2,2,CGAGAAGTTCTCATCAAGAG,0,3375595
ssnAp,0.3333333333333333,2,2,CGACGTGTGTTACCTATCGT,0,3363242
ssnAp,0.3333333333333333,2,2,CGACGCGAGAATCCCCGCTT,0,3397778
ssnAp,0.3333333333333333,2,2,CGACATGTCAGGACAGGCTG,0,3372867
ssnAp,0.3333333333333333,2,2,CGACATCCGCCCCAATATAG,0,3376131
ssnAp,0.3333333333333333,2,2,CGACAGTATATTCGAGGTAC,0,3400339
ssnAp,0.3333333333333333,2,2,CGACAGCGAGCACAACGGTG,0,3397343
ssnAp,0.3333333333333333,2,2,CGAATGCTCAGCCTGTGTGT,0,3360148
ssnAp,0.3333333333333333,2,2,CGAATCAAGGGATGAGTTAG,0,3366385
ssnAp,0.3333333333333333,2,2,CGAATATCCTCATTTCATAG,0,3364212
ssnAp,0.3333333333333333,2,2,CGAAGGGTCATCCTGTTTAC,0,3395738
ssnAp,0.3333333333333333,2,2,CGAAGGGAGGCGCACCTCGG,0,3390825
ssnAp,0.3333333333333333,2,2,CGAAGGAGATATTGGCGTAT,0,3361642
ssnAp,0.3333333333333333,2,2,CGAAGCGGTCAGAGGGGCCA,0,3360392
ssnAp,0.3333333333333333,2,2,CGAAGCCAGCGTATGGGACA,0,3385552
ssnAp,0.3333333333333333,2,2,CGAACAAATAATTGGGAAGT,0,3368709
ssnAp,0.3333333333333333,2,2,CGAAATGCGGGGTGGCGTAC,0,3384731
ssnAp,0.3333333333333333,2,2,CCTTTGCATTTAGGAAGCTG,0,3370811
ssnAp,0.3333333333333333,2,2,CCTTTCCTAGTCAGGATCGC,0,3366334
ssnAp,0.3333333333333333,2,2,CCTTGTCTGTCAGCTGGGGC,0,3369847
ssnAp,0.3333333333333333,2,2,CCTTCTCACCCTAAGCTTTG,0,3385808
ssnAp,0.3333333333333333,2,2,CCTTAGCGTGTTTCACACCT,0,3388594
ssnAp,0.3333333333333333,2,2,CCTTACTTATTCTTAAGTGT,0,3376256
ssnAp,0.3333333333333333,2,2,CCTTACCTCTGGAACGCTTA,0,3364683
ssnAp,0.3333333333333333,2,2,CCTTACATGGACGTGTATAG,0,3370104
ssnAp,0.3333333333333333,2,2,CCTGTTTTGGTCTATTCTGT,0,3395961
ssnAp,0.3333333333333333,2,2,CCTGGCACTGTAACGGCCCC,0,3380948
ssnAp,0.3333333333333333,2,2,CCTGGATCTACAATTCTCTC,0,3383170
ssnAp,0.3333333333333333,2,2,CCTGGAATGCTCCCCCAGCA,0,3369137
ssnAp,0.3333333333333333,2,2,CCTGCGAATTATCTGAGTGC,0,3384574
ssnAp,0.3333333333333333,2,2,CCTGCCGAATACCATGGTCC,0,3380036
ssnAp,0.3333333333333333,2,2,CCTCTCCTCTGTGGGGACAC,0,3402115
ssnAp,0.3333333333333333,2,2,CCTCGTGACTCTTACTCGAA,0,3390482
ssnAp,0.3333333333333333,2,2,CCTCGGGGTGACTGGCGTGT,0,3384753
ssnAp,0.3333333333333333,2,2,CCTCGCGTCGTAGATGATTT,0,3379138
ssnAp,0.3333333333333333,2,2,CCTCCGGAGGGTGTCAGTAT,0,3382517
ssnAp,0.3333333333333333,2,2,CCTCCAGTGTTCCGAACGCA,0,3368781
ssnAp,0.3333333333333333,2,2,CCTCAGATTACCAAGGATGA,0,3379162
ssnAp,0.3333333333333333,2,2,CCTAGGTGGCAGGCAAGTAC,0,3363986
ssnAp,0.3333333333333333,2,2,CCTAGGACTAGATCCCGTTA,0,3399544
ssnAp,0.3333333333333333,2,2,CCTACATTAGCAACTATTAG,0,3394977
ssnAp,0.3333333333333333,2,2,CCTACACTGTTGTGTGAAAC,0,3377159
ssnAp,0.3333333333333333,2,2,CCTACAACCCGGACTGAGAA,0,3400105
ssnAp,0.3333333333333333,2,2,CCGTTTGATCGGAACAGCCT,0,3387817
ssnAp,0.3333333333333333,2,2,CCGTTGGCCTTCACGCGTTT,0,3378310
ssnAp,0.3333333333333333,2,2,CCGTGTAAGTCGTTAACTGT,0,3373429
ssnAp,0.3333333333333333,2,2,CCGTCTAAGATGCGTTTAAG,0,3386189
ssnAp,0.3333333333333333,2,2,CCGTCCCTACCAGTGTGCTC,0,3387042
ssnAp,0.3333333333333333,2,2,CCGTAGTGCACAAGCGTCGT,0,3371873
ssnAp,0.3333333333333333,2,2,CCGTACGGTAGGAAGACATC,0,3389111
ssnAp,0.3333333333333333,2,2,CCGTAACGGTTTGTGCACAG,0,3401577
ssnAp,0.3333333333333333,2,2,CCGTAACACTACGCGCCCCT,0,3396644
ssnAp,0.3333333333333333,2,2,CCGGTTTCTTGCATGAAGTA,0,3373651
ssnAp,0.3333333333333333,2,2,CCGGTGATGCCAATATGACA,0,3361928
ssnAp,0.3333333333333333,2,2,CCGGTAGTGGAGGACAAAAC,0,3359241
ssnAp,0.3333333333333333,2,2,CCGGTAGATTAGCGGATGGT,0,3380946
ssnAp,0.3333333333333333,2,2,CCGGGTTGGCTAGCACACAT,0,3388976
ssnAp,0.3333333333333333,2,2,CCGGGCAATATCGGTCCGTC,0,3381935
ssnAp,0.3333333333333333,2,2,CCGGCTGGGAACGTTCAACA,0,3387955
ssnAp,0.3333333333333333,2,2,CCGGAAGGGTATCTGCCAGA,0,3378611
ssnAp,0.3333333333333333,2,2,CCGCTCAGTGAGCAAGGATT,0,3389168
ssnAp,0.3333333333333333,2,2,CCGCGTAAGCTATGCCGTGA,0,3392550
ssnAp,0.3333333333333333,2,2,CCGCGAGACTATACTGTGGA,0,3364481
ssnAp,0.3333333333333333,2,2,CCGCGAATTACAGTTGAAAA,0,3364695
ssnAp,0.3333333333333333,2,2,CCGCCGCGTGGAGGATGTAC,0,3381178
ssnAp,0.3333333333333333,2,2,CCGCCGATTTCAGGGTGAGT,0,3363094
ssnAp,0.3333333333333333,2,2,CCGCCCTGGGGTGAATATAG,0,3399516
ssnAp,0.3333333333333333,2,2,CCGCAGAAGTGGCGAAGACC,0,3387370
ssnAp,0.3333333333333333,2,2,CCGATCGTGTCGCTTTAGGG,0,3391073
ssnAp,0.3333333333333333,2,2,CCGATATCATGTATCGTTCA,0,3366618
ssnAp,0.3333333333333333,2,2,CCGATACGCTCAGAGGAGTA,0,3369005
ssnAp,0.3333333333333333,2,2,CCGAGCCCAACTCTTATATG,0,3390314
ssnAp,0.3333333333333333,2,2,CCGAGATGTTTCATTAGGAA,0,3386133
ssnAp,0.3333333333333333,2,2,CCGACTGTCGAATCCAGGTA,0,3367480
ssnAp,0.3333333333333333,2,2,CCGAACCGGTGCCGAACTGT,0,3367851
ssnAp,0.3333333333333333,2,2,CCGAAAGGATGGAGGTCGGG,0,3366959
ssnAp,0.3333333333333333,2,2,CCCTTTGGTTAAGCGCCACG,0,3377096
ssnAp,0.3333333333333333,2,2,CCCTTTAGACCTGGCCGAAC,0,3370205
ssnAp,0.3333333333333333,2,2,CCCTTGATGAAGAAACAGCT,0,3372656
ssnAp,0.3333333333333333,2,2,CCCTTCCTGGATCTCAGGCA,0,3396698
ssnAp,0.3333333333333333,2,2,CCCTTCCTCTTCTTAGACTC,0,3391163
ssnAp,0.3333333333333333,2,2,CCCTTATCACTTCGTGATCG,0,3386249
ssnAp,0.3333333333333333,2,2,CCCTCTCAACGCCTAGCGTT,0,3391787
ssnAp,0.3333333333333333,2,2,CCCTACGCACGCGTAGATGC,0,3399329
ssnAp,0.3333333333333333,2,2,CCCGTTGGACTCACGACCTT,0,3390807
ssnAp,0.3333333333333333,2,2,CCCGTTCCCAAAGTTACCAG,0,3386804
ssnAp,0.3333333333333333,2,2,CCCGTTATGTGGGATGGAAA,0,3388679
ssnAp,0.3333333333333333,2,2,CCCGGTGCCAGCCCCTTTCG,0,3363882
ssnAp,0.3333333333333333,2,2,CCCGGGCACGGTTCTTTACG,0,3372029
ssnAp,0.3333333333333333,2,2,CCCGCGTCGAGGAATATCAC,0,3387161
ssnAp,0.3333333333333333,2,2,CCCGCAATCTTCACCGAGCG,0,3370511
ssnAp,0.3333333333333333,2,2,CCCGATGGTTCGATAATTCT,0,3379163
ssnAp,0.3333333333333333,2,2,CCCGAGGGTATCGGTTTTGA,0,3373440
ssnAp,0.3333333333333333,2,2,CCCGAGCCCACCCGGGAAGC,0,3383106
ssnAp,0.3333333333333333,2,2,CCCGAGAAGGCACCATTAAC,0,3373765
ssnAp,0.3333333333333333,2,2,CCCGACCGCTCTATAACGAG,0,3372984
ssnAp,0.3333333333333333,2,2,CCCCGTCCAAACGCCAGTAT,0,3364279
ssnAp,0.3333333333333333,2,2,CCCCGCCTGATTCCGTCGCC,0,3363180
ssnAp,0.3333333333333333,2,2,CCCCGAGATATCAGCATTCA,0,3385050
ssnAp,0.3333333333333333,2,2,CCCCGAAGGTGCGCAATACT,0,3402559
ssnAp,0.3333333333333333,2,2,CCCCCTGGGACTTCCGCCAG,0,3396968
ssnAp,0.3333333333333333,2,2,CCCCCTACCATCTAAGCGCG,0,3376099
ssnAp,0.3333333333333333,2,2,CCCCCCTTAGTGTTACGTCA,0,3363179
ssnAp,0.3333333333333333,2,2,CCCCCCCAGAACCCCGGCCC,0,3385376
ssnAp,0.3333333333333333,2,2,CCCCACACTGGGGTCCGGCG,0,3388503
ssnAp,0.3333333333333333,2,2,CCCAGTCGGGGGCGGGATAT,0,3372081
ssnAp,0.3333333333333333,2,2,CCCACCACTCCTGTCACTAA,0,3362266
ssnAp,0.3333333333333333,2,2,CCCACAACACCGCGTAAGGG,0,3381910
ssnAp,0.3333333333333333,2,2,CCCAATATACAGGCTTGTTA,0,3383169
ssnAp,0.3333333333333333,2,2,CCATTTTTGCTCGGGAGGTA,0,3369288
ssnAp,0.3333333333333333,2,2,CCATTGCCTAATATCGCAGA,0,3367826
ssnAp,0.3333333333333333,2,2,CCATTGCCAGTACGCCTTTA,0,3371163
ssnAp,0.3333333333333333,2,2,CCATTGCAGTCCGTCATAAG,0,3382845
ssnAp,0.3333333333333333,2,2,CCATTGACGAATGGTCGCTC,0,3389736
ssnAp,0.3333333333333333,2,2,CCATTAAACTTATGGCATAA,0,3390035
ssnAp,0.3333333333333333,2,2,CCATGGGCCAAACCTTGGCA,0,3367284
ssnAp,0.3333333333333333,2,2,CCATGGCCTATGTAATCTGC,0,3395835
ssnAp,0.3333333333333333,2,2,CCATGCCTTGTTTATAGCAT,0,3363732
ssnAp,0.3333333333333333,2,2,CCATGACTGAGGCACGGCAT,0,3402079
ssnAp,0.3333333333333333,2,2,CCATCCGGCCTACGGGCGTG,0,3393936
ssnAp,0.3333333333333333,2,2,CCATCCACTTGGTTCCCCAC,0,3393629
ssnAp,0.3333333333333333,2,2,CCATAACGTGTGAAGGATGC,0,3385281
ssnAp,0.3333333333333333,2,2,CCAGTTGTTTGGGGTTTATG,0,3389052
ssnAp,0.3333333333333333,2,2,CCAGTTAAAAACGGGAGGTA,0,3389587
ssnAp,0.3333333333333333,2,2,CCAGTGAAGGGTAGTTTCGC,0,3395188
ssnAp,0.3333333333333333,2,2,CCAGTATGATTAACACCTCA,0,3399607
ssnAp,0.3333333333333333,2,2,CCAGGGGGCGGCAGCTTCCA,0,3372896
ssnAp,0.3333333333333333,2,2,CCAGGGAGCCGACATAGTGC,0,3393469
ssnAp,0.3333333333333333,2,2,CCAGATGTTCGACTAGCAAC,0,3394510
ssnAp,0.3333333333333333,2,2,CCAGACGCCAGGATCTTTAA,0,3381945
ssnAp,0.3333333333333333,2,2,CCACTATGAAGCCAGATTCG,0,3380572
ssnAp,0.3333333333333333,2,2,CCACGTGTGCTGGGCCGTAG,0,3398493
ssnAp,0.3333333333333333,2,2,CCACGACCACGACTCGTCTT,0,3359879
ssnAp,0.3333333333333333,2,2,CCACCTGGATACCACCTCCT,0,3398648
ssnAp,0.3333333333333333,2,2,CCACCTACGCTAACGTTGAT,0,3374045
ssnAp,0.3333333333333333,2,2,CCACATAACACTAACCATGG,0,3366583
ssnAp,0.3333333333333333,2,2,CCACATAAATAATACAGCTA,0,3361798
ssnAp,0.3333333333333333,2,2,CCACACGTGTAGGGACTGGG,0,3382892
ssnAp,0.3333333333333333,2,2,CCAATAGCTAAATTTTTAAC,0,3367066
ssnAp,0.3333333333333333,2,2,CCAAGTTCGGTCCAGACGCA,0,3382429
ssnAp,0.3333333333333333,2,2,CCAAGTCAGCCATTAGGTTC,0,3400123
ssnAp,0.3333333333333333,2,2,CCAAGGTGCAATTCTCCCGT,0,3376161
ssnAp,0.3333333333333333,2,2,CCAAGGTGATTAAGATGAGA,0,3385966
ssnAp,0.3333333333333333,2,2,CCAAGGGCTAATACGCAGTT,0,3367653
ssnAp,0.3333333333333333,2,2,CCAAGGCGTTCAGTAGGCTC,0,3389002
ssnAp,0.3333333333333333,2,2,CCAAGCCGTCGTTAAAATCG,0,3365678
ssnAp,0.3333333333333333,2,2,CCAACTCATTTGATCACTAT,0,3399660
ssnAp,0.3333333333333333,2,2,CCAAACAGTGCACGCGATGC,0,3365718
ssnAp,0.3333333333333333,2,2,CATTTGCTCATGCGTTGAGC,0,3389500
ssnAp,0.3333333333333333,2,2,CATTGGTAGTTGGAGAAAGA,0,3384460
ssnAp,0.3333333333333333,2,2,CATTGATGTGAGGCTCGGTG,0,3385964
ssnAp,0.3333333333333333,2,2,CATTGAAACAATCTCAAGGC,0,3380708
ssnAp,0.3333333333333333,2,2,CATTCGTTGGCGATCTAGAT,0,3372663
ssnAp,0.3333333333333333,2,2,CATTCCTGCTCGTGGCCAGA,0,3364701
ssnAp,0.3333333333333333,2,2,CATTATGAGGTACGAAGGCA,0,3382576
ssnAp,0.3333333333333333,2,2,CATTACGCGATCATATCTGT,0,3390645
ssnAp,0.3333333333333333,2,2,CATGGGAGTCGCCGTGGACA,0,3380971
ssnAp,0.3333333333333333,2,2,CATGGAAGGCGCAGCTGTTT,0,3391912
ssnAp,0.3333333333333333,2,2,CATGATGGCCCTAATACGTC,0,3389585
ssnAp,0.3333333333333333,2,2,CATGAGTGGAGACACGCACA,0,3376779
ssnAp,0.3333333333333333,2,2,CATCTTTCCAAAGCATCGGT,0,3364832
ssnAp,0.3333333333333333,2,2,CATCTAGAAGTCGTATGTGG,0,3379385
ssnAp,0.3333333333333333,2,2,CATCGACCGCTTATACTCCT,0,3401517
ssnAp,0.3333333333333333,2,2,CATCGAAGCGGAGAGGGATT,0,3386637
ssnAp,0.3333333333333333,2,2,CATCCGAGCCATTCTGGAGC,0,3375644
ssnAp,0.3333333333333333,2,2,CATCCGACCCTTTGATAGAA,0,3398618
ssnAp,0.3333333333333333,2,2,CATCCCGATAACGTGGCGAC,0,3371278
ssnAp,0.3333333333333333,2,2,CATCATACGTTGTAGAGGTC,0,3387328
ssnAp,0.3333333333333333,2,2,CATCATAAGCCGCTAATGCA,0,3381251
ssnAp,0.3333333333333333,2,2,CATCAACTGCTGTCGGCACA,0,3371527
ssnAp,0.3333333333333333,2,2,CATAGTGGAATCAAAGTCGG,0,3375485
ssnAp,0.3333333333333333,2,2,CATACTGGTGGTCCACGCCT,0,3370286
ssnAp,0.3333333333333333,2,2,CATACCTATTGTATGTCCTG,0,3393273
ssnAp,0.3333333333333333,2,2,CATAACCTACTACCAGCGAG,0,3383003
ssnAp,0.3333333333333333,2,2,CAGTTGTTCCCGCAGCACAT,0,3388082
ssnAp,0.3333333333333333,2,2,CAGTTGGTTTCGGTGTGGCG,0,3373828
ssnAp,0.3333333333333333,2,2,CAGTTAGAGCTTGTAGCTCG,0,3364780
ssnAp,0.3333333333333333,2,2,CAGTCTCTTTCGCTGCATCA,0,3381581
ssnAp,0.3333333333333333,2,2,CAGTAGTGCGCACATTGCTA,0,3393858
ssnAp,0.3333333333333333,2,2,CAGTACTGCGTCTTTGAATC,0,3394814
ssnAp,0.3333333333333333,2,2,CAGGTTTCGCTTCTCGAGTT,0,3389257
ssnAp,0.3333333333333333,2,2,CAGGTACATCTTAGGCAGAC,0,3387190
ssnAp,0.3333333333333333,2,2,CAGGGTCCACTACTCAGGAG,0,3379943
ssnAp,0.3333333333333333,2,2,CAGGCTTCCTTATGGATGGC,0,3388772
ssnAp,0.3333333333333333,2,2,CAGGAACAGGGGAGCTGTGC,0,3361864
ssnAp,0.3333333333333333,2,2,CAGCTTCGCTTTCTCAAAGG,0,3370644
ssnAp,0.3333333333333333,2,2,CAGCTGATCCCCGCGTAACC,0,3378401
ssnAp,0.3333333333333333,2,2,CAGCGGGCGGTTGACGATCA,0,3373582
ssnAp,0.3333333333333333,2,2,CAGCGCTCGTTCAGGAAATG,0,3386103
ssnAp,0.3333333333333333,2,2,CAGCGACGGCCCAGGTACTG,0,3373960
ssnAp,0.3333333333333333,2,2,CAGCGAAACCCCCTGTTGGC,0,3366180
ssnAp,0.3333333333333333,2,2,CAGCATATCACTCCCCACAA,0,3376447
ssnAp,0.3333333333333333,2,2,CAGCAAGTCTTCGTGGGGTT,0,3399682
ssnAp,0.3333333333333333,2,2,CAGAGATGAACGCGCCGGCA,0,3370589
ssnAp,0.3333333333333333,2,2,CAGAAAACGTTTCGTGCCGT,0,3359537
ssnAp,0.3333333333333333,2,2,CACTTGTCGTCATTTCTGTC,0,3393353
ssnAp,0.3333333333333333,2,2,CACTTGATTAAAAAGTTATG,0,3379622
ssnAp,0.3333333333333333,2,2,CACTGTTATGGTTCAGGTCT,0,3368461
ssnAp,0.3333333333333333,2,2,CACTGGCTCTCTAGCGTCCA,0,3381651
ssnAp,0.3333333333333333,2,2,CACTGGAGTCGTTGGGCATT,0,3398976
ssnAp,0.3333333333333333,2,2,CACTGGAGTCGGATTATATC,0,3361267
ssnAp,0.3333333333333333,2,2,CACTCTTGTGGAATCATGGG,0,3365770
ssnAp,0.3333333333333333,2,2,CACTCCTAACAAAGCGATGG,0,3369832
ssnAp,0.3333333333333333,2,2,CACTCCGAAGATTATTAGCC,0,3379117
ssnAp,0.3333333333333333,2,2,CACGTCGAACACACACACTC,0,3360155
ssnAp,0.3333333333333333,2,2,CACGGCTTAATTCAAATAGA,0,3367033
ssnAp,0.3333333333333333,2,2,CACGGACGGGCTCAGCGTTT,0,3384175
ssnAp,0.3333333333333333,2,2,CACGAAACAAGCGCATACGA,0,3391938
ssnAp,0.3333333333333333,2,2,CACCTAGGTGGGATTACCTT,0,3384081
ssnAp,0.3333333333333333,2,2,CACCGAAATCCGCGTGAACG,0,3397470
ssnAp,0.3333333333333333,2,2,CACATTACGTATATTCTTGT,0,3388640
ssnAp,0.3333333333333333,2,2,CACATGAGGATGTCCTAAAC,0,3362384
ssnAp,0.3333333333333333,2,2,CACACCTCCGCTTAGCGAGT,0,3375042
ssnAp,0.3333333333333333,2,2,CACAATATGCCAAGTATGCA,0,3376874
ssnAp,0.3333333333333333,2,2,CAATTATAGGCTCAGCATCT,0,3373307
ssnAp,0.3333333333333333,2,2,CAATGTTCTGGAGCCCCTCG,0,3374339
ssnAp,0.3333333333333333,2,2,CAATGGTACTCGTAAACCGA,0,3363661
ssnAp,0.3333333333333333,2,2,CAATGGGGTTCGCAGTTCAT,0,3377434
ssnAp,0.3333333333333333,2,2,CAATGGAACCGATTCGCGTA,0,3401462
ssnAp,0.3333333333333333,2,2,CAATGAGCACTCAAGACGGC,0,3384571
ssnAp,0.3333333333333333,2,2,CAATCTGGGCCTAACTGATT,0,3401932
ssnAp,0.3333333333333333,2,2,CAATAGGACTCCATGAAGCT,0,3382797
ssnAp,0.3333333333333333,2,2,CAATACACATTGATGGGACC,0,3366748
ssnAp,0.3333333333333333,2,2,CAAGTACTTCACTGCCTTAA,0,3381586
ssnAp,0.3333333333333333,2,2,CAAGGTCAAGTGTTCGGCTA,0,3378890
ssnAp,0.3333333333333333,2,2,CAAGGGCTGATCCAGGAGGT,0,3386347
ssnAp,0.3333333333333333,2,2,CAAGGCTATTGTTGTTATAG,0,3378396
ssnAp,0.3333333333333333,2,2,CAAGGACGTCTCATTCTTCT,0,3364428
ssnAp,0.3333333333333333,2,2,CAAGGAAGCACGCGTCGGGG,0,3392990
ssnAp,0.3333333333333333,2,2,CAAGAAAAGCATCAAAACAT,0,3375988
ssnAp,0.3333333333333333,2,2,CAACTTTTCTGGGGCAATAG,0,3362855
ssnAp,0.3333333333333333,2,2,CAACGCTTAATAGTGTACAA,0,3396830
ssnAp,0.3333333333333333,2,2,CAACGCGGACTAGGCGTCCC,0,3371100
ssnAp,0.3333333333333333,2,2,CAACCCGTTCATTCCAACAA,0,3388652
ssnAp,0.3333333333333333,2,2,CAACCCGGTCTACATTAAGG,0,3387064
ssnAp,0.3333333333333333,2,2,CAACCACCCGGAGCGTCCAT,0,3398732
ssnAp,0.3333333333333333,2,2,CAAATGTCATGTATGTTCAA,0,3394103
ssnAp,0.3333333333333333,2,2,CAAATGGCTATATAACAGAA,0,3397895
ssnAp,0.3333333333333333,2,2,CAAATGCGAGGTGCCCCAGA,0,3376545
ssnAp,0.3333333333333333,2,2,CAAAGGCCCTGGAACCTTGA,0,3389296
ssnAp,0.3333333333333333,2,2,CAAACTTACCATACGACGCT,0,3373269
ssnAp,0.3333333333333333,2,2,CAAACTGTTTAGAGTACAGA,0,3402107
ssnAp,0.3333333333333333,2,2,CAAACACAGAAGTCGCGCGG,0,3397646
ssnAp,0.3333333333333333,2,2,CAAAAGACGGGGGGATGTAT,0,3396520
ssnAp,0.3333333333333333,2,2,ATTTGGATTATTCGTTAACT,0,3374475
ssnAp,0.3333333333333333,2,2,ATTTGCTCAGCGAGACCCAT,0,3359907
ssnAp,0.3333333333333333,2,2,ATTTCTTGAAGAGTTGCAAT,0,3383311
ssnAp,0.3333333333333333,2,2,ATTTCTTATTGTAGACAGGA,0,3400409
ssnAp,0.3333333333333333,2,2,ATTTCTGAGTATCATTAAGT,0,3400943
ssnAp,0.3333333333333333,2,2,ATTTCCCCAAAGCCATGGTC,0,3400079
ssnAp,0.3333333333333333,2,2,ATTTCCACTCTTTTAAGGTG,0,3380402
ssnAp,0.3333333333333333,2,2,ATTTATGATGGCTACTGAAT,0,3366989
ssnAp,0.3333333333333333,2,2,ATTTAGTTCGTCGTTACATC,0,3364495
ssnAp,0.3333333333333333,2,2,ATTTAGGTATAGGGTGATCC,0,3362019
ssnAp,0.3333333333333333,2,2,ATTTACCATTTGGGACCACT,0,3388570
ssnAp,0.3333333333333333,2,2,ATTGTGGCCGATGGAGCAGG,0,3374333
ssnAp,0.3333333333333333,2,2,ATTGGGTTGAAACTCCAAGT,0,3367232
ssnAp,0.3333333333333333,2,2,ATTGGCCACCGCGGACCGTA,0,3390637
ssnAp,0.3333333333333333,2,2,ATTGCGGCCTGAGTGGCGTC,0,3397040
ssnAp,0.3333333333333333,2,2,ATTGCAGTGGTGTGTGGCCG,0,3399548
ssnAp,0.3333333333333333,2,2,ATTGCAGTAGACCCACTGGC,0,3372514
ssnAp,0.3333333333333333,2,2,ATTCTGGACTTTGGAGCAAC,0,3385839
ssnAp,0.3333333333333333,2,2,ATTCCTGTGGGCACGACCAC,0,3367373
ssnAp,0.3333333333333333,2,2,ATTCCCCTGAATTGTTATGT,0,3388294
ssnAp,0.3333333333333333,2,2,ATTCCAGACCAACATTTCAC,0,3375752
ssnAp,0.3333333333333333,2,2,ATTCCAACCGTCCCGCAACA,0,3366858
ssnAp,0.3333333333333333,2,2,ATTCAATGCTCCGGCACCTT,0,3388003
ssnAp,0.3333333333333333,2,2,ATTATGTGAGCGACATAACC,0,3397879
ssnAp,0.3333333333333333,2,2,ATTATCGAATTACCAGGAGG,0,3376973
ssnAp,0.3333333333333333,2,2,ATTATAATATGGTCCTGTTA,0,3379219
ssnAp,0.3333333333333333,2,2,ATTAGGTCACGGCTAGGGCG,0,3365566
ssnAp,0.3333333333333333,2,2,ATTACTGCCAGAGTCAGAAC,0,3368464
ssnAp,0.3333333333333333,2,2,ATTACGATCTACTCGGCTCA,0,3385674
ssnAp,0.3333333333333333,2,2,ATTACCCCTATCATCCGATC,0,3384614
ssnAp,0.3333333333333333,2,2,ATTAACTCTATGGGATGGGG,0,3376292
ssnAp,0.3333333333333333,2,2,ATGTTTACGCTTATAATCCC,0,3361093
ssnAp,0.3333333333333333,2,2,ATGTTATTCCGACGGTACGC,0,3373158
ssnAp,0.3333333333333333,2,2,ATGTTACTTGGCAACAGTCC,0,3366027
ssnAp,0.3333333333333333,2,2,ATGTGTCAGAGGCGGAGAAC,0,3383994
ssnAp,0.3333333333333333,2,2,ATGTGGCCAATGAGCGAGCC,0,3378155
ssnAp,0.3333333333333333,2,2,ATGTGCGGCTAAAGGGGGGA,0,3373930
ssnAp,0.3333333333333333,2,2,ATGTGCGAAAGCTATAGCGC,0,3393824
ssnAp,0.3333333333333333,2,2,ATGTGATATCTGCAAAGCTT,0,3382223
ssnAp,0.3333333333333333,2,2,ATGTCGGATGCCAAGCAATA,0,3401037
ssnAp,0.3333333333333333,2,2,ATGTATATAAAGGCCGGCCG,0,3393295
ssnAp,0.3333333333333333,2,2,ATGGGTCATGAGCGATCTGT,0,3392606
ssnAp,0.3333333333333333,2,2,ATGGGGCGCGTGCAACTAAG,0,3384467
ssnAp,0.3333333333333333,2,2,ATGGGCACATGCAAATCAGA,0,3394014
ssnAp,0.3333333333333333,2,2,ATGGGAGGCAATCGGCCCCT,0,3392055
ssnAp,0.3333333333333333,2,2,ATGGCGTTGGGATCATATGG,0,3395445
ssnAp,0.3333333333333333,2,2,ATGGACAGTTCGGATGCAGA,0,3366054
ssnAp,0.3333333333333333,2,2,ATGCTAGCCGCACATGCCAT,0,3361641
ssnAp,0.3333333333333333,2,2,ATGCGGCAAACGTTTCGGCC,0,3388010
ssnAp,0.3333333333333333,2,2,ATGCCCTCCTAGTCCTGCTG,0,3380810
ssnAp,0.3333333333333333,2,2,ATGATGGAGCAGTTTTTCTG,0,3372129
ssnAp,0.3333333333333333,2,2,ATGAGTGAGGCCGTTCCGAA,0,3394032
ssnAp,0.3333333333333333,2,2,ATGAGAAGGGCAGCGTCTCT,0,3359752
ssnAp,0.3333333333333333,2,2,ATGAGAAACTTATCAATACC,0,3369900
ssnAp,0.3333333333333333,2,2,ATGACTTTTACGGCTATATA,0,3362721
ssnAp,0.3333333333333333,2,2,ATGACGGGGAGTGAGGACGC,0,3398937
ssnAp,0.3333333333333333,2,2,ATCTTTGTCGGTGAACATCG,0,3401776
ssnAp,0.3333333333333333,2,2,ATCTTTCGTTTATTATTTTA,0,3363397
ssnAp,0.3333333333333333,2,2,ATCTGGTGTACCACTGGTGC,0,3396653
ssnAp,0.3333333333333333,2,2,ATCTGCTATATCCTTGTGAA,0,3394378
ssnAp,0.3333333333333333,2,2,ATCTGCGATCCCATTGCAAC,0,3398588
ssnAp,0.3333333333333333,2,2,ATCTCCCCTAGTTACAAGTC,0,3393081
ssnAp,0.3333333333333333,2,2,ATCTACAAAGCTTCGGGTAA,0,3380069
ssnAp,0.3333333333333333,2,2,ATCTAAGTTGACGTATGGCT,0,3384924
ssnAp,0.3333333333333333,2,2,ATCGTGTGCGACCTCCCATG,0,3389763
ssnAp,0.3333333333333333,2,2,ATCGTGAAGCGCAAAGGAAT,0,3376100
ssnAp,0.3333333333333333,2,2,ATCGTCATGATTCATTGGGT,0,3397500
ssnAp,0.3333333333333333,2,2,ATCGGGGAGTATTTTTTGTG,0,3402509
ssnAp,0.3333333333333333,2,2,ATCGCGAGGTGGCCTGATAA,0,3370714
ssnAp,0.3333333333333333,2,2,ATCGCCGATTTAGTTAGAAT,0,3365339
ssnAp,0.3333333333333333,2,2,ATCGAGTCAGTGCGCCTGTA,0,3391955
ssnAp,0.3333333333333333,2,2,ATCGAGCCTCCAACACTACA,0,3398204
ssnAp,0.3333333333333333,2,2,ATCGAACCTCCGGGTCATGC,0,3380397
ssnAp,0.3333333333333333,2,2,ATCCTGCTTGGTAAGTCACT,0,3381479
ssnAp,0.3333333333333333,2,2,ATCCTAGACATCGTACCACA,0,3359874
ssnAp,0.3333333333333333,2,2,ATCCGGTGTTGGGACTAGCA,0,3375436
ssnAp,0.3333333333333333,2,2,ATCCGGGAAAGAAAGTCGTC,0,3368161
ssnAp,0.3333333333333333,2,2,ATCCGAGCACCATAGGAGGC,0,3400672
ssnAp,0.3333333333333333,2,2,ATCCGACGTCTACATAATGC,0,3365258
ssnAp,0.3333333333333333,2,2,ATCCCTGGGAAAAGCCGATA,0,3362716
ssnAp,0.3333333333333333,2,2,ATCCCTCGGATCCTCAGTCT,0,3360596
ssnAp,0.3333333333333333,2,2,ATCCCTCACCTTATCTGAAC,0,3367915
ssnAp,0.3333333333333333,2,2,ATCCCATTGAAACGATGAGG,0,3373786
ssnAp,0.3333333333333333,2,2,ATCAGTTTTCTTCCCCGGAA,0,3381171
ssnAp,0.3333333333333333,2,2,ATCAGTGCTAGAGGTGGACA,0,3376894
ssnAp,0.3333333333333333,2,2,ATCAGGCCTATCCGTTCACG,0,3392154
ssnAp,0.3333333333333333,2,2,ATCAGATAACTGTGCAAGAG,0,3402014
ssnAp,0.3333333333333333,2,2,ATCACTGAAATTCCCGTGCA,0,3374295
ssnAp,0.3333333333333333,2,2,ATCACCTCGAATGCTAAAAG,0,3387167
ssnAp,0.3333333333333333,2,2,ATCACATGTGTAGCGACTCG,0,3361170
ssnAp,0.3333333333333333,2,2,ATCAATTTACAGAAGCAACC,0,3368048
ssnAp,0.3333333333333333,2,2,ATCAATACTCGATAGATGCT,0,3367014
ssnAp,0.3333333333333333,2,2,ATCAACTGGGACGTGTGGTG,0,3385938
ssnAp,0.3333333333333333,2,2,ATATTATATATTACTTCGCC,0,3385089
ssnAp,0.3333333333333333,2,2,ATATTAGGCAATAAAGCAGT,0,3364524
ssnAp,0.3333333333333333,2,2,ATATGATACCGGCCTTGTAA,0,3381114
ssnAp,0.3333333333333333,2,2,ATATCCAATGGTTTCTCCCC,0,3375507
ssnAp,0.3333333333333333,2,2,ATATATTTTTACCGGTGCAT,0,3398382
ssnAp,0.3333333333333333,2,2,ATAGTACCCCCCAAAGAAAG,0,3378615
ssnAp,0.3333333333333333,2,2,ATAGTAAGTCTTCTCGATGT,0,3386192
ssnAp,0.3333333333333333,2,2,ATAGGTCGTTGATCGGCATG,0,3381475
ssnAp,0.3333333333333333,2,2,ATAGGGGATCAACGTCCTCT,0,3370810
ssnAp,0.3333333333333333,2,2,ATAGGCTCTCCAAGTGGTCC,0,3367370
ssnAp,0.3333333333333333,2,2,ATAGCTTGCCTCTTGAGCGG,0,3392488
ssnAp,0.3333333333333333,2,2,ATAGCGTTGGACGCGTTCCC,0,3366569
ssnAp,0.3333333333333333,2,2,ATAGCGGTACTAACACGGAT,0,3377580
ssnAp,0.3333333333333333,2,2,ATAGCCATGCCATTCGATCT,0,3386690
ssnAp,0.3333333333333333,2,2,ATAGCCAGGAGTCTTCAGTG,0,3361940
ssnAp,0.3333333333333333,2,2,ATAGCATATAACTAAGGGGA,0,3380644
ssnAp,0.3333333333333333,2,2,ATACTTATACAATCACAGCT,0,3376222
ssnAp,0.3333333333333333,2,2,ATACGGCGAAGGAGTCCTTT,0,3368283
ssnAp,0.3333333333333333,2,2,ATACAGTCCGCTTGGGTGGA,0,3380877
ssnAp,0.3333333333333333,2,2,ATAATCACCGTAACTAGCCC,0,3380287
ssnAp,0.3333333333333333,2,2,ATAAGTCGTTCCCCTGAAGG,0,3400989
ssnAp,0.3333333333333333,2,2,ATAAGCTGCCATGCACCTGC,0,3372596
ssnAp,0.3333333333333333,2,2,ATAAGCAGCGCTTTCCGTGG,0,3401542
ssnAp,0.3333333333333333,2,2,ATAACGTAAGTAGGAACCCG,0,3376504
ssnAp,0.3333333333333333,2,2,ATAAAGATCAACTTAGTTGA,0,3366311
ssnAp,0.3333333333333333,2,2,ATAAAACGTCCACCAGTCAG,0,3374658
ssnAp,0.3333333333333333,2,2,AGTTTCTTATAACGTCCGGA,0,3397733
ssnAp,0.3333333333333333,2,2,AGTTGCCTATCGGATCTCCA,0,3389374
ssnAp,0.3333333333333333,2,2,AGTTGACGACACTAATTGTA,0,3402670
ssnAp,0.3333333333333333,2,2,AGTTCATATGCTTGTGGTCT,0,3390320
ssnAp,0.3333333333333333,2,2,AGTTCAAACGCATCGGCGAA,0,3377666
ssnAp,0.3333333333333333,2,2,AGTTATTCAGGCACTAAGTT,0,3390536
ssnAp,0.3333333333333333,2,2,AGTTATCAATCATAGAAGAA,0,3384928
ssnAp,0.3333333333333333,2,2,AGTTATAGACCTTCCATGAA,0,3382316
ssnAp,0.3333333333333333,2,2,AGTTAGGATTGTAACGGATA,0,3377759
ssnAp,0.3333333333333333,2,2,AGTTACACCTAAGACGGATC,0,3368597
ssnAp,0.3333333333333333,2,2,AGTTAAAATCGACTATTTCC,0,3381221
ssnAp,0.3333333333333333,2,2,AGTGTCGCCCTGGGTCACGC,0,3393335
ssnAp,0.3333333333333333,2,2,AGTGGGATGTCCCTTAAATG,0,3382362
ssnAp,0.3333333333333333,2,2,AGTGGATTCGTGACTATATA,0,3367401
ssnAp,0.3333333333333333,2,2,AGTGCTTGATAATTTCCCAG,0,3402705
ssnAp,0.3333333333333333,2,2,AGTGCCGCCAGGCTGTCCCG,0,3397258
ssnAp,0.3333333333333333,2,2,AGTGCAGCTCGTTCAAGTCG,0,3399603
ssnAp,0.3333333333333333,2,2,AGTGACTGTATCGGTGTATC,0,3364389
ssnAp,0.3333333333333333,2,2,AGTGAATTTCAGTAGCGTAA,0,3369608
ssnAp,0.3333333333333333,2,2,AGTCTGCTCCTGCGGCGTAT,0,3384000
ssnAp,0.3333333333333333,2,2,AGTCTCACCGGACCCTAAGA,0,3393158
ssnAp,0.3333333333333333,2,2,AGTCGTTGCTAACACGTCTT,0,3390514
ssnAp,0.3333333333333333,2,2,AGTCCGCTACCTCCAGACGA,0,3370965
ssnAp,0.3333333333333333,2,2,AGTCCACGGCGCTAACGCGG,0,3381877
ssnAp,0.3333333333333333,2,2,AGTCATGCCATAGCTCGATT,0,3396062
ssnAp,0.3333333333333333,2,2,AGTCAGTCGCCTGCGCCGTC,0,3392306
ssnAp,0.3333333333333333,2,2,AGTCAGACATGGGAGACCGG,0,3373614
ssnAp,0.3333333333333333,2,2,AGTCAGAAACCAGCCTTACA,0,3399453
ssnAp,0.3333333333333333,2,2,AGTCACGAGTTGCTCGGAAA,0,3382034
ssnAp,0.3333333333333333,2,2,AGTATGGGTTATAGGTAACA,0,3384504
ssnAp,0.3333333333333333,2,2,AGTATGGGGGAATTTGGTCC,0,3397735
ssnAp,0.3333333333333333,2,2,AGTATGCTAATTCGATCGCC,0,3399760
ssnAp,0.3333333333333333,2,2,AGTACCAGTAGGGCTTCTAC,0,3395732
ssnAp,0.3333333333333333,2,2,AGTAACCTGTGACCCAGTGA,0,3394750
ssnAp,0.3333333333333333,2,2,AGTAAACTCGTAATTGATCC,0,3400328
ssnAp,0.3333333333333333,2,2,AGGTTTACATGCTTACGGCA,0,3360969
ssnAp,0.3333333333333333,2,2,AGGTTGAAAAGATACAGTTT,0,3383728
ssnAp,0.3333333333333333,2,2,AGGTTCCACCGCGGCAAGCC,0,3361315
ssnAp,0.3333333333333333,2,2,AGGTGCGGCGTCAGAATTCA,0,3372559
ssnAp,0.3333333333333333,2,2,AGGTGAAACCGAGTATCGGT,0,3382015
ssnAp,0.3333333333333333,2,2,AGGTCTATTACATCGAGGCA,0,3364938
ssnAp,0.3333333333333333,2,2,AGGTCGGTTCGTCTGTTCCT,0,3392340
ssnAp,0.3333333333333333,2,2,AGGTCACGCTCCAACCATTC,0,3369337
ssnAp,0.3333333333333333,2,2,AGGTAATCGGTGTGACCGTA,0,3372131
ssnAp,0.3333333333333333,2,2,AGGTAAGGATCACGCAAGTC,0,3395714
ssnAp,0.3333333333333333,2,2,AGGTAACAGTAGTAACCGAC,0,3367784
ssnAp,0.3333333333333333,2,2,AGGGTGTAGTAGAAGCAGAG,0,3384221
ssnAp,0.3333333333333333,2,2,AGGGGCGGCTACCTCAGCAA,0,3391221
ssnAp,0.3333333333333333,2,2,AGGGGCCTTCACGAACTCTG,0,3359523
ssnAp,0.3333333333333333,2,2,AGGGGATCCGTGAAACAGTC,0,3379346
ssnAp,0.3333333333333333,2,2,AGGGGATCAAGGCCTAGCAT,0,3393486
ssnAp,0.3333333333333333,2,2,AGGGCCAACCACTGTAGTTA,0,3359939
ssnAp,0.3333333333333333,2,2,AGGGCAGGTCTGAGTACACA,0,3398257
ssnAp,0.3333333333333333,2,2,AGGGATATGCCTTAAAAGTG,0,3398644
ssnAp,0.3333333333333333,2,2,AGGGACCCCAAGAGGACACC,0,3379966
ssnAp,0.3333333333333333,2,2,AGGGAATAATCAGCGTGTGG,0,3361618
ssnAp,0.3333333333333333,2,2,AGGCTCGCGATCTAGGAGGA,0,3399611
ssnAp,0.3333333333333333,2,2,AGGCTAGTTGGGGGTCCGGG,0,3391568
ssnAp,0.3333333333333333,2,2,AGGCTAACACACCAGGAGTT,0,3363238
ssnAp,0.3333333333333333,2,2,AGGCGATACGGTTCGCTAGA,0,3384550
ssnAp,0.3333333333333333,2,2,AGGCCATTAATAGTGGGTTA,0,3402465
ssnAp,0.3333333333333333,2,2,AGGCATTAGTCTATAATTAG,0,3393451
ssnAp,0.3333333333333333,2,2,AGGCATCTTCCAAGTTCTGG,0,3380681
ssnAp,0.3333333333333333,2,2,AGGCAGTGATACGTGCTGCG,0,3370806
ssnAp,0.3333333333333333,2,2,AGGCAATCGCCGTTCATACT,0,3391700
ssnAp,0.3333333333333333,2,2,AGGATGGCATGCCGGTAAGG,0,3359219
ssnAp,0.3333333333333333,2,2,AGGATACTGCCCTCACAGGG,0,3381275
ssnAp,0.3333333333333333,2,2,AGGAGTTTGACACCAGGGAA,0,3402381
ssnAp,0.3333333333333333,2,2,AGGAGGATACGTCTTGGGAC,0,3367398
ssnAp,0.3333333333333333,2,2,AGGACCTGTCATCAGATGTC,0,3399549
ssnAp,0.3333333333333333,2,2,AGGACACATACCGGATCAGT,0,3378143
ssnAp,0.3333333333333333,2,2,AGGAAGTTAACGTTAAATTG,0,3372719
ssnAp,0.3333333333333333,2,2,AGGAAGGGAACTTCTTCGCA,0,3400522
ssnAp,0.3333333333333333,2,2,AGCTGTCGGTCGCTCCGTGC,0,3381370
ssnAp,0.3333333333333333,2,2,AGCTCTTTTGGTAGGCCGGC,0,3391488
ssnAp,0.3333333333333333,2,2,AGCTAAACTAGATCGAGAGT,0,3375258
ssnAp,0.3333333333333333,2,2,AGCGTAACTGGTAATGATCC,0,3400433
ssnAp,0.3333333333333333,2,2,AGCGGGCAATAGGATTAACC,0,3386709
ssnAp,0.3333333333333333,2,2,AGCGGCGGACCTCTATCAGT,0,3399216
ssnAp,0.3333333333333333,2,2,AGCGCTTCATGATTCGTTGC,0,3382146
ssnAp,0.3333333333333333,2,2,AGCGCCATGTACGTTATCGT,0,3397876
ssnAp,0.3333333333333333,2,2,AGCGCATTGGATCATAGTCT,0,3372245
ssnAp,0.3333333333333333,2,2,AGCGCAGGCGAACCGCGACA,0,3395932
ssnAp,0.3333333333333333,2,2,AGCGATATACCTCGGAATGG,0,3377359
ssnAp,0.3333333333333333,2,2,AGCCGTCAAAATCTGGATGC,0,3377093
ssnAp,0.3333333333333333,2,2,AGCCGCGATGTTTAGTGGTC,0,3369573
ssnAp,0.3333333333333333,2,2,AGCCCATCGTGCTGTATGCT,0,3399528
ssnAp,0.3333333333333333,2,2,AGCCCACCTAGTCTCATATC,0,3400706
ssnAp,0.3333333333333333,2,2,AGCCATCGGGATCTCGACCA,0,3367064
ssnAp,0.3333333333333333,2,2,AGCCACTTTATACGCTTGCA,0,3395045
ssnAp,0.3333333333333333,2,2,AGCATTTTGCGCACAATGTT,0,3402430
ssnAp,0.3333333333333333,2,2,AGCATGGATGGGCGGTAGAC,0,3373826
ssnAp,0.3333333333333333,2,2,AGCATGCTGAGCCAACCATT,0,3388713
ssnAp,0.3333333333333333,2,2,AGCAGGAACCTGGAGCAGTC,0,3393134
ssnAp,0.3333333333333333,2,2,AGCAGCAGATACTTGTACGT,0,3393924
ssnAp,0.3333333333333333,2,2,AGCAGAGGTTTCAGTCAAGC,0,3381855
ssnAp,0.3333333333333333,2,2,AGCACGGTCCATAGTACGGC,0,3362760
ssnAp,0.3333333333333333,2,2,AGCAAGGCCTGTCTCTGTAG,0,3402725
ssnAp,0.3333333333333333,2,2,AGATTCGGTTTTTAAATCTT,0,3385799
ssnAp,0.3333333333333333,2,2,AGATGTCAAGGATATCCGAG,0,3378184
ssnAp,0.3333333333333333,2,2,AGATGTAGCACGATTCCCGC,0,3402343
ssnAp,0.3333333333333333,2,2,AGATGCAACCCTCCGCGGTC,0,3385718
ssnAp,0.3333333333333333,2,2,AGATCGTGTGATTTGGCAGT,0,3389590
ssnAp,0.3333333333333333,2,2,AGATCCCTACTTAATTAAAT,0,3369253
ssnAp,0.3333333333333333,2,2,AGATCATGCAAAAGGCTCTG,0,3363724
ssnAp,0.3333333333333333,2,2,AGATAGCACGCTGCCGCCTC,0,3376580
ssnAp,0.3333333333333333,2,2,AGATACGTAGACTGAGTGAA,0,3375592
ssnAp,0.3333333333333333,2,2,AGAGTAGAGTACTCTAAATC,0,3381320
ssnAp,0.3333333333333333,2,2,AGAGGTGCAAACGGAGTTCC,0,3365400
ssnAp,0.3333333333333333,2,2,AGAGGGTCTCCATCAGCTCA,0,3393420
ssnAp,0.3333333333333333,2,2,AGAGGAAGATTGAGTCAAGT,0,3382970
ssnAp,0.3333333333333333,2,2,AGAGCTAATCATGCTTGCGA,0,3375059
ssnAp,0.3333333333333333,2,2,AGAGCCAGATTAACTGGCGT,0,3390293
ssnAp,0.3333333333333333,2,2,AGAGACGTTTCGGTGTCGGG,0,3365471
ssnAp,0.3333333333333333,2,2,AGAGACATAGCATAGACCAA,0,3393904
ssnAp,0.3333333333333333,2,2,AGAGAACGCCCTAGTTAGCT,0,3369360
ssnAp,0.3333333333333333,2,2,AGAGAAAGCGTGTAACCGGT,0,3399476
ssnAp,0.3333333333333333,2,2,AGACTTGGCAGGGAGGAGCT,0,3363650
ssnAp,0.3333333333333333,2,2,AGACTTATTGGAGGGCCAAG,0,3388883
ssnAp,0.3333333333333333,2,2,AGACCTTGTTGATTGGGCAA,0,3399573
ssnAp,0.3333333333333333,2,2,AGACCAGGTTAAAAGCGTGC,0,3360591
ssnAp,0.3333333333333333,2,2,AGACATGGCCAGGTTCCGGC,0,3400067
ssnAp,0.3333333333333333,2,2,AGAATTCGGTACGCCACATG,0,3385727
ssnAp,0.3333333333333333,2,2,AGAATGTGAGAACATCCAGC,0,3399417
ssnAp,0.3333333333333333,2,2,AGAATACAAGCACTTTACGC,0,3381142
ssnAp,0.3333333333333333,2,2,AGAACGGACGAGCTTAGGTC,0,3370221
ssnAp,0.3333333333333333,2,2,AGAACGCCCCGTATCGTATC,0,3395834
ssnAp,0.3333333333333333,2,2,AGAAATGATACGAACGGCAT,0,3373591
ssnAp,0.3333333333333333,2,2,AGAAATAATTGTGGGATTCT,0,3363490
ssnAp,0.3333333333333333,2,2,AGAAAGTCCTGTGAGTAAAC,0,3381397
ssnAp,0.3333333333333333,2,2,AGAAAGTCACCAAGCAGTCA,0,3365642
ssnAp,0.3333333333333333,2,2,AGAAAGATCGCAATCGCAAA,0,3376934
ssnAp,0.3333333333333333,2,2,AGAAAGAGGTCGTCAATAGT,0,3372603
ssnAp,0.3333333333333333,2,2,AGAAACTCCCTATCCCGTAA,0,3370084
ssnAp,0.3333333333333333,2,2,AGAAACTATCGAAATCGAAT,0,3361839
ssnAp,0.3333333333333333,2,2,AGAAAATTACAAGGTGGATT,0,3382731
ssnAp,0.3333333333333333,2,2,AGAAAAGGCACTCGGGGATG,0,3398523
ssnAp,0.3333333333333333,2,2,ACTTTGAAGAATCACATAAT,0,3381563
ssnAp,0.3333333333333333,2,2,ACTTGGCTAGCGCGCACGTA,0,3372953
ssnAp,0.3333333333333333,2,2,ACTTCGTTCCACCAATCAGT,0,3385969
ssnAp,0.3333333333333333,2,2,ACTTCACCGCGTGGGACACT,0,3369533
ssnAp,0.3333333333333333,2,2,ACTTATGGCGATGTTGGACG,0,3395021
ssnAp,0.3333333333333333,2,2,ACTTATAGCCCGACACTGAT,0,3388980
ssnAp,0.3333333333333333,2,2,ACTTAGTCATCAAGGCAAGA,0,3371972
ssnAp,0.3333333333333333,2,2,ACTTAAGGGCCAGCGAGCCA,0,3402539
ssnAp,0.3333333333333333,2,2,ACTGTAGAAGTCAGGCCCTA,0,3384123
ssnAp,0.3333333333333333,2,2,ACTGTAACAGCTACAGGGTC,0,3375912
ssnAp,0.3333333333333333,2,2,ACTGGGTAATAACAGTCCCT,0,3360973
ssnAp,0.3333333333333333,2,2,ACTGGACCTAGTAACCAGGC,0,3366657
ssnAp,0.3333333333333333,2,2,ACTGACACGGTTCGACTAAA,0,3397085
ssnAp,0.3333333333333333,2,2,ACTCTGTTGGATTTCGAACT,0,3392017
ssnAp,0.3333333333333333,2,2,ACTCGGCTAAATACTGCGAA,0,3378423
ssnAp,0.3333333333333333,2,2,ACTCGCGCGTCGGCAGCTTC,0,3384458
ssnAp,0.3333333333333333,2,2,ACTCGATCTTGGGTTACCTG,0,3393518
ssnAp,0.3333333333333333,2,2,ACTCGAATCGCCTCCATCGT,0,3378552
ssnAp,0.3333333333333333,2,2,ACTCCTGCGGCGCGACCAGA,0,3389110
ssnAp,0.3333333333333333,2,2,ACTCCCGCGCCCGACCCCTA,0,3361801
ssnAp,0.3333333333333333,2,2,ACTCCACATGGTCGCTCGAT,0,3361034
ssnAp,0.3333333333333333,2,2,ACTATCTTTTACTCTAAAGG,0,3396723
ssnAp,0.3333333333333333,2,2,ACTAGGTGACGCACTGGTGG,0,3382218
ssnAp,0.3333333333333333,2,2,ACTACTATATCGCACGCGGG,0,3396506
ssnAp,0.3333333333333333,2,2,ACTACTAGGGGAACAGGGCG,0,3398634
ssnAp,0.3333333333333333,2,2,ACTACCAGTAAGAGGCTTTT,0,3383691
ssnAp,0.3333333333333333,2,2,ACTAATTGAGTGCTCAGTGA,0,3364531
ssnAp,0.3333333333333333,2,2,ACGTTGGTTTTGTTGCAGCT,0,3379954
ssnAp,0.3333333333333333,2,2,ACGTTGACCAGTCCCGCTGG,0,3391246
ssnAp,0.3333333333333333,2,2,ACGTTCCTAATTTCTTCTTG,0,3379087
ssnAp,0.3333333333333333,2,2,ACGTGATCCGCTTAATAAAT,0,3391144
ssnAp,0.3333333333333333,2,2,ACGTCACATGGGTCTGTTCA,0,3399381
ssnAp,0.3333333333333333,2,2,ACGTAGTGATGGAGCACATA,0,3401484
ssnAp,0.3333333333333333,2,2,ACGTACTAAAGTGGGATGGG,0,3370103
ssnAp,0.3333333333333333,2,2,ACGGTTTATACGAAGTATAG,0,3383366
ssnAp,0.3333333333333333,2,2,ACGGTTTAAGTATAGCGGGG,0,3399970
ssnAp,0.3333333333333333,2,2,ACGGTTCGTAATAAGCGGTC,0,3384344
ssnAp,0.3333333333333333,2,2,ACGGGTTTAGGTTAGGTTAG,0,3386197
ssnAp,0.3333333333333333,2,2,ACGGGGCTGATTTACGCATT,0,3375750
ssnAp,0.3333333333333333,2,2,ACGGGAGGCTCTGGCAGAGT,0,3366811
ssnAp,0.3333333333333333,2,2,ACGGCTGTTAAACAGTTTCT,0,3360434
ssnAp,0.3333333333333333,2,2,ACGGCGGGCGCGAGGATATC,0,3388411
ssnAp,0.3333333333333333,2,2,ACGGCGAACTCACAAAATGA,0,3375548
ssnAp,0.3333333333333333,2,2,ACGGATTGCTTTCGCCGGTT,0,3398390
ssnAp,0.3333333333333333,2,2,ACGGATTATGGAGCCACGGA,0,3389947
ssnAp,0.3333333333333333,2,2,ACGGATGGATAGAAGCATGT,0,3374337
ssnAp,0.3333333333333333,2,2,ACGGAGGTGTCGGAGTAAAT,0,3366528
ssnAp,0.3333333333333333,2,2,ACGCCTGGACGTGTAGAGCG,0,3366160
ssnAp,0.3333333333333333,2,2,ACGCCACGACTCCACGGTAC,0,3380165
ssnAp,0.3333333333333333,2,2,ACGCATCGATGTTTTAACCC,0,3394509
ssnAp,0.3333333333333333,2,2,ACGCAGCTGCGTCGTAGTCC,0,3381119
ssnAp,0.3333333333333333,2,2,ACGATTCGGAGCTTCACTTT,0,3386521
ssnAp,0.3333333333333333,2,2,ACGATCAGCCTAGGGATTGG,0,3375218
ssnAp,0.3333333333333333,2,2,ACGAGTACAACAGGGATTGC,0,3381568
ssnAp,0.3333333333333333,2,2,ACGAGAGCGACTTGAATTGC,0,3381892
ssnAp,0.3333333333333333,2,2,ACGAGAACTCTGATTGTGAA,0,3387702
ssnAp,0.3333333333333333,2,2,ACGAATTTCGGTATGGGATG,0,3383623
ssnAp,0.3333333333333333,2,2,ACGAACGGCAGTGGGCTGTA,0,3373280
ssnAp,0.3333333333333333,2,2,ACGAACAGATTCGGTGTCCA,0,3395742
ssnAp,0.3333333333333333,2,2,ACGAAAATCCTGAGGCGCCC,0,3380371
ssnAp,0.3333333333333333,2,2,ACCTTCACGACAGCATCTCT,0,3365565
ssnAp,0.3333333333333333,2,2,ACCTGGAATACCACCGACGA,0,3371434
ssnAp,0.3333333333333333,2,2,ACCTGAGGTACGGCTTCACA,0,3395588
ssnAp,0.3333333333333333,2,2,ACCTGACCGAGGCTTTCACC,0,3366048
ssnAp,0.3333333333333333,2,2,ACCTCTAGCACTACTCCTTT,0,3378573
ssnAp,0.3333333333333333,2,2,ACCTAGAGACCTAACCGGAG,0,3373966
ssnAp,0.3333333333333333,2,2,ACCTAAGACCAGCAGCTACT,0,3373509
ssnAp,0.3333333333333333,2,2,ACCTAAAGGTGGAATAGCAA,0,3381339
ssnAp,0.3333333333333333,2,2,ACCGTGGGGCTGATCTTCGT,0,3365259
ssnAp,0.3333333333333333,2,2,ACCGTCCCGCGACCAGTTTA,0,3361522
ssnAp,0.3333333333333333,2,2,ACCGGCTACCTAATGATACC,0,3392618
ssnAp,0.3333333333333333,2,2,ACCGGCACTTGGATTACCCA,0,3365854
ssnAp,0.3333333333333333,2,2,ACCGCAGTTCTCAAGCTGTA,0,3359408
ssnAp,0.3333333333333333,2,2,ACCGATTCTATGGTAACTTT,0,3398394
ssnAp,0.3333333333333333,2,2,ACCGAGCTCTCGTTCAAGTG,0,3378784
ssnAp,0.3333333333333333,2,2,ACCGAAGCTGTCAGTTCGCT,0,3369518
ssnAp,0.3333333333333333,2,2,ACCCTTGCTATTAAAGAATT,0,3385087
ssnAp,0.3333333333333333,2,2,ACCCTGGCCTCCCAACGGCG,0,3385701
ssnAp,0.3333333333333333,2,2,ACCCTCTGTGGAGCTATGTC,0,3389359
ssnAp,0.3333333333333333,2,2,ACCCTAAAATCCGTCAACAA,0,3382389
ssnAp,0.3333333333333333,2,2,ACCCGTGAACCCAGTGCTCT,0,3395760
ssnAp,0.3333333333333333,2,2,ACCCATTGGCCATAGGTTCA,0,3401394
ssnAp,0.3333333333333333,2,2,ACCATGAGTTGTGGATTCAC,0,3370804
ssnAp,0.3333333333333333,2,2,ACCAGTAATGTTTCGAGCAG,0,3360047
ssnAp,0.3333333333333333,2,2,ACCAGGCTTGGGGAGTTTTT,0,3373603
ssnAp,0.3333333333333333,2,2,ACCACGGGCGTTTGTTTACG,0,3385463
ssnAp,0.3333333333333333,2,2,ACCACATCGCATAGTCATCG,0,3362021
ssnAp,0.3333333333333333,2,2,ACCAACCTCACGGCGATGCC,0,3385171
ssnAp,0.3333333333333333,2,2,ACATTTCGAGCACAGGTAAT,0,3378298
ssnAp,0.3333333333333333,2,2,ACATTGGCCATGGATCATAA,0,3385623
ssnAp,0.3333333333333333,2,2,ACATTGAAGATGTAATGTGT,0,3382861
ssnAp,0.3333333333333333,2,2,ACATTGAACTGCACAAGGCG,0,3366718
ssnAp,0.3333333333333333,2,2,ACATTCCTGAACAGGTCCCG,0,3383030
ssnAp,0.3333333333333333,2,2,ACATGCAGGGTAGGCGATAT,0,3363156
ssnAp,0.3333333333333333,2,2,ACATCACTTTGCACGCTATT,0,3394760
ssnAp,0.3333333333333333,2,2,ACATATCCAGCCATCGCAAT,0,3374473
ssnAp,0.3333333333333333,2,2,ACATAGGATCTTTGGAAGTG,0,3399223
ssnAp,0.3333333333333333,2,2,ACATAGCAATTGAGATCCTA,0,3389160
ssnAp,0.3333333333333333,2,2,ACAGCGGCGGTGAACTTAAT,0,3370884
ssnAp,0.3333333333333333,2,2,ACAGCAGCGTATTTGTGCCT,0,3364166
ssnAp,0.3333333333333333,2,2,ACAGCACTGATCTTGCGTAT,0,3390849
ssnAp,0.3333333333333333,2,2,ACAGAAAGCGCACTCCTGCG,0,3377877
ssnAp,0.3333333333333333,2,2,ACACTTAGCCATTGTTTGCC,0,3372350
ssnAp,0.3333333333333333,2,2,ACACTGTGGGGCAGGAGAGG,0,3383067
ssnAp,0.3333333333333333,2,2,ACACTCTGCATTCCGAGATC,0,3389676
ssnAp,0.3333333333333333,2,2,ACACTCGCTGTGGCCACTTC,0,3372828
ssnAp,0.3333333333333333,2,2,ACACTAGGTGATCGTTTTCG,0,3389829
ssnAp,0.3333333333333333,2,2,ACACGGGGAAAACGCTCCGT,0,3383825
ssnAp,0.3333333333333333,2,2,ACACGCGTGAGAGGGCACAT,0,3402511
ssnAp,0.3333333333333333,2,2,ACACGCGAGGGCCGATCCCG,0,3372283
ssnAp,0.3333333333333333,2,2,ACACGACGACGTATATCGAG,0,3359335
ssnAp,0.3333333333333333,2,2,ACACCTTTTTATAATTCAAA,0,3377928
ssnAp,0.3333333333333333,2,2,ACACCGCATCTTGAAGGAGT,0,3402029
ssnAp,0.3333333333333333,2,2,ACACCCAACACTTAGGGACA,0,3376535
ssnAp,0.3333333333333333,2,2,ACACCAGGCATCTCGCCGGA,0,3383103
ssnAp,0.3333333333333333,2,2,ACACCAGAAAAGAAATCAAA,0,3390545
ssnAp,0.3333333333333333,2,2,ACACCACCAGTTGGTTGCCG,0,3399020
ssnAp,0.3333333333333333,2,2,ACAAGTCCTCTCGCCGCCGC,0,3400929
ssnAp,0.3333333333333333,2,2,ACAAGTAGCTTCACGAAAGT,0,3378913
ssnAp,0.3333333333333333,2,2,ACAAGACACTTATGCCCGCC,0,3379390
ssnAp,0.3333333333333333,2,2,ACAACTCCCCGTGGCAAATA,0,3375082
ssnAp,0.3333333333333333,2,2,ACAACGTGCAAGCAGTGCCA,0,3380917
ssnAp,0.3333333333333333,2,2,ACAACGGGAAAGCACGGTGA,0,3392369
ssnAp,0.3333333333333333,2,2,ACAACAGTTGGTAATTAAGA,0,3397618
ssnAp,0.3333333333333333,2,2,AATTTGAGGTCTGACACAAA,0,3378311
ssnAp,0.3333333333333333,2,2,AATTGTATAGGGCTCCAGGA,0,3384293
ssnAp,0.3333333333333333,2,2,AATTGCTATCGTGCGGTTGC,0,3361962
ssnAp,0.3333333333333333,2,2,AATTGACTGGTATCCCTCAC,0,3363442
ssnAp,0.3333333333333333,2,2,AATTGAATCAAAGTATATTG,0,3360140
ssnAp,0.3333333333333333,2,2,AATTCCATTGATTATTCCGT,0,3366659
ssnAp,0.3333333333333333,2,2,AATTCACGGCTAGGCGTGCG,0,3392416
ssnAp,0.3333333333333333,2,2,AATTAAGTTCGCTGGCAGGG,0,3370789
ssnAp,0.3333333333333333,2,2,AATTAAGTGGATGGCCAAGG,0,3373073
ssnAp,0.3333333333333333,2,2,AATGTTGATAGTTAGTCCAG,0,3385973
ssnAp,0.3333333333333333,2,2,AATGTCAACAACCACAGGTA,0,3384793
ssnAp,0.3333333333333333,2,2,AATGGGCTGTATTTCCGGAT,0,3394011
ssnAp,0.3333333333333333,2,2,AATGGATCAAACGCCGGTCT,0,3367662
ssnAp,0.3333333333333333,2,2,AATGCTGCTGCCTTTTTTCG,0,3401892
ssnAp,0.3333333333333333,2,2,AATGCGGGGGTCCCGGAACC,0,3368449
ssnAp,0.3333333333333333,2,2,AATGATTTTACAGTGCTTTG,0,3375828
ssnAp,0.3333333333333333,2,2,AATGAGGGCATTTCTACGCT,0,3401192
ssnAp,0.3333333333333333,2,2,AATCTGAACCCCACCGTGGT,0,3390005
ssnAp,0.3333333333333333,2,2,AATCGAACGGACCCTCCCAA,0,3374845
ssnAp,0.3333333333333333,2,2,AATCCTTTCATGACTACGAA,0,3368885
ssnAp,0.3333333333333333,2,2,AATCCTGCCGTCAAATATAG,0,3367420
ssnAp,0.3333333333333333,2,2,AATCCTGCAAGAAACTCTCG,0,3389804
ssnAp,0.3333333333333333,2,2,AATCCCTACATTTTTGGGGT,0,3375855
ssnAp,0.3333333333333333,2,2,AATCCCGAAGAATCCAGGTC,0,3360064
ssnAp,0.3333333333333333,2,2,AATCACCGAAAAAATCGTAG,0,3397717
ssnAp,0.3333333333333333,2,2,AATCACCAAACCAGTTACAA,0,3366251
ssnAp,0.3333333333333333,2,2,AATATGGTACAGGCAATAGA,0,3370390
ssnAp,0.3333333333333333,2,2,AATATGCCGAGAGCCTCTGA,0,3389187
ssnAp,0.3333333333333333,2,2,AATATCCCGGACCATAGGAA,0,3379894
ssnAp,0.3333333333333333,2,2,AATATCACCGGGCAGTCCCG,0,3374737
ssnAp,0.3333333333333333,2,2,AATATATGCCTTGCGCCGAC,0,3396395
ssnAp,0.3333333333333333,2,2,AATATATGAGAGCTCCGAAC,0,3374544
ssnAp,0.3333333333333333,2,2,AATATAGTCGGGACGTTCAA,0,3384499
ssnAp,0.3333333333333333,2,2,AATATAAGTTAGCCCGATAT,0,3359511
ssnAp,0.3333333333333333,2,2,AATAGTGTTTTGCCCAGAGA,0,3373000
ssnAp,0.3333333333333333,2,2,AATAGTCGGAGCATTGTCAC,0,3388954
ssnAp,0.3333333333333333,2,2,AATAGCGCGTGTGCTGGGTA,0,3371965
ssnAp,0.3333333333333333,2,2,AATACGTATGCGGCGATTCC,0,3402056
ssnAp,0.3333333333333333,2,2,AATACGATACGGTTATCCTC,0,3362100
ssnAp,0.3333333333333333,2,2,AATACATTAACTCGATAGCT,0,3377510
ssnAp,0.3333333333333333,2,2,AATAAATCATTTGCTTGAAA,0,3372203
ssnAp,0.3333333333333333,2,2,AATAAACAGGTCGCGGCAGG,0,3361242
ssnAp,0.3333333333333333,2,2,AAGTTGTCAGACTAGGGCTC,0,3360447
ssnAp,0.3333333333333333,2,2,AAGTTGCGTAGAGGTTGCCG,0,3399772
ssnAp,0.3333333333333333,2,2,AAGTTAGCACGGCAAGGGCA,0,3385174
ssnAp,0.3333333333333333,2,2,AAGTGGTATACTTTCCTGCT,0,3393992
ssnAp,0.3333333333333333,2,2,AAGTGACACATAGTAGGCTT,0,3362651
ssnAp,0.3333333333333333,2,2,AAGTCAAGAAACATATCTTG,0,3397643
ssnAp,0.3333333333333333,2,2,AAGTCAAAAGGCTGGCAAAG,0,3399051
ssnAp,0.3333333333333333,2,2,AAGTAATACGTTATCCGGCT,0,3402405
ssnAp,0.3333333333333333,2,2,AAGTAACAGGTTTCGGTTTT,0,3387304
ssnAp,0.3333333333333333,2,2,AAGGGTGTATCTCCTAAATT,0,3373439
ssnAp,0.3333333333333333,2,2,AAGGGCCGGATATCTGTAAT,0,3390332
ssnAp,0.3333333333333333,2,2,AAGGGCAGAATTTAAAATTG,0,3386997
ssnAp,0.3333333333333333,2,2,AAGGCGCTATCATGCGGGAG,0,3398998
ssnAp,0.3333333333333333,2,2,AAGGAGCACAATCCATAGCA,0,3362355
ssnAp,0.3333333333333333,2,2,AAGGACTATCCTTACGGTCT,0,3364616
ssnAp,0.3333333333333333,2,2,AAGCTTTTGCAGTCTTCTTT,0,3373907
ssnAp,0.3333333333333333,2,2,AAGCTGAACCGGTACGACGA,0,3360987
ssnAp,0.3333333333333333,2,2,AAGCTATATCAAGCGGTAAA,0,3360486
ssnAp,0.3333333333333333,2,2,AAGCGGGTCGCCTTGCTACA,0,3397580
ssnAp,0.3333333333333333,2,2,AAGCGAATGCCTAATCGTGC,0,3385857
ssnAp,0.3333333333333333,2,2,AAGCCTTGTATGTTACTTGA,0,3394820
ssnAp,0.3333333333333333,2,2,AAGCCGGCCTTTAGAAAAGT,0,3382519
ssnAp,0.3333333333333333,2,2,AAGCCGAGTTGGAACGCCCA,0,3378474
ssnAp,0.3333333333333333,2,2,AAGCACGGTTGCTCTTACGT,0,3378817
ssnAp,0.3333333333333333,2,2,AAGATTCATGCAGTAGTCAC,0,3366566
ssnAp,0.3333333333333333,2,2,AAGATAATGAGGGCCCACTT,0,3399272
ssnAp,0.3333333333333333,2,2,AAGAGGTCTACTGACTACAA,0,3384680
ssnAp,0.3333333333333333,2,2,AAGAGGGGACGATTGATCGC,0,3396591
ssnAp,0.3333333333333333,2,2,AAGAGCTGAGTGCTGGACAC,0,3392883
ssnAp,0.3333333333333333,2,2,AAGAGCCAAATTCGTCAGAC,0,3381279
ssnAp,0.3333333333333333,2,2,AAGACTGAGTGCTCGGATGC,0,3384037
ssnAp,0.3333333333333333,2,2,AACTTTGCGAACCGTCTTTC,0,3376363
ssnAp,0.3333333333333333,2,2,AACTTGCGATCGTACTCACT,0,3391327
ssnAp,0.3333333333333333,2,2,AACTGTTAGTGCTGTGCCCA,0,3399635
ssnAp,0.3333333333333333,2,2,AACTGTGCCTATGAGTGAAT,0,3402466
ssnAp,0.3333333333333333,2,2,AACTGTACGCCCGTTCTAGA,0,3399747
ssnAp,0.3333333333333333,2,2,AACTGCGTGGGGATAAAATA,0,3373971
ssnAp,0.3333333333333333,2,2,AACTGCGTCGCTTTACCTTC,0,3379626
ssnAp,0.3333333333333333,2,2,AACTGAGGGCCGTGTATCGA,0,3388325
ssnAp,0.3333333333333333,2,2,AACTCTGCCACAGAAATGTA,0,3360740
ssnAp,0.3333333333333333,2,2,AACTCTATACGGGAGCCGGG,0,3376323
ssnAp,0.3333333333333333,2,2,AACTAGGTGCAGAGCCGTCG,0,3394872
ssnAp,0.3333333333333333,2,2,AACTAGGGCTGGCTCTGAAA,0,3383480
ssnAp,0.3333333333333333,2,2,AACTACGAGCTCCAGCGTTC,0,3395106
ssnAp,0.3333333333333333,2,2,AACGTTATAACGTTGGTGCT,0,3362378
ssnAp,0.3333333333333333,2,2,AACGTGGCGCGTAAAATGTT,0,3368397
ssnAp,0.3333333333333333,2,2,AACGTCACTCCAATTCCACT,0,3396375
ssnAp,0.3333333333333333,2,2,AACGGAGACCCTGGCTTTTC,0,3368011
ssnAp,0.3333333333333333,2,2,AACGCTTCGTGAGCCGGGCA,0,3382792
ssnAp,0.3333333333333333,2,2,AACGATGGTTCCTGGCTATC,0,3364682
ssnAp,0.3333333333333333,2,2,AACCTGTAAGACGGGCCGGA,0,3375580
ssnAp,0.3333333333333333,2,2,AACCGTGCCCGCGTCCGGAT,0,3400454
ssnAp,0.3333333333333333,2,2,AACCCGTCTTGGCCCTGATC,0,3398283
ssnAp,0.3333333333333333,2,2,AACCCCCACGGACGGCTAAC,0,3375649
ssnAp,0.3333333333333333,2,2,AACCCACCACACGGAGTGAT,0,3377394
ssnAp,0.3333333333333333,2,2,AACCATGGGACTCACTCCGC,0,3371066
ssnAp,0.3333333333333333,2,2,AACATGCATATTTAGCCCAT,0,3373477
ssnAp,0.3333333333333333,2,2,AACATCATAAGACGGACCTA,0,3361942
ssnAp,0.3333333333333333,2,2,AACATAGCTTGGGCTCTTTA,0,3391376
ssnAp,0.3333333333333333,2,2,AACACGATGTAAGACTCTCG,0,3371270
ssnAp,0.3333333333333333,2,2,AACAAAGGGCTAAAGCCACT,0,3399751
ssnAp,0.3333333333333333,2,2,AAATTTCATCGTCTGCTAGT,0,3400218
ssnAp,0.3333333333333333,2,2,AAATTGGAATTCGATGTTTA,0,3401666
ssnAp,0.3333333333333333,2,2,AAATTCAGGTCACATCACCT,0,3375417
ssnAp,0.3333333333333333,2,2,AAATGATCACCGAATACACG,0,3382458
ssnAp,0.3333333333333333,2,2,AAATCTAAGGGTACTCAGCG,0,3393869
ssnAp,0.3333333333333333,2,2,AAATCATGTTTTGGGAGAGG,0,3359662
ssnAp,0.3333333333333333,2,2,AAATAAAATTGACCTTTCGT,0,3397251
ssnAp,0.3333333333333333,2,2,AAAGTCGCCTATTTGTCAGC,0,3385401
ssnAp,0.3333333333333333,2,2,AAAGGGACACTGGCGGAGAC,0,3362856
ssnAp,0.3333333333333333,2,2,AAAGGATCCCACCGGTTCTC,0,3392731
ssnAp,0.3333333333333333,2,2,AAAGCGTGGCGTTAATTTTG,0,3368732
ssnAp,0.3333333333333333,2,2,AAAGCCAAGGTCCCTATCTT,0,3372437
ssnAp,0.3333333333333333,2,2,AAAGCAGTGTCTGTTCAAGC,0,3369351
ssnAp,0.3333333333333333,2,2,AAAGATTTACAGCGACGTAG,0,3385351
ssnAp,0.3333333333333333,2,2,AAAGATTCAAGATAAAATAA,0,3388358
ssnAp,0.3333333333333333,2,2,AAACTTCCGGACTGAGTACA,0,3383753
ssnAp,0.3333333333333333,2,2,AAACTGAGCTCAGGTCGAAC,0,3397941
ssnAp,0.3333333333333333,2,2,AAACCTAATGCTGAGCCGTC,0,3367638
ssnAp,0.3333333333333333,2,2,AAACCAAATGGTTATGCGCC,0,3396469
ssnAp,0.3333333333333333,2,2,AAACATCTTGTACCTTAAGT,0,3396959
ssnAp,0.3333333333333333,2,2,AAAATTTGTACCTAGAGCGC,0,3391231
ssnAp,0.3333333333333333,2,2,AAAATTGTCTCTGTCACTCC,0,3376557
ssnAp,0.3333333333333333,2,2,AAAATTCGGCGTAGGAACGT,0,3397689
ssnAp,0.3333333333333333,2,2,AAAAGTACTACGCCCTGGTG,0,3364081
ssnAp,0.3333333333333333,2,2,AAAAGGCAAGACACGAAAGG,0,3390646
ssnAp,0.3333333333333333,2,2,AAAACTTCCCTTAAACATGA,0,3383685
ssnAp,0.3333333333333333,2,2,AAAACGCGTCTAGTCTATCG,0,3384567
ssnAp,0.3333333333333333,2,2,AAAAATTGGCTTCCCGTCAG,0,3372036
ssnAp,0.5,1,1,TTTTTGTAATTCGAGCATAG,0,3399628
ssnAp,0.5,1,1,TTTTTCTGAAATCTCGACCG,0,3376288
ssnAp,0.5,1,1,TTTTTCTCAAGTCACGCGGG,0,3400020
ssnAp,0.5,1,1,TTTTGTATTCCATTACGAAT,0,3401811
ssnAp,0.5,1,1,TTTTGCGCTAGCCTTATGAA,0,3383154
ssnAp,0.5,1,1,TTTTGCCTGGTCGCCAAGTC,0,3400405
ssnAp,0.5,1,1,TTTTGAGTTCTGCTGGCTTT,0,3376214
ssnAp,0.5,1,1,TTTTGAGCTGTGAATGTCTC,0,3363198
ssnAp,0.5,1,1,TTTTCTGAGCGCGTGTCAGG,0,3377081
ssnAp,0.5,1,1,TTTTCATGTGGTTGAATCAT,0,3371016
ssnAp,0.5,1,1,TTTTAGTGCTAACAGACTCG,0,3365827
ssnAp,0.5,1,1,TTTTAGCGGACTAATTACTG,0,3384188
ssnAp,0.5,1,1,TTTGTACTAGACCCCCTTTA,0,3383498
ssnAp,0.5,1,1,TTTGGGGCCTGTTCGGATTT,0,3394409
ssnAp,0.5,1,1,TTTGGCTTCAAAGTGTAGAC,0,3393718
ssnAp,0.5,1,1,TTTGGCTGGTCTCCATGTCG,0,3402932
ssnAp,0.5,1,1,TTTGGCTAGAGTTGTGCGGC,0,3400605
ssnAp,0.5,1,1,TTTGAGATAGATGAAGCCTC,0,3393799
ssnAp,0.5,1,1,TTTGACTTAATGGAAGACAG,0,3365438
ssnAp,0.5,1,1,TTTCTACAGCGTCCCCACAA,0,3367215
ssnAp,0.5,1,1,TTTCGTTCCCCCCGCACAAG,0,3384744
ssnAp,0.5,1,1,TTTCGGGCTTCTGATCCTGA,0,3372147
ssnAp,0.5,1,1,TTTCGGATATGGACTTCTAA,0,3374301
ssnAp,0.5,1,1,TTTCGCTCCTGGTCACTTGG,0,3402415
ssnAp,0.5,1,1,TTTCGCTCCATTTCAAGTTA,0,3373190
ssnAp,0.5,1,1,TTTCGACCTGGTACCTCGTA,0,3359766
ssnAp,0.5,1,1,TTTCCGGAGCCTCGGCGCAA,0,3379665
ssnAp,0.5,1,1,TTTCCGCAATCCATCCTTGG,0,3374934
ssnAp,0.5,1,1,TTTCCATATACGATGTACGG,0,3389814
ssnAp,0.5,1,1,TTTCAAGAATGTTTAACAAC,0,3392152
ssnAp,0.5,1,1,TTTCAACTGCCGTAGGACCT,0,3386494
ssnAp,0.5,1,1,TTTATGCATGCCGTCAGGGC,0,3393610
ssnAp,0.5,1,1,TTTATCTGAGTCACATTTAT,0,3373747
ssnAp,0.5,1,1,TTTAGTAAGCCCACGCGAAT,0,3370308
ssnAp,0.5,1,1,TTTAGCTTGGGACGTATATA,0,3377015
ssnAp,0.5,1,1,TTTAGCTAGGTAACTGCAAA,0,3386583
ssnAp,0.5,1,1,TTTAGATCTGCTCCGTCTGA,0,3400393
ssnAp,0.5,1,1,TTTAGACCTTTTAAAACCTG,0,3388838
ssnAp,0.5,1,1,TTTACTTGGAGGATGATACC,0,3378842
ssnAp,0.5,1,1,TTTACGTGTGCTTACGCAGA,0,3396651
ssnAp,0.5,1,1,TTTACGCTTGACCAACAATG,0,3382101
ssnAp,0.5,1,1,TTTAACCTTCTTTAAACTTA,0,3394572
ssnAp,0.5,1,1,TTTAAAGGGGGCACGTACAT,0,3389353
ssnAp,0.5,1,1,TTGTTCACCAGGCGAAGCTC,0,3378895
ssnAp,0.5,1,1,TTGTTATCGGCCTCTTGTAT,0,3398995
ssnAp,0.5,1,1,TTGTGAGCGATCTTATAACG,0,3360731
ssnAp,0.5,1,1,TTGTGAACCTGTTGTATGAA,0,3386301
ssnAp,0.5,1,1,TTGTCTTCTCCACCGTCGCA,0,3398044
ssnAp,0.5,1,1,TTGTCCAACCCGTTCAACTC,0,3397915
ssnAp,0.5,1,1,TTGTCAGTCAAAGCCTGAAT,0,3373480
ssnAp,0.5,1,1,TTGTCAAGAAGGGGCTGTCC,0,3374350
ssnAp,0.5,1,1,TTGTATCTTGGGTTGGAGAC,0,3389961
ssnAp,0.5,1,1,TTGGTTCCGGTCCTGTTCGC,0,3371068
ssnAp,0.5,1,1,TTGGTAGGGGGTCCATTACT,0,3386015
ssnAp,0.5,1,1,TTGGGCGGTTTTCGGCAAAG,0,3380864
ssnAp,0.5,1,1,TTGGGCAACTGGCAGTTGGC,0,3373577
ssnAp,0.5,1,1,TTGGGAGAACCGACCCGAAC,0,3401082
ssnAp,0.5,1,1,TTGGGACTAAAATGTGGCTA,0,3369706
ssnAp,0.5,1,1,TTGGGACCCGTAAGTCGTGT,0,3386924
ssnAp,0.5,1,1,TTGGCGAGGGGCTCCTAGCT,0,3400250
ssnAp,0.5,1,1,TTGGCAGCCCGAGTGTGTGG,0,3359651
ssnAp,0.5,1,1,TTGGATTCTCTCTAGCACTG,0,3394793
ssnAp,0.5,1,1,TTGGAGGCATCTATTTGGAC,0,3388284
ssnAp,0.5,1,1,TTGGAGCATTCTTACCTTTT,0,3396949
ssnAp,0.5,1,1,TTGGAACTTATGCTACTTCT,0,3378365
ssnAp,0.5,1,1,TTGGAACCCGTTAGAGGCAA,0,3375195
ssnAp,0.5,1,1,TTGCTGGCTTGCATCGTACT,0,3387613
ssnAp,0.5,1,1,TTGCTGCCGATGGTACGCTG,0,3364007
ssnAp,0.5,1,1,TTGCTCTCTCGAATTAAGTA,0,3402185
ssnAp,0.5,1,1,TTGCTAACAATTCTAAAGCC,0,3367295
ssnAp,0.5,1,1,TTGCGTGAGAAAGGGTGAGA,0,3397483
ssnAp,0.5,1,1,TTGCGTATCAGATATTTTGA,0,3372212
ssnAp,0.5,1,1,TTGCGCAGCCGTCAAATGGT,0,3363424
ssnAp,0.5,1,1,TTGCCTTGACTTTTAGATCG,0,3384515
ssnAp,0.5,1,1,TTGCCTTGAATTAGTTGTAT,0,3375073
ssnAp,0.5,1,1,TTGCCTAGTCCAAAAGGGTA,0,3372449
ssnAp,0.5,1,1,TTGCCGTCTCGTGGCATACA,0,3376404
ssnAp,0.5,1,1,TTGCCATACTTAATCACCCA,0,3392636
ssnAp,0.5,1,1,TTGCAACTACGGTGTACGAA,0,3370002
ssnAp,0.5,1,1,TTGATTACATGGGTCAAAAT,0,3391124
ssnAp,0.5,1,1,TTGATAGCGCCTGAAGGTCT,0,3389427
ssnAp,0.5,1,1,TTGATAGAACACTGATGTCA,0,3360454
ssnAp,0.5,1,1,TTGAGTAGATTGAGGCGTCT,0,3388754
ssnAp,0.5,1,1,TTGAGCCCCGTTAAGTGAAC,0,3374050
ssnAp,0.5,1,1,TTGACGTGCGGGGCACCCTC,0,3381443
ssnAp,0.5,1,1,TTGACCCCGTTCGTCTAGTC,0,3363048
ssnAp,0.5,1,1,TTGAAGAAGATGCCGAGTAG,0,3393140
ssnAp,0.5,1,1,TTGAACTTAGGTGGCAGCCT,0,3401665
ssnAp,0.5,1,1,TTGAAAACGTGGAGCATACA,0,3379617
ssnAp,0.5,1,1,TTCTTTAAGCGGGGCGAGGA,0,3377105
ssnAp,0.5,1,1,TTCTTCAGCGAATCCCGCGT,0,3359235
ssnAp,0.5,1,1,TTCTGTCAGTGCGTCTATTT,0,3360892
ssnAp,0.5,1,1,TTCTGGACTCCATGGCGAAG,0,3369736
ssnAp,0.5,1,1,TTCTGCTAGGATGTTTGGTT,0,3401863
ssnAp,0.5,1,1,TTCTGACCCGAGAATAGTTA,0,3389537
ssnAp,0.5,1,1,TTCTATGGAACCGTATCGCC,0,3380398
ssnAp,0.5,1,1,TTCTACGTCCCCATGCATGA,0,3375440
ssnAp,0.5,1,1,TTCTACGCTCACCTGACTAA,0,3400961
ssnAp,0.5,1,1,TTCGTGGGGCGATGTCGCCT,0,3402234
ssnAp,0.5,1,1,TTCGTCCGCAGCGGTAAAAT,0,3396296
ssnAp,0.5,1,1,TTCGGTGTAGCCCTCATCTT,0,3373359
ssnAp,0.5,1,1,TTCGGTCTCCTGGCCAGCTG,0,3361470
ssnAp,0.5,1,1,TTCGGGTCATGTAGCCCCCG,0,3394898
ssnAp,0.5,1,1,TTCGGCGTCGTTATGCGGTT,0,3380475
ssnAp,0.5,1,1,TTCGGAAGAAGCTTGTTGCC,0,3374675
ssnAp,0.5,1,1,TTCGCCATAATTAATGATGG,0,3362613
ssnAp,0.5,1,1,TTCGCACTTCGAGGACCTTA,0,3390184
ssnAp,0.5,1,1,TTCGCACTATGAGTTCAATG,0,3362419
ssnAp,0.5,1,1,TTCGATATGTTGACATACAT,0,3383242
ssnAp,0.5,1,1,TTCGAGTTTAGCAGCCGCGT,0,3401087
ssnAp,0.5,1,1,TTCCTTGGTGACCTTTGTGG,0,3402687
ssnAp,0.5,1,1,TTCCTGCCTAGACGTAGTTA,0,3362701
ssnAp,0.5,1,1,TTCCTCTGCCGTAAAGTGTT,0,3390552
ssnAp,0.5,1,1,TTCCTCGGATTATCCTTATT,0,3376902
ssnAp,0.5,1,1,TTCCTCGCACTGCAAGGGAT,0,3379764
ssnAp,0.5,1,1,TTCCTCCCGCTACCTATCCT,0,3362801
ssnAp,0.5,1,1,TTCCTAGAACAGACAGATGT,0,3370555
ssnAp,0.5,1,1,TTCCGTGTAAACTCTGGCCT,0,3377736
ssnAp,0.5,1,1,TTCCGTCGAAGGACCCCCCC,0,3401680
ssnAp,0.5,1,1,TTCCGGGTTCGTTGACAGTC,0,3397702
ssnAp,0.5,1,1,TTCCCTCCAAGGATACTTCC,0,3392925
ssnAp,0.5,1,1,TTCCCGTGATATTTAAAGCT,0,3382570
ssnAp,0.5,1,1,TTCCCGAATAACCTTAGTGA,0,3389259
ssnAp,0.5,1,1,TTCCCAGGCGCCTCTTGATG,0,3395688
ssnAp,0.5,1,1,TTCATTTGCCTTATCGCTGG,0,3394412
ssnAp,0.5,1,1,TTCATGGTTACCACACCAGA,0,3385322
ssnAp,0.5,1,1,TTCATGGGGAATTCTAAAAG,0,3370363
ssnAp,0.5,1,1,TTCATAGCTGACCGCGTGCG,0,3381534
ssnAp,0.5,1,1,TTCAGGAACGTGGGCATATA,0,3362350
ssnAp,0.5,1,1,TTCAGAGCATACCACGGAGC,0,3363861
ssnAp,0.5,1,1,TTCAGAAGCTGTTGCTGACC,0,3381136
ssnAp,0.5,1,1,TTCAAATGACTCGACTCAAA,0,3370753
ssnAp,0.5,1,1,TTCAAAGTGTGTCTAGTTAG,0,3402885
ssnAp,0.5,1,1,TTATGCTAACCTCGTCGGCA,0,3401114
ssnAp,0.5,1,1,TTATGACCTGGATGTTGGTA,0,3394707
ssnAp,0.5,1,1,TTATGACCGGGAGGGCCATG,0,3389629
ssnAp,0.5,1,1,TTATCCTACGCTTAATACGC,0,3369859
ssnAp,0.5,1,1,TTATCCCACCGAGTTATCAC,0,3398609
ssnAp,0.5,1,1,TTATATTTGACAGAACGCGA,0,3364596
ssnAp,0.5,1,1,TTATACGGAGACTCTTGCGT,0,3400560
ssnAp,0.5,1,1,TTATACCTTGTGACCGCTAT,0,3392576
ssnAp,0.5,1,1,TTATACACATACCTGCTCCA,0,3402117
ssnAp,0.5,1,1,TTAGTAGTCACCGCAGAGCT,0,3359378
ssnAp,0.5,1,1,TTAGGTTGTCTTTGAAAAGT,0,3362848
ssnAp,0.5,1,1,TTAGGGTAGTGTGAGTCGCG,0,3398556
ssnAp,0.5,1,1,TTAGCTCTCCCTTAGGAGCG,0,3374007
ssnAp,0.5,1,1,TTAGCTATTCCATAGTAGAG,0,3401154
ssnAp,0.5,1,1,TTAGCCAATGTCGCGGGCAG,0,3378629
ssnAp,0.5,1,1,TTAGCATTCTCTGCTGCATG,0,3390714
ssnAp,0.5,1,1,TTAGCAGGACACACCGGGAC,0,3365559
ssnAp,0.5,1,1,TTAGACGCGGTCGGCTTTAA,0,3363497
ssnAp,0.5,1,1,TTAGAAGGTGATTGAGGATA,0,3384506
ssnAp,0.5,1,1,TTAGAACCTCAGAAACTTCC,0,3386576
ssnAp,0.5,1,1,TTACGTTCCGTCCGGATCGA,0,3374249
ssnAp,0.5,1,1,TTACGTCGTACTAGGTGGGG,0,3372946
ssnAp,0.5,1,1,TTACGCATCTGTCGAAGCAA,0,3400406
ssnAp,0.5,1,1,TTACGAAGGTGGGTCTTTGA,0,3381680
ssnAp,0.5,1,1,TTACCTGAGTCGTGCATTAA,0,3364082
ssnAp,0.5,1,1,TTACCTAGTCCATGTGTTAT,0,3388781
ssnAp,0.5,1,1,TTACCATTGGGAGACGTACA,0,3370097
ssnAp,0.5,1,1,TTACCATTACTTAAATCTGT,0,3397333
ssnAp,0.5,1,1,TTACCAGACACGTGGTATGG,0,3360826
ssnAp,0.5,1,1,TTACCAATGGTAGGCATACT,0,3394224
ssnAp,0.5,1,1,TTACATTAATAGTTGGGGTT,0,3390967
ssnAp,0.5,1,1,TTACAGTGCAGGTTCGAAGC,0,3396464
ssnAp,0.5,1,1,TTACAGAACCTTAATATCGT,0,3380063
ssnAp,0.5,1,1,TTAAGTATCACGGATAGAAA,0,3370797
ssnAp,0.5,1,1,TTAAGGCTATTAGGTTTCAC,0,3371112
ssnAp,0.5,1,1,TTAAGGCAATATTCGAGTAG,0,3373165
ssnAp,0.5,1,1,TTAACTGACGCTTAGTGTAA,0,3376370
ssnAp,0.5,1,1,TTAACTCCGGATACAAGTCT,0,3399045
ssnAp,0.5,1,1,TTAAAGTTAGCTGGTGACGT,0,3392582
ssnAp,0.5,1,1,TGTTTTATACTTAGATGGGA,0,3399964
ssnAp,0.5,1,1,TGTTTGGCTGCTACGGAAAC,0,3399449
ssnAp,0.5,1,1,TGTTTGAAATACTACCCGGG,0,3362214
ssnAp,0.5,1,1,TGTTGACAAGTTCTCTAAAG,0,3371495
ssnAp,0.5,1,1,TGTTCTGCCAAAGAATCTGA,0,3368284
ssnAp,0.5,1,1,TGTTCTCGCATGTCTCCGGA,0,3402526
ssnAp,0.5,1,1,TGTTCGATCATCGGCCACAA,0,3360109
ssnAp,0.5,1,1,TGTTCCGAGAGCGGATAAAG,0,3386544
ssnAp,0.5,1,1,TGTTAGAATCGGTTGGATGA,0,3401734
ssnAp,0.5,1,1,TGTTACATGATTACGGGATT,0,3399589
ssnAp,0.5,1,1,TGTGTTGTATGCTTTCGTGC,0,3371224
ssnAp,0.5,1,1,TGTGTGCAGCTATAGAGTCA,0,3398896
ssnAp,0.5,1,1,TGTGTGATTCGGGCTAAAAT,0,3360976
ssnAp,0.5,1,1,TGTGGTTGACAGTTTACCTC,0,3359652
ssnAp,0.5,1,1,TGTGGTAGAGTAACGGACAG,0,3369132
ssnAp,0.5,1,1,TGTGGGAAGCGATACCCGCT,0,3384782
ssnAp,0.5,1,1,TGTGGCCAGGCAGGGCGAGT,0,3388912
ssnAp,0.5,1,1,TGTGGAACGTGGGTACTGCG,0,3365182
ssnAp,0.5,1,1,TGTGCTGCTCAGCCACTGCA,0,3389521
ssnAp,0.5,1,1,TGTGCAGGCCTCCGTACCAC,0,3401959
ssnAp,0.5,1,1,TGTCTTCGTTAGTCTTAACT,0,3390232
ssnAp,0.5,1,1,TGTCTCGATAATTTTTTCAC,0,3376977
ssnAp,0.5,1,1,TGTCTATCGTCGTAATCGGT,0,3382630
ssnAp,0.5,1,1,TGTCTACACGTGAAGCCACT,0,3392991
ssnAp,0.5,1,1,TGTCGTACAGCACCCAAGGA,0,3381804
ssnAp,0.5,1,1,TGTCGCGGGTTAAGGTTTCA,0,3396530
ssnAp,0.5,1,1,TGTCCGCGCGCACACTCGGG,0,3381787
ssnAp,0.5,1,1,TGTCCGAGCGGGAAGCTAAC,0,3394540
ssnAp,0.5,1,1,TGTCCCCTGTACGGCCAGGT,0,3395354
ssnAp,0.5,1,1,TGTCCATTCTGGTAAATATC,0,3359933
ssnAp,0.5,1,1,TGTCCAGGAGGGTCGCCATA,0,3395204
ssnAp,0.5,1,1,TGTCCAACAGGTTTGCCTGA,0,3388716
ssnAp,0.5,1,1,TGTCAGCTCCCTGCAGTGGG,0,3363259
ssnAp,0.5,1,1,TGTCAACAAAACTATATGTT,0,3383924
ssnAp,0.5,1,1,TGTCAAAGGCAACGGGTGCG,0,3390976
ssnAp,0.5,1,1,TGTCAAACAGACTAGGCGGC,0,3359427
ssnAp,0.5,1,1,TGTAGATAGGAAACTCCATC,0,3387991
ssnAp,0.5,1,1,TGTAGAAGTAGCCAGGTTGC,0,3386474
ssnAp,0.5,1,1,TGTAGAAGACGTATCTAATC,0,3361790
ssnAp,0.5,1,1,TGTAGAAACACGATTTATAG,0,3389635
ssnAp,0.5,1,1,TGTAATTTCATATCCAGAGT,0,3386687
ssnAp,0.5,1,1,TGTAATTATTTTAGTCACCA,0,3367087
ssnAp,0.5,1,1,TGGTTTATGCCACAAACCCC,0,3361799
ssnAp,0.5,1,1,TGGTTGACCAGATATAATGT,0,3400953
ssnAp,0.5,1,1,TGGTTCGATGAATGGGGTCG,0,3370112
ssnAp,0.5,1,1,TGGTGTATATAGACATAAGG,0,3370173
ssnAp,0.5,1,1,TGGTGGGCAAGGAGAAACTG,0,3396700
ssnAp,0.5,1,1,TGGTGCAGGGCCTGCACCTT,0,3376170
ssnAp,0.5,1,1,TGGTGCAGCCAGGCTCCGTC,0,3390073
ssnAp,0.5,1,1,TGGTGATGTCGAGTTTTGTA,0,3396769
ssnAp,0.5,1,1,TGGTCGTTCTTATCTTGCAG,0,3376361
ssnAp,0.5,1,1,TGGTCCGGGGTGAGATCGAT,0,3380833
ssnAp,0.5,1,1,TGGTATTGCGGCCACGGTTT,0,3368027
ssnAp,0.5,1,1,TGGTATCGAGCTAGTCCGGC,0,3376031
ssnAp,0.5,1,1,TGGTATCAGACTAGCAGTGG,0,3375867
ssnAp,0.5,1,1,TGGTAACGGATTGTAACTCA,0,3366069
ssnAp,0.5,1,1,TGGGTTCCAAATCCGGAGTT,0,3385796
ssnAp,0.5,1,1,TGGGTCTGTGAGTCCCAGTT,0,3384683
ssnAp,0.5,1,1,TGGGTCATGTGTATTATCAC,0,3364171
ssnAp,0.5,1,1,TGGGTCATGCACTCCTGGAC,0,3364080
ssnAp,0.5,1,1,TGGGGTTTAGGGACGTTATG,0,3375431
ssnAp,0.5,1,1,TGGGGTTGCCATCTGCGCGT,0,3365345
ssnAp,0.5,1,1,TGGGGTCAATTCTCAGGTCC,0,3386777
ssnAp,0.5,1,1,TGGGGTACAAGGAGGCCCGG,0,3371342
ssnAp,0.5,1,1,TGGGGGATTCTCGGTGACAC,0,3365433
ssnAp,0.5,1,1,TGGGGCTGTCAAGGGTCAAG,0,3359410
ssnAp,0.5,1,1,TGGGGCCTATATCAGATACT,0,3395668
ssnAp,0.5,1,1,TGGGCTTAATGGACGCACGA,0,3390252
ssnAp,0.5,1,1,TGGGATTGTAGGGTCATGTT,0,3369456
ssnAp,0.5,1,1,TGGGACTGGGGACATATTGG,0,3385525
ssnAp,0.5,1,1,TGGGACCGGGACAAACGTTC,0,3388425
ssnAp,0.5,1,1,TGGCTTATGCATCTTACCGA,0,3401725
ssnAp,0.5,1,1,TGGCTGTTAGGGCAGGGAAA,0,3393403
ssnAp,0.5,1,1,TGGCTGTGATGAGTGCGAGT,0,3377921
ssnAp,0.5,1,1,TGGCTGTCCCCGGGTTGTCC,0,3377442
ssnAp,0.5,1,1,TGGCGGTCATCTAAGTGGAG,0,3365239
ssnAp,0.5,1,1,TGGCGCTGGGATTGATGCTA,0,3384279
ssnAp,0.5,1,1,TGGCCTGTACGAAGGCCTAT,0,3392957
ssnAp,0.5,1,1,TGGCCTGCGTAATAGTCTGC,0,3362782
ssnAp,0.5,1,1,TGGCCCAGACATGGCTTCAT,0,3363952
ssnAp,0.5,1,1,TGGCCAGCGAGTCATTTAGT,0,3366817
ssnAp,0.5,1,1,TGGCAGCACCCTACCGGCAA,0,3360815
ssnAp,0.5,1,1,TGGCAGAGTGACTCGATGAT,0,3373503
ssnAp,0.5,1,1,TGGCAATGGTCGATCGCTTT,0,3365863
ssnAp,0.5,1,1,TGGCAAAAGGCTCGTGGTTA,0,3360894
ssnAp,0.5,1,1,TGGATTCAACTTAGGAGCGA,0,3393697
ssnAp,0.5,1,1,TGGATTATTGAACCCCTAGA,0,3392364
ssnAp,0.5,1,1,TGGATGGGGAACTTAAAGAC,0,3360396
ssnAp,0.5,1,1,TGGATGCAAGTCCCTTTAAA,0,3394652
ssnAp,0.5,1,1,TGGAGTTTACGGGAGGTCCC,0,3373830
ssnAp,0.5,1,1,TGGAGTGTATTACGGTTGGG,0,3361108
ssnAp,0.5,1,1,TGGAGTAATGGGGAGCATCG,0,3395467
ssnAp,0.5,1,1,TGGACTTATGACTTCCTAAT,0,3381773
ssnAp,0.5,1,1,TGGACTGGATGCAGACAGGG,0,3366897
ssnAp,0.5,1,1,TGGACGCTAGGAAGCTCAAC,0,3381618
ssnAp,0.5,1,1,TGGACGATTATTCATAATTG,0,3379419
ssnAp,0.5,1,1,TGGACCCTCAATATATGGGA,0,3375989
ssnAp,0.5,1,1,TGGACCAATGGAAAGTAGGA,0,3388526
ssnAp,0.5,1,1,TGGACAGTATTCGAGCCAGT,0,3370799
ssnAp,0.5,1,1,TGGACACTAGCCTTCGCAGG,0,3369762
ssnAp,0.5,1,1,TGCTTCTTAGCGTAATGTGC,0,3398397
ssnAp,0.5,1,1,TGCTTAATGCCAGTCGAGTC,0,3399296
ssnAp,0.5,1,1,TGCTGGTATTGGTCCGTGGC,0,3363417
ssnAp,0.5,1,1,TGCTGGCTGAAGCGAGTGGT,0,3402471
ssnAp,0.5,1,1,TGCTGAGCTTCACAAACGAG,0,3388352
ssnAp,0.5,1,1,TGCTGACCGCGCTGCTGGAG,0,3379923
ssnAp,0.5,1,1,TGCTCCGCTAAAGGACCAAT,0,3382196
ssnAp,0.5,1,1,TGCTAGAGAGAAAATCGACG,0,3378117
ssnAp,0.5,1,1,TGCTAAGACGGAGTGGGCGG,0,3395849
ssnAp,0.5,1,1,TGCGTTCGAAGATGACGCAT,0,3364892
ssnAp,0.5,1,1,TGCGTTATGCACTTCCCAAA,0,3366478
ssnAp,0.5,1,1,TGCGTGCTCCTTCGGCATCT,0,3397054
ssnAp,0.5,1,1,TGCGGGACATCCTCTCCGCT,0,3371457
ssnAp,0.5,1,1,TGCGGCTCATCGAATGCCTT,0,3389479
ssnAp,0.5,1,1,TGCGGCGATAGAGCGCTGGT,0,3375252
ssnAp,0.5,1,1,TGCGCTGCCAGGACCAGGAA,0,3382139
ssnAp,0.5,1,1,TGCGCTCCCCGGTAAACCCC,0,3368148
ssnAp,0.5,1,1,TGCGCTATAAAGCAGGGTCT,0,3372452
ssnAp,0.5,1,1,TGCGCGTAAGAGTCCCATTG,0,3375674
ssnAp,0.5,1,1,TGCGCGCGGTGGGATAAAAA,0,3389379
ssnAp,0.5,1,1,TGCGATTCTACTAGAGACGT,0,3383407
ssnAp,0.5,1,1,TGCGACGCAGTCAGTTACCG,0,3375938
ssnAp,0.5,1,1,TGCGACATCGCATAAGGCGT,0,3397274
ssnAp,0.5,1,1,TGCGACATCAACGGACATAG,0,3383482
ssnAp,0.5,1,1,TGCCTTTGGACCTCGAGGAG,0,3363950
ssnAp,0.5,1,1,TGCCTTCGAACACGGAGACT,0,3363080
ssnAp,0.5,1,1,TGCCTGTGTCTTAGCCAATC,0,3367397
ssnAp,0.5,1,1,TGCCTGAAGGAGGGCCATGC,0,3373981
ssnAp,0.5,1,1,TGCCGTCGTTCATGAGCATA,0,3360831
ssnAp,0.5,1,1,TGCCCGGGTTACGATCCTAC,0,3362327
ssnAp,0.5,1,1,TGCCCGGCTGCCTTGTATAT,0,3393018
ssnAp,0.5,1,1,TGCCCAGCCCTCTGGGCTAT,0,3391784
ssnAp,0.5,1,1,TGCCATCGCTCATGTCGTGT,0,3380688
ssnAp,0.5,1,1,TGCCATAACCGCTAGAGACC,0,3392669
ssnAp,0.5,1,1,TGCCAGGGAGAGTCCGCATT,0,3365956
ssnAp,0.5,1,1,TGCCACTGCTCGTGGAGCGA,0,3396266
ssnAp,0.5,1,1,TGCATATTGATAATACCGGC,0,3363770
ssnAp,0.5,1,1,TGCATAGTGATTAGGGCTTG,0,3401518
ssnAp,0.5,1,1,TGCAGTTAGGTGAGTTCTTC,0,3387880
ssnAp,0.5,1,1,TGCAGATCTCCCTCTAGACA,0,3391229
ssnAp,0.5,1,1,TGCACCACTTCAAGATGTAG,0,3377823
ssnAp,0.5,1,1,TGCACAGATGAGCTAAGGCT,0,3402005
ssnAp,0.5,1,1,TGCAATGTTCCTCAATCCGT,0,3378371
ssnAp,0.5,1,1,TGCAAACTGTGCATCAGTAT,0,3371209
ssnAp,0.5,1,1,TGATTTATAATTCCTACCCT,0,3372568
ssnAp,0.5,1,1,TGATTGCTATTTCGCCAAGC,0,3395702
ssnAp,0.5,1,1,TGATTCTAGATGGAGAAGAT,0,3397035
ssnAp,0.5,1,1,TGATTCATGTGCGTCATGGA,0,3377810
ssnAp,0.5,1,1,TGATTCAGCTCGCTGCGAAC,0,3376412
ssnAp,0.5,1,1,TGATTACGTACTCGTTGCAA,0,3374515
ssnAp,0.5,1,1,TGATGGCGTACCCTATATTT,0,3385312
ssnAp,0.5,1,1,TGATGCGCTTTTTTCTTACG,0,3367355
ssnAp,0.5,1,1,TGATGCAAGGGTCAGGATCA,0,3370527
ssnAp,0.5,1,1,TGATCGGGTTTCACATCATG,0,3378680
ssnAp,0.5,1,1,TGATATCCCGTACCCGCGAT,0,3396080
ssnAp,0.5,1,1,TGAGTGCGTTTCATTAACTA,0,3390795
ssnAp,0.5,1,1,TGAGTAGAACGCCGCATGCT,0,3361943
ssnAp,0.5,1,1,TGAGGGTTACGGTCAACGGC,0,3366150
ssnAp,0.5,1,1,TGAGGATCCGAGTCGGGGTT,0,3401658
ssnAp,0.5,1,1,TGAGGAACCGCTTGCCAATT,0,3395279
ssnAp,0.5,1,1,TGAGCGTGACTAGCGCTATG,0,3371626
ssnAp,0.5,1,1,TGAGAACCTTGTTCGAGCCC,0,3384010
ssnAp,0.5,1,1,TGACTCTCCATACTCGACAG,0,3362950
ssnAp,0.5,1,1,TGACTAGAAGAGCTTTCTCC,0,3384174
ssnAp,0.5,1,1,TGACCTGTACCCTTCGCATA,0,3359838
ssnAp,0.5,1,1,TGACCGCACGCGTCAAGCTC,0,3392367
ssnAp,0.5,1,1,TGACATGAGGTTATGCGAAG,0,3364602
ssnAp,0.5,1,1,TGACACCACAATAAGGCAAT,0,3369726
ssnAp,0.5,1,1,TGAATATGTGCGCACTGGAC,0,3362075
ssnAp,0.5,1,1,TGAAGTTAAAACCCGATATG,0,3386323
ssnAp,0.5,1,1,TGAAGGCATTCAACGACCGG,0,3386227
ssnAp,0.5,1,1,TGAAGCCGCGTATTAATTCG,0,3392155
ssnAp,0.5,1,1,TGAACTAACTCTGCTCTGTC,0,3376972
ssnAp,0.5,1,1,TGAAATACCATCGGGTCACA,0,3371407
ssnAp,0.5,1,1,TGAAACACGATTGGCAATAA,0,3388529
ssnAp,0.5,1,1,TGAAAACTGGGGGCGCCATC,0,3359406
ssnAp,0.5,1,1,TCTTTAAAACCAATGTAAAC,0,3381588
ssnAp,0.5,1,1,TCTTGGGACGCAGATCTCAG,0,3365170
ssnAp,0.5,1,1,TCTTCTTTGCTTTCTCTGTA,0,3382771
ssnAp,0.5,1,1,TCTTCGGTTAGCCCTCAACG,0,3387957
ssnAp,0.5,1,1,TCTTCAGAAACGCTCTTAAC,0,3390243
ssnAp,0.5,1,1,TCTTCACCGCAGCCTATTAA,0,3402096
ssnAp,0.5,1,1,TCTGTTGCGAGGCGATCTCC,0,3394425
ssnAp,0.5,1,1,TCTGTGGCCGAGCACCCGCA,0,3392106
ssnAp,0.5,1,1,TCTGTCTGTTGATCGGCAGC,0,3386713
ssnAp,0.5,1,1,TCTGTAGCGTAGGACTTTCG,0,3372716
ssnAp,0.5,1,1,TCTGGGGGAGCGAGGCTATT,0,3402715
ssnAp,0.5,1,1,TCTGCTTCATTGATGTGTAT,0,3376207
ssnAp,0.5,1,1,TCTGCGGATCGTCAAAAAGT,0,3399151
ssnAp,0.5,1,1,TCTGCCATGTCAACTATTCA,0,3391705
ssnAp,0.5,1,1,TCTGAATTCCGACGCCGAAA,0,3390918
ssnAp,0.5,1,1,TCTCTTTATTCAATCAACAA,0,3368338
ssnAp,0.5,1,1,TCTCTTACCTCGCGGCAAAC,0,3369676
ssnAp,0.5,1,1,TCTCTGCGACTAGCGCGTCC,0,3374987
ssnAp,0.5,1,1,TCTCTACATGATGTCATCGG,0,3366757
ssnAp,0.5,1,1,TCTCGTTCGTGGCTTGAGCT,0,3388329
ssnAp,0.5,1,1,TCTCGTCGGTCGTGAGACGG,0,3374038
ssnAp,0.5,1,1,TCTCGGACGGCCTAAAACGG,0,3393359
ssnAp,0.5,1,1,TCTCCGTAACGAAACAGTTG,0,3392346
ssnAp,0.5,1,1,TCTCCAGATTGCTATAGCCT,0,3375640
ssnAp,0.5,1,1,TCTCAGATATATCAGCATCA,0,3394404
ssnAp,0.5,1,1,TCTATGGAAATCCGCATTGG,0,3394843
ssnAp,0.5,1,1,TCTAGTCCCTTTCGCGATTA,0,3392419
ssnAp,0.5,1,1,TCTAGTAACTTCTTATGTAG,0,3371287
ssnAp,0.5,1,1,TCTAGAATAGAGCACTCACC,0,3375966
ssnAp,0.5,1,1,TCTAAGGGACTTGGCGCCGA,0,3385076
ssnAp,0.5,1,1,TCTAAATGAGGAGCGGACGC,0,3359708
ssnAp,0.5,1,1,TCGTTTATTTGTAAAGGACC,0,3371893
ssnAp,0.5,1,1,TCGTGGCGTATCAGTGATAA,0,3385503
ssnAp,0.5,1,1,TCGTCTGAGGTACTCGGCGG,0,3367153
ssnAp,0.5,1,1,TCGTCCAGCCAAAAATGTAC,0,3380133
ssnAp,0.5,1,1,TCGTCACATGCAGCTGACGA,0,3390215
ssnAp,0.5,1,1,TCGTAGTCCGCTGTGGTACT,0,3372319
ssnAp,0.5,1,1,TCGTAGATTAGGTTTCCCCT,0,3373781
ssnAp,0.5,1,1,TCGTAAGCGCAGTGATTCAG,0,3395384
ssnAp,0.5,1,1,TCGGTTTAACACATATGCAA,0,3385355
ssnAp,0.5,1,1,TCGGTTCTTCTTGCCACGGG,0,3368178
ssnAp,0.5,1,1,TCGGTGAGTCAATCTGCTAC,0,3382510
ssnAp,0.5,1,1,TCGGTCGCGCAAATGGTGAG,0,3380353
ssnAp,0.5,1,1,TCGGTACGATCGACGCACAT,0,3385637
ssnAp,0.5,1,1,TCGGGGTGGGTGATCTCAGG,0,3402889
ssnAp,0.5,1,1,TCGGGGCTAAATAAAGGGGG,0,3370776
ssnAp,0.5,1,1,TCGGGCTACGTTCGAGGGCG,0,3383198
ssnAp,0.5,1,1,TCGGGCGAGCCGCGCAACAA,0,3401304
ssnAp,0.5,1,1,TCGGCCTGGGACTGGTACTT,0,3365572
ssnAp,0.5,1,1,TCGGCACTCGGGGCCTCTCA,0,3371417
ssnAp,0.5,1,1,TCGCTTGACGGCTTTGTTGC,0,3396181
ssnAp,0.5,1,1,TCGCTGTGTAACTCACTAGC,0,3371306
ssnAp,0.5,1,1,TCGCGTGTAACTCAAGTGAA,0,3392704
ssnAp,0.5,1,1,TCGCCTCAATCTCGAGAAGC,0,3399230
ssnAp,0.5,1,1,TCGCCGGCACGCGCCCCCGA,0,3383928
ssnAp,0.5,1,1,TCGCCCGGCTGAAGCGTTCC,0,3365953
ssnAp,0.5,1,1,TCGCCACTACAGGTGGCCCT,0,3369262
ssnAp,0.5,1,1,TCGCCAATAGCGAAGGGCCA,0,3401175
ssnAp,0.5,1,1,TCGCAAGGGGCGGTCTAGCC,0,3360794
ssnAp,0.5,1,1,TCGATTTTGGCCCGTTACCC,0,3378758
ssnAp,0.5,1,1,TCGATGTCGTTATCCAAGTT,0,3373068
ssnAp,0.5,1,1,TCGATGCTGCAGTCCAACCG,0,3395719
ssnAp,0.5,1,1,TCGAGCTAGGTATTCGTGAC,0,3376757
ssnAp,0.5,1,1,TCGACTCCGACGGAGATCTT,0,3370550
ssnAp,0.5,1,1,TCGAATTGTAGCTTGATGAC,0,3392608
ssnAp,0.5,1,1,TCGAAGGTCGCGGGGTGTTT,0,3369176
ssnAp,0.5,1,1,TCGAAGGTATTATTAGTTTG,0,3400434
ssnAp,0.5,1,1,TCGAACGAGCAACGAGAGCG,0,3384800
ssnAp,0.5,1,1,TCGAACCAGATCACCACGGT,0,3401961
ssnAp,0.5,1,1,TCCTTAACTAGCTCTACGTC,0,3361010
ssnAp,0.5,1,1,TCCTGCGAGGTAGTCCTGGC,0,3375588
ssnAp,0.5,1,1,TCCTGCCAGTTGTGGTTAAC,0,3360649
ssnAp,0.5,1,1,TCCTGCATAGTACATCAAGT,0,3377239
ssnAp,0.5,1,1,TCCTATGTTTGAATAAGAAT,0,3390363
ssnAp,0.5,1,1,TCCTATCGCCACCTCTCTGT,0,3399082
ssnAp,0.5,1,1,TCCTAAGGACGCCAAGTATT,0,3391875
ssnAp,0.5,1,1,TCCTAAAGTGATGCTCTTAC,0,3386823
ssnAp,0.5,1,1,TCCGTGTACTCTGGAATGCG,0,3368234
ssnAp,0.5,1,1,TCCGGGGTCTAAGTATAGGA,0,3385592
ssnAp,0.5,1,1,TCCGGCCACCACTAACGATC,0,3391725
ssnAp,0.5,1,1,TCCGCGACATCATGCGACAG,0,3388341
ssnAp,0.5,1,1,TCCGCAGATGTCAAAAGGCA,0,3385634
ssnAp,0.5,1,1,TCCGATCAACATGGCCTGTT,0,3392301
ssnAp,0.5,1,1,TCCGAGCGGGCCAAATCGCG,0,3379753
ssnAp,0.5,1,1,TCCCTGGTTCCGGCGTGCAT,0,3361140
ssnAp,0.5,1,1,TCCCTCGTATTTACCCTCGG,0,3365477
ssnAp,0.5,1,1,TCCCTAGGCAGTGACACCCG,0,3393175
ssnAp,0.5,1,1,TCCCGTTTACTCGCTTCACA,0,3393653
ssnAp,0.5,1,1,TCCCGTCGTTACTGTTGATT,0,3366316
ssnAp,0.5,1,1,TCCCGGTCCGGAGAAGCTGA,0,3360139
ssnAp,0.5,1,1,TCCCGCCCTTGGATTACTTG,0,3376383
ssnAp,0.5,1,1,TCCCCCCGAGATGCGGCCCC,0,3372858
ssnAp,0.5,1,1,TCCCCCAGTATCCGATAGTT,0,3361308
ssnAp,0.5,1,1,TCCCACCTTGTGCCAAACAT,0,3361985
ssnAp,0.5,1,1,TCCCACATCGCCATGGCAGA,0,3364551
ssnAp,0.5,1,1,TCCAGGTATCACACTAAGAT,0,3375374
ssnAp,0.5,1,1,TCCAGAGGCAAAAGGTCTTC,0,3389689
ssnAp,0.5,1,1,TCCAGACGTGGGGTCATCGT,0,3375682
ssnAp,0.5,1,1,TCCACTAGGCGGGTCAAGGG,0,3379602
ssnAp,0.5,1,1,TCCACGGCTCTAAGGCTCAC,0,3368204
ssnAp,0.5,1,1,TCCACCCTGGTTGACACCCT,0,3387536
ssnAp,0.5,1,1,TCCAAGACGCACAGTTCGGA,0,3365932
ssnAp,0.5,1,1,TCCAACACATCGTAACAAAC,0,3374951
ssnAp,0.5,1,1,TCCAACAAGGTTCAAGAAGG,0,3394072
ssnAp,0.5,1,1,TCCAAAGTGCAGGCTCGTGT,0,3393205
ssnAp,0.5,1,1,TCATCCTCGGAAGTTCGTAT,0,3387123
ssnAp,0.5,1,1,TCATCCGTCGGTTGGTAGGC,0,3381253
ssnAp,0.5,1,1,TCATCCAGAGTCAAAGCACC,0,3384756
ssnAp,0.5,1,1,TCATATTGATTCTCTACCTA,0,3372592
ssnAp,0.5,1,1,TCATAGCACCCAACTCGTGA,0,3361554
ssnAp,0.5,1,1,TCATACCACTAGGCTTACTT,0,3359758
ssnAp,0.5,1,1,TCATACAATGGTAAGTTATA,0,3379580
ssnAp,0.5,1,1,TCATAAGGATAGTACCATTT,0,3397371
ssnAp,0.5,1,1,TCAGTTATCCTGGCTACGTG,0,3393292
ssnAp,0.5,1,1,TCAGTGAGTCGATGTCATTA,0,3394755
ssnAp,0.5,1,1,TCAGGTGTCAGGATAACGCA,0,3393619
ssnAp,0.5,1,1,TCAGGTGCCTAATGTGGTAG,0,3359384
ssnAp,0.5,1,1,TCAGGTCAGTGCTTTCGACC,0,3379859
ssnAp,0.5,1,1,TCAGGGCCCGGTGCAGTAAT,0,3377964
ssnAp,0.5,1,1,TCAGACACCACGGAAGGAGA,0,3400111
ssnAp,0.5,1,1,TCACTGCGGCTCGGGTGTAG,0,3368894
ssnAp,0.5,1,1,TCACTGAAATGCTCCATAGA,0,3386673
ssnAp,0.5,1,1,TCACGTCGCCAGGGTACGAC,0,3397122
ssnAp,0.5,1,1,TCACGCCTCTCAGTTGCCCA,0,3379014
ssnAp,0.5,1,1,TCACATAATCAGAGGTTGTA,0,3382462
ssnAp,0.5,1,1,TCACAGTAATATTTGCGCGT,0,3362506
ssnAp,0.5,1,1,TCACAGGGTTCTCGTTAATA,0,3372796
ssnAp,0.5,1,1,TCACAGCGTCGGCATCAATC,0,3380613
ssnAp,0.5,1,1,TCACAATCAATAGCGGATAA,0,3363463
ssnAp,0.5,1,1,TCACAAGTAAAGCGCGCGCC,0,3375986
ssnAp,0.5,1,1,TCAATGTAGGTCTCCTCATT,0,3374405
ssnAp,0.5,1,1,TCAATGGCACCGAAGTTTGT,0,3388622
ssnAp,0.5,1,1,TCAATGACAAACAGTGCATA,0,3396673
ssnAp,0.5,1,1,TCAATATAGCCACTCAATTC,0,3397484
ssnAp,0.5,1,1,TCAAGTTATCACTAGCCATG,0,3359236
ssnAp,0.5,1,1,TCAAGGTATAAACGGCGTCA,0,3384606
ssnAp,0.5,1,1,TCAAGCGAGTGCCCAATTTC,0,3369381
ssnAp,0.5,1,1,TCAACTTGTCCTCATAATAG,0,3374183
ssnAp,0.5,1,1,TCAACGTTTCATGATGTTGA,0,3372846
ssnAp,0.5,1,1,TCAACAGGTGCCATGGCAGG,0,3364337
ssnAp,0.5,1,1,TCAAACTGCACCCGAAATCA,0,3390723
ssnAp,0.5,1,1,TCAAACTCGACTCCAGGGTA,0,3381481
ssnAp,0.5,1,1,TCAAACAATGCGTTGTACGT,0,3365291
ssnAp,0.5,1,1,TCAAAAGAATCACCCCACAA,0,3393624
ssnAp,0.5,1,1,TATTTTCGTTCCAGTCAGAA,0,3373305
ssnAp,0.5,1,1,TATTTGGGATACGACCCGAC,0,3390599
ssnAp,0.5,1,1,TATTTCGTCCAACCCTGCCC,0,3394216
ssnAp,0.5,1,1,TATTTAAACTCCTTAAGGGC,0,3394125
ssnAp,0.5,1,1,TATTGGTGGGATAAATCAGG,0,3376034
ssnAp,0.5,1,1,TATTGCTTGCACTCTCGTAA,0,3395062
ssnAp,0.5,1,1,TATTGATATAAGGCTAAGAC,0,3364175
ssnAp,0.5,1,1,TATTCTGACGCGTCACCAAA,0,3398225
ssnAp,0.5,1,1,TATTCGTGGCCTCGCGGCAA,0,3396430
ssnAp,0.5,1,1,TATTCGAGCATCTATATGTA,0,3388197
ssnAp,0.5,1,1,TATTAGTTGACGATTCGGTT,0,3361046
ssnAp,0.5,1,1,TATTAGGACAGCGCAAAATT,0,3376700
ssnAp,0.5,1,1,TATTACGCTGTCTACTGCTG,0,3389694
ssnAp,0.5,1,1,TATGTTGTCTAGTTCGCGTA,0,3359928
ssnAp,0.5,1,1,TATGTCCATCTGCTGACTGG,0,3374074
ssnAp,0.5,1,1,TATGGTGGCCGGCTATCCAT,0,3369984
ssnAp,0.5,1,1,TATGGTAGGAGTTGGCAGGC,0,3367256
ssnAp,0.5,1,1,TATGGTAATTGAGCGTTACA,0,3380918
ssnAp,0.5,1,1,TATGGGGTTATGGAGACTTC,0,3372084
ssnAp,0.5,1,1,TATGGCATAAGGACCTTCAC,0,3395969
ssnAp,0.5,1,1,TATGGAAACCACTCTTACAG,0,3399650
ssnAp,0.5,1,1,TATGCTGCGCGCACAAACTA,0,3362387
ssnAp,0.5,1,1,TATGCGAACCTATCGGGTAC,0,3362735
ssnAp,0.5,1,1,TATGCCATGGTGGTGACAAC,0,3383424
ssnAp,0.5,1,1,TATGAGAGCGACTGTAGCAG,0,3380476
ssnAp,0.5,1,1,TATGACGTAGCGTAGTCATG,0,3399652
ssnAp,0.5,1,1,TATCTCCCACGCAGCAGTCG,0,3366415
ssnAp,0.5,1,1,TATCTAAGCGGCTGATCAGG,0,3399004
ssnAp,0.5,1,1,TATCGTATACTCCTGGTAAC,0,3391864
ssnAp,0.5,1,1,TATCGACATGGATGAGGCAT,0,3400282
ssnAp,0.5,1,1,TATCCACAAGCAGGGGGAAG,0,3398062
ssnAp,0.5,1,1,TATCAGTACAGACTTCGGAA,0,3361611
ssnAp,0.5,1,1,TATCAGGTTGTATAATGCAA,0,3374053
ssnAp,0.5,1,1,TATCAGCGGCTTTTCTGTCA,0,3387927
ssnAp,0.5,1,1,TATCAAGGCGTTCGGGCGTA,0,3370106
ssnAp,0.5,1,1,TATCAAAGAATACGGCAGAA,0,3386215
ssnAp,0.5,1,1,TATATTGAGTCTGATGCTCG,0,3394451
ssnAp,0.5,1,1,TATATATCTGGCAGCGGGTC,0,3386289
ssnAp,0.5,1,1,TATATAGGGTACGGCGACTA,0,3368002
ssnAp,0.5,1,1,TATAGAAGCCAGGTTGCGTG,0,3372275
ssnAp,0.5,1,1,TATACTTTGAGCAGTCGTGC,0,3374872
ssnAp,0.5,1,1,TATACTTGGAGATGTCCGCG,0,3381402
ssnAp,0.5,1,1,TATACATATCCGAGGTGTTA,0,3374888
ssnAp,0.5,1,1,TATACAGAACTACCAATCGA,0,3390507
ssnAp,0.5,1,1,TATAATCTTAATGGTTCACC,0,3388195
ssnAp,0.5,1,1,TATAATCCAAGACAAGATTA,0,3379243
ssnAp,0.5,1,1,TAGTGAGGTGTGTCCGAGAT,0,3387224
ssnAp,0.5,1,1,TAGTAGATAGATTATGACGC,0,3373379
ssnAp,0.5,1,1,TAGGTTGTTTACACACGGAC,0,3363314
ssnAp,0.5,1,1,TAGGTTAGATTCCACTTGTT,0,3370998
ssnAp,0.5,1,1,TAGGTGGAGCTGATAGGCGC,0,3396057
ssnAp,0.5,1,1,TAGGTAAAGTGATAACTGGG,0,3360326
ssnAp,0.5,1,1,TAGGGTTCGCTTACTCAGAA,0,3394233
ssnAp,0.5,1,1,TAGGGGCGTGTTTGTAAGTC,0,3389045
ssnAp,0.5,1,1,TAGGGCACGCTGAAAACTAG,0,3372087
ssnAp,0.5,1,1,TAGGGAGTAGCCGTTCAACA,0,3384970
ssnAp,0.5,1,1,TAGGCTTGCATGATGAATCG,0,3394407
ssnAp,0.5,1,1,TAGGAGTCATGTTTCCCCTC,0,3385143
ssnAp,0.5,1,1,TAGGAGGTATTGCGACCTTA,0,3360367
ssnAp,0.5,1,1,TAGGAACTCAACGGGGAGTT,0,3396732
ssnAp,0.5,1,1,TAGCTTCATGTTTTTCCCGA,0,3398568
ssnAp,0.5,1,1,TAGCGAGGTCAGGGGATTTT,0,3362167
ssnAp,0.5,1,1,TAGCGACGCCACACAGTGAT,0,3372963
ssnAp,0.5,1,1,TAGCCTCTTCAGGGTGCACT,0,3367931
ssnAp,0.5,1,1,TAGCCCTGAAAGGACTCGCC,0,3394889
ssnAp,0.5,1,1,TAGCCATCCCCCTCCGAGAA,0,3394328
ssnAp,0.5,1,1,TAGCACGTTACCCCTGGTGA,0,3370034
ssnAp,0.5,1,1,TAGATTTGAATAAGTTGGAT,0,3385285
ssnAp,0.5,1,1,TAGATTCTTGATCGTAATGG,0,3379641
ssnAp,0.5,1,1,TAGATAGTGTCTAGGATGAA,0,3383648
ssnAp,0.5,1,1,TAGAGTCTAGCAGTACACGG,0,3397792
ssnAp,0.5,1,1,TAGAGTCGCTGCTTAGTATA,0,3392272
ssnAp,0.5,1,1,TAGAGCTTGAATACCATAAT,0,3392276
ssnAp,0.5,1,1,TAGACTTGCCTCATTACGAC,0,3368797
ssnAp,0.5,1,1,TAGACGTCCGTGCCGGACAC,0,3397325
ssnAp,0.5,1,1,TAGACCTTTCCAAGGAGGAG,0,3377718
ssnAp,0.5,1,1,TAGACCTAAGGGCCGTCACT,0,3385214
ssnAp,0.5,1,1,TAGAATGGCCGATCGTTACC,0,3366964
ssnAp,0.5,1,1,TAGAATACTTACCGAGCTGC,0,3385183
ssnAp,0.5,1,1,TACTGTGGCGTTCGGCGCAT,0,3376665
ssnAp,0.5,1,1,TACTGATTCCTGGAGTTGTA,0,3369664
ssnAp,0.5,1,1,TACTCCCTGAAATCGCTACC,0,3400027
ssnAp,0.5,1,1,TACGTTTGCAGGAAAATGCC,0,3400970
ssnAp,0.5,1,1,TACGTGTTCTTCGCCGTGGC,0,3401869
ssnAp,0.5,1,1,TACGTCCTATTTTGGAAAGG,0,3391098
ssnAp,0.5,1,1,TACGGTTTGGGGAACGATTA,0,3362912
ssnAp,0.5,1,1,TACGGGGGGGGGGTAGAAGG,0,3370966
ssnAp,0.5,1,1,TACGGCTATATAATTTTTTC,0,3382748
ssnAp,0.5,1,1,TACGGCAAAGTCCCAGGTTG,0,3362261
ssnAp,0.5,1,1,TACGGAACATGCAGGAATTC,0,3375180
ssnAp,0.5,1,1,TACGCTAGAGACGACGCCAG,0,3401019
ssnAp,0.5,1,1,TACGCGAACTTCCCGAAACG,0,3383177
ssnAp,0.5,1,1,TACGACAGACCACGGCCCGG,0,3371815
ssnAp,0.5,1,1,TACCTTAAGACCAGCAAACC,0,3380584
ssnAp,0.5,1,1,TACCTGTGACATGCACTACA,0,3393737
ssnAp,0.5,1,1,TACCTGGTAAACTGGGTCTA,0,3400284
ssnAp,0.5,1,1,TACCGGTCGGCATCTGCCAA,0,3398270
ssnAp,0.5,1,1,TACCCGCGACGGATGCTGTT,0,3399271
ssnAp,0.5,1,1,TACCCGATTACGTCATTTCA,0,3380955
ssnAp,0.5,1,1,TACCATATAATGAAAGCGAT,0,3378087
ssnAp,0.5,1,1,TACCAGTCTTCACCGTCACC,0,3372371
ssnAp,0.5,1,1,TACAGGGAGTATGCCATTGA,0,3391547
ssnAp,0.5,1,1,TACAGACTTGGTACGCTTCG,0,3378255
ssnAp,0.5,1,1,TACACTTGCTCGGCTGATCT,0,3392889
ssnAp,0.5,1,1,TACACTCCTTACGTGGGTAT,0,3368185
ssnAp,0.5,1,1,TACACTCACGCGCGTATCGA,0,3376140
ssnAp,0.5,1,1,TACAAGGGTCCGGTCTGGAC,0,3385373
ssnAp,0.5,1,1,TACAAGAGGTACCCACGTGT,0,3384528
ssnAp,0.5,1,1,TAATTTGTCCGTAGGTTGAT,0,3365453
ssnAp,0.5,1,1,TAATTGATTGGTGGAATCGT,0,3367200
ssnAp,0.5,1,1,TAATCCGAGGGGGCTACGTT,0,3375386
ssnAp,0.5,1,1,TAATCCCGATCCACTACGCA,0,3387721
ssnAp,0.5,1,1,TAATCAGCGATCTAAAAGTG,0,3369055
ssnAp,0.5,1,1,TAATATGTTTCTGCTCGTAA,0,3398150
ssnAp,0.5,1,1,TAATATCGCGTAGCGTCTAT,0,3383403
ssnAp,0.5,1,1,TAATAGGGTACAAGTCAATC,0,3367652
ssnAp,0.5,1,1,TAATAACACGGGCTACCCTT,0,3367427
ssnAp,0.5,1,1,TAAGTTGCAAATATATCCAA,0,3389449
ssnAp,0.5,1,1,TAAGTTCTCTGTTAGCAGAG,0,3371274
ssnAp,0.5,1,1,TAAGTCTACCATGATGGTTC,0,3377831
ssnAp,0.5,1,1,TAAGTACCGAATGGGCCTCT,0,3396855
ssnAp,0.5,1,1,TAAGGTACTTTGAAACAAGA,0,3387904
ssnAp,0.5,1,1,TAAGGGCGCCTCGTCTTCAG,0,3377114
ssnAp,0.5,1,1,TAAGGGAAGCCCGCGCAGAG,0,3391161
ssnAp,0.5,1,1,TAAGGCTGTATTGTGCCTAC,0,3368489
ssnAp,0.5,1,1,TAAGGATGCGTTGCGTGCCA,0,3380835
ssnAp,0.5,1,1,TAAGCTGTACGTGGCGGGTT,0,3381898
ssnAp,0.5,1,1,TAAGCTATGTGGTCCCCATA,0,3381829
ssnAp,0.5,1,1,TAAGCGTGGGTCGCTACAAA,0,3367083
ssnAp,0.5,1,1,TAAGCGTATTGGCATGGCTG,0,3381903
ssnAp,0.5,1,1,TAAGATCCGACAGTGTGTGC,0,3389756
ssnAp,0.5,1,1,TAACTAGATGTATGCACCAG,0,3373482
ssnAp,0.5,1,1,TAACCCAAACTCTTTCTCTC,0,3396460
ssnAp,0.5,1,1,TAACCAATGGCACTCTGGGC,0,3390191
ssnAp,0.5,1,1,TAAATTATACTACACTACCA,0,3382473
ssnAp,0.5,1,1,TAAATTACTCAGCTTGGAAT,0,3369484
ssnAp,0.5,1,1,TAAATGCGATTAGAAGGACT,0,3385783
ssnAp,0.5,1,1,TAAATGACCTTTTATCGATA,0,3374900
ssnAp,0.5,1,1,TAAATAAGTCCTAACTGAAA,0,3399855
ssnAp,0.5,1,1,TAAATAAGCTCTTATAGGGG,0,3365110
ssnAp,0.5,1,1,TAAAGTTTCCGACGTTTAGT,0,3384381
ssnAp,0.5,1,1,TAAAGCGTGGTCCTTGGGAG,0,3373837
ssnAp,0.5,1,1,TAAAGACTAAAGGTTTGTGT,0,3381551
ssnAp,0.5,1,1,TAAACTTTCCGAGACAAGGA,0,3388531
ssnAp,0.5,1,1,TAAACCCAGCTCTGGTCCAT,0,3370583
ssnAp,0.5,1,1,TAAAAGACGACCAGAGGCTA,0,3372445
ssnAp,0.5,1,1,TAAAAAGTCTATGTACACTA,0,3367390
ssnAp,0.5,1,1,TAAAAAGTAACCATTTTTCA,0,3360115
ssnAp,0.5,1,1,TAAAAAGCCGAGAATACTGG,0,3366981
ssnAp,0.5,1,1,GTTTTCCACTTGTTTAAATC,0,3367241
ssnAp,0.5,1,1,GTTTGTGTTAGGATTCACTA,0,3400451
ssnAp,0.5,1,1,GTTTGTACATTCGGCTCATG,0,3376348
ssnAp,0.5,1,1,GTTTGCAACTTAGCGCAGAT,0,3360144
ssnAp,0.5,1,1,GTTTGAGCCTATGTTCCAAC,0,3380732
ssnAp,0.5,1,1,GTTTGAATATAGGTTCAGTC,0,3401849
ssnAp,0.5,1,1,GTTTCTTCGTCACCCATGAA,0,3365838
ssnAp,0.5,1,1,GTTTCTGTGACCAACATACT,0,3377051
ssnAp,0.5,1,1,GTTTCCAACCTTTTTTCATC,0,3376965
ssnAp,0.5,1,1,GTTTCAACGTTGCTGTGTTG,0,3364497
ssnAp,0.5,1,1,GTTTAGTCGGATCTGGTGGG,0,3392944
ssnAp,0.5,1,1,GTTTAGTCCCCGCCTGAGAC,0,3359914
ssnAp,0.5,1,1,GTTTAGGTTTTTATTGCCTT,0,3376508
ssnAp,0.5,1,1,GTTTAGGGGATGTACTCTTA,0,3362169
ssnAp,0.5,1,1,GTTTAAGAGTCCCATTTGCC,0,3364642
ssnAp,0.5,1,1,GTTGGGGGGCTGTGGACGGT,0,3367911
ssnAp,0.5,1,1,GTTGGGAACAGCCTGCGATC,0,3385788
ssnAp,0.5,1,1,GTTGGCCTGCCAGGAATTGC,0,3400725
ssnAp,0.5,1,1,GTTGGAACACATCTGAGCTA,0,3392611
ssnAp,0.5,1,1,GTTGATTTCAGGTTAAAGAA,0,3377801
ssnAp,0.5,1,1,GTTGATCTCCACTCTATTAG,0,3385464
ssnAp,0.5,1,1,GTTGACTCGAGAAATGATGA,0,3386335
ssnAp,0.5,1,1,GTTGAAATGGAACCGTTGCT,0,3367538
ssnAp,0.5,1,1,GTTGAAATCGCTGAGATCCG,0,3377428
ssnAp,0.5,1,1,GTTCTTGGCATGATAGTTGT,0,3364828
ssnAp,0.5,1,1,GTTCTCGTCTTGCTTGAAGC,0,3396621
ssnAp,0.5,1,1,GTTCTATCGGCGATGTTGTT,0,3390783
ssnAp,0.5,1,1,GTTCGGTCATTGAACACCAC,0,3392270
ssnAp,0.5,1,1,GTTCGGGATTAGTGTGCGGC,0,3364059
ssnAp,0.5,1,1,GTTCGAGGCGCACGAGACAC,0,3394130
ssnAp,0.5,1,1,GTTCGAAGTATACAAGTTGT,0,3388204
ssnAp,0.5,1,1,GTTCACCCTGGGAAGCTGTG,0,3362747
ssnAp,0.5,1,1,GTTCAATGATTAAGCAAAAC,0,3381139
ssnAp,0.5,1,1,GTTCAACCGCTATCGACTAC,0,3391128
ssnAp,0.5,1,1,GTTATGGTCGATCCGGATTT,0,3400536
ssnAp,0.5,1,1,GTTATGAGTCGCCGCAGGAC,0,3398863
ssnAp,0.5,1,1,GTTAGGTGCACCTGCTATCA,0,3380923
ssnAp,0.5,1,1,GTTAGGTACTTAGTCCACTG,0,3389348
ssnAp,0.5,1,1,GTTAGGGCGTAGGAAGGATA,0,3398740
ssnAp,0.5,1,1,GTTAGCAGCGGCTGTTGCAC,0,3375452
ssnAp,0.5,1,1,GTTACCTTGGCTACCCATAC,0,3375968
ssnAp,0.5,1,1,GTTACAATGTGGCTGCTTCC,0,3402791
ssnAp,0.5,1,1,GTTAACCTCGTATGACTTAT,0,3388112
ssnAp,0.5,1,1,GTTAACACCCGCGATCATCC,0,3364589
ssnAp,0.5,1,1,GTGTTTTTCGTAGCAACAGG,0,3376258
ssnAp,0.5,1,1,GTGTTTTGGGACTAAGCTTG,0,3370962
ssnAp,0.5,1,1,GTGTTTGATGCGGCTGGAGA,0,3391512
ssnAp,0.5,1,1,GTGTTGTATAAAATCCCTCA,0,3374877
ssnAp,0.5,1,1,GTGTTCTCAACAAGTTGATA,0,3381887
ssnAp,0.5,1,1,GTGTTCAGTCGCCCGATAAG,0,3399969
ssnAp,0.5,1,1,GTGTGTTCAGTAGGGGACAT,0,3391839
ssnAp,0.5,1,1,GTGTGGGCACACCGAACTTG,0,3381364
ssnAp,0.5,1,1,GTGTGGGAGTATTTCAGTGG,0,3391764
ssnAp,0.5,1,1,GTGTGCTTCTCGACTCTCTC,0,3397438
ssnAp,0.5,1,1,GTGTCAATAACACCGAGATA,0,3392384
ssnAp,0.5,1,1,GTGTCAAGAACTCTCTAGTC,0,3366174
ssnAp,0.5,1,1,GTGTCAAAGCTATCAGTGTA,0,3381174
ssnAp,0.5,1,1,GTGTATGATCGATGTCAGCA,0,3367084
ssnAp,0.5,1,1,GTGTATCGTTGCGGAGGTAA,0,3401991
ssnAp,0.5,1,1,GTGTAGCCAGTGGACGACAG,0,3374674
ssnAp,0.5,1,1,GTGTAGACTGATTAGATGAA,0,3402045
ssnAp,0.5,1,1,GTGGTTTGGGAAATTCTCCC,0,3380842
ssnAp,0.5,1,1,GTGGTGATGCCTCAAAGTGA,0,3365011
ssnAp,0.5,1,1,GTGGTCGCAGTGATAACCAC,0,3379494
ssnAp,0.5,1,1,GTGGTCCTGGTCTCAGAGGT,0,3396399
ssnAp,0.5,1,1,GTGGTAATGGTCAGCAGAGA,0,3372711
ssnAp,0.5,1,1,GTGGGGGGAGGAAACATCAC,0,3386944
ssnAp,0.5,1,1,GTGGGCTTACAAGGTTTGAA,0,3380058
ssnAp,0.5,1,1,GTGGCTAATACTCAGGGGAT,0,3380010
ssnAp,0.5,1,1,GTGGCGTTGCCTACGTAGAA,0,3362392
ssnAp,0.5,1,1,GTGGCGGAGGGTTGCCCTTA,0,3371673
ssnAp,0.5,1,1,GTGGCGCACTCTTGCCAACC,0,3372285
ssnAp,0.5,1,1,GTGGATGGAGACCCAAGTCG,0,3369459
ssnAp,0.5,1,1,GTGGAGGTCTAATTGCCTTA,0,3362804
ssnAp,0.5,1,1,GTGGAGGCTAACTGACCAAT,0,3373031
ssnAp,0.5,1,1,GTGCGTGCCAACAATAAATG,0,3365337
ssnAp,0.5,1,1,GTGCGTCATTCATACCCCCA,0,3379364
ssnAp,0.5,1,1,GTGCGGGACTAATTAAGTGT,0,3384489
ssnAp,0.5,1,1,GTGCGGACTAACGTTCCCTA,0,3399385
ssnAp,0.5,1,1,GTGCGCGGTGTGTGCCAAGT,0,3389949
ssnAp,0.5,1,1,GTGCGCGGTCGGTCTACTAG,0,3402376
ssnAp,0.5,1,1,GTGCCCAAAGGCGGATCAAT,0,3376685
ssnAp,0.5,1,1,GTGCCATGAGTGGACATCTG,0,3360733
ssnAp,0.5,1,1,GTGCATTCGTCGGCAGGGTG,0,3375488
ssnAp,0.5,1,1,GTGCATAGATTCTTGCAGTG,0,3382186
ssnAp,0.5,1,1,GTGCAATAGCGGGTGTGTCA,0,3390726
ssnAp,0.5,1,1,GTGCAACTGCAGGGGCGGAC,0,3400798
ssnAp,0.5,1,1,GTGCAAAAAGGTTGTCCCCC,0,3374708
ssnAp,0.5,1,1,GTGATCTTGTCATGCCGGGA,0,3370903
ssnAp,0.5,1,1,GTGATCATAGCATCGGGAGG,0,3384482
ssnAp,0.5,1,1,GTGATCACAATCCTAACACT,0,3379451
ssnAp,0.5,1,1,GTGATACGGGTCGTCTGGGT,0,3373823
ssnAp,0.5,1,1,GTGAGGCGAGCTCTAGCTAG,0,3379799
ssnAp,0.5,1,1,GTGACGTGGACACACAAGTT,0,3362549
ssnAp,0.5,1,1,GTGAATACATCCCCACGTCA,0,3361604
ssnAp,0.5,1,1,GTGAACCCGGCACCATGTGA,0,3384169
ssnAp,0.5,1,1,GTCTTTTTGTTGAGGGTGAA,0,3381788
ssnAp,0.5,1,1,GTCTGCATAAATCAGGGCGC,0,3400081
ssnAp,0.5,1,1,GTCTGAATCGGAAGGGAATC,0,3378588
ssnAp,0.5,1,1,GTCTGAAGGTCCAACTAGGA,0,3394097
ssnAp,0.5,1,1,GTCTACGACGGCTGGGACGA,0,3387926
ssnAp,0.5,1,1,GTCTACCTGTAGACTATCAT,0,3401279
ssnAp,0.5,1,1,GTCGTTAGTTCAATTGATTC,0,3393829
ssnAp,0.5,1,1,GTCGTACGCTTAGTACACGT,0,3377615
ssnAp,0.5,1,1,GTCGGTCAACATACGCCGGA,0,3363904
ssnAp,0.5,1,1,GTCGGTATTTCTGGTTATTA,0,3382890
ssnAp,0.5,1,1,GTCGGGATCATGTACAATGG,0,3371283
ssnAp,0.5,1,1,GTCGCCTCGTTCTACCTACT,0,3362237
ssnAp,0.5,1,1,GTCGCCGCGAGGCTTAAGAA,0,3363036
ssnAp,0.5,1,1,GTCGCCCGTTCATGGCAATA,0,3393183
ssnAp,0.5,1,1,GTCCTTCGCAACGCGTAGAG,0,3379076
ssnAp,0.5,1,1,GTCCTTCACACTACGTTTCA,0,3398467
ssnAp,0.5,1,1,GTCCTGTCCACGATATCCGG,0,3393071
ssnAp,0.5,1,1,GTCCGCAAACCAACTCAGGT,0,3378926
ssnAp,0.5,1,1,GTCCCGGCGCGAGAGCTTCG,0,3361358
ssnAp,0.5,1,1,GTCCCCGGGACGAGCATTTA,0,3376209
ssnAp,0.5,1,1,GTCCACCTGGGGATCACTAA,0,3396901
ssnAp,0.5,1,1,GTCATTCTTTATGAGTTATG,0,3400592
ssnAp,0.5,1,1,GTCATGCGCTCTGGCTATAA,0,3385177
ssnAp,0.5,1,1,GTCATCGTCGTGCCCCGTTC,0,3399054
ssnAp,0.5,1,1,GTCATATAACTTGGCCTTTT,0,3391329
ssnAp,0.5,1,1,GTCAGGACGTGACGGTAAGG,0,3399505
ssnAp,0.5,1,1,GTCACGCACCCCGACAGAGA,0,3399748
ssnAp,0.5,1,1,GTCACAGTTTATGTGCACGA,0,3397299
ssnAp,0.5,1,1,GTCACAGCATTCCACTAACC,0,3371745
ssnAp,0.5,1,1,GTCAAGCTTAACGCCGTTTC,0,3393975
ssnAp,0.5,1,1,GTCAAGAGGCCCCCGGACGT,0,3396863
ssnAp,0.5,1,1,GTATTTTACGGCCGCCCCGG,0,3362219
ssnAp,0.5,1,1,GTATTGGGCATCTGCCCATC,0,3385671
ssnAp,0.5,1,1,GTATTCTTCAGATATAGAAT,0,3390381
ssnAp,0.5,1,1,GTATTAGCGATCTGTATGCC,0,3395862
ssnAp,0.5,1,1,GTAGTATGCAAAGTGATGGC,0,3392637
ssnAp,0.5,1,1,GTAGGCGGTTCTGTCTGTAT,0,3387252
ssnAp,0.5,1,1,GTAGGCCAAGATTAACATGT,0,3393424
ssnAp,0.5,1,1,GTAGGACTATTCTATTCATT,0,3373648
ssnAp,0.5,1,1,GTAGCTCGGTGCCAGGGGTC,0,3400203
ssnAp,0.5,1,1,GTAGCCAGAACAAAAGGTAA,0,3383708
ssnAp,0.5,1,1,GTAGCACTGATTACCCGCCA,0,3361264
ssnAp,0.5,1,1,GTAGAGTCGAATTCTTTGGA,0,3370064
ssnAp,0.5,1,1,GTACTCATCGTATGTGCTCA,0,3380612
ssnAp,0.5,1,1,GTACGTATAGTACGTACGAA,0,3382264
ssnAp,0.5,1,1,GTACGACACACTGCGACCCT,0,3398391
ssnAp,0.5,1,1,GTACCTCACACACCAGATTG,0,3382162
ssnAp,0.5,1,1,GTACCGTTCGCGCGCCCCGC,0,3370378
ssnAp,0.5,1,1,GTACACTGACATGTAAGTCG,0,3377701
ssnAp,0.5,1,1,GTACACGCCAACACCTTGCA,0,3387186
ssnAp,0.5,1,1,GTACACCTCCGGAATACAGC,0,3365092
ssnAp,0.5,1,1,GTAAGGACTACCCGCGGTTG,0,3378108
ssnAp,0.5,1,1,GTAACTGTTCCTGCCAAAGC,0,3379369
ssnAp,0.5,1,1,GTAACACTGCAGGGCGAGAG,0,3361897
ssnAp,0.5,1,1,GGTTTCGGGGTATTTCACAC,0,3389777
ssnAp,0.5,1,1,GGTTTCATACCACTCGGCTT,0,3401054
ssnAp,0.5,1,1,GGTTGATATCGTCTTTGAAG,0,3366690
ssnAp,0.5,1,1,GGTTCTAGGAACTGTTTTTA,0,3383370
ssnAp,0.5,1,1,GGTTCGTTCGCCTCAGGGAC,0,3375120
ssnAp,0.5,1,1,GGTTCGGCTCAGTTGCGGGA,0,3388737
ssnAp,0.5,1,1,GGTTCCGATTTCGGGTCTTC,0,3360407
ssnAp,0.5,1,1,GGTTCCAATTCGTAGCCGGT,0,3392123
ssnAp,0.5,1,1,GGTTATGGCTAGCTCAATTT,0,3379103
ssnAp,0.5,1,1,GGTTATGCAACCGAAGGGTC,0,3382369
ssnAp,0.5,1,1,GGTTAGAGCACCGTTCTCGT,0,3393459
ssnAp,0.5,1,1,GGTGTGTTCAATATTCGTAT,0,3393727
ssnAp,0.5,1,1,GGTGTGCTATTCGGATAAGC,0,3384427
ssnAp,0.5,1,1,GGTGTGCAATTAACACGGGT,0,3370718
ssnAp,0.5,1,1,GGTGTCGGGGAAGGGACCGC,0,3374965
ssnAp,0.5,1,1,GGTGTATGGTGGTTGTCTAA,0,3389673
ssnAp,0.5,1,1,GGTGGTGGAAGCAGGAATGC,0,3401479
ssnAp,0.5,1,1,GGTGGTGCCAGCCGCCCGCA,0,3390935
ssnAp,0.5,1,1,GGTGGTATCGTTATCTAGGG,0,3378751
ssnAp,0.5,1,1,GGTGGGCTTGCAATAGGGGC,0,3391067
ssnAp,0.5,1,1,GGTGGCCTCACCGCCTTTGG,0,3386402
ssnAp,0.5,1,1,GGTGGCCGACTTTCAGGTTC,0,3396742
ssnAp,0.5,1,1,GGTGGCACTTTGAGCTAATC,0,3367927
ssnAp,0.5,1,1,GGTGCGGTGCTTGGGTAGCA,0,3386036
ssnAp,0.5,1,1,GGTGCGAGCCTACAATTCGG,0,3361087
ssnAp,0.5,1,1,GGTGCCCAACCAGGCAATTA,0,3386365
ssnAp,0.5,1,1,GGTGATGCCTCTGCACCAAG,0,3374978
ssnAp,0.5,1,1,GGTGATCCGGCGAATCGTAA,0,3379601
ssnAp,0.5,1,1,GGTGAGTTTAGTCGGTGACC,0,3385751
ssnAp,0.5,1,1,GGTGAGTGGGCGGGCGTTAC,0,3364229
ssnAp,0.5,1,1,GGTGAACCTCATCCAGCGGT,0,3368295
ssnAp,0.5,1,1,GGTCTTGAATTCACGGTATT,0,3400532
ssnAp,0.5,1,1,GGTCTTCATAAATGTTCTTG,0,3368334
ssnAp,0.5,1,1,GGTCTTAGTCGGATAATCCG,0,3363612
ssnAp,0.5,1,1,GGTCTGCACTGCACGTCACC,0,3382014
ssnAp,0.5,1,1,GGTCTGATGTATCTAAGACT,0,3368054
ssnAp,0.5,1,1,GGTCTATGTCGTGTTTGTGC,0,3360761
ssnAp,0.5,1,1,GGTCGGGCATGTGGCCAGAT,0,3376546
ssnAp,0.5,1,1,GGTCCATGCCTTTTATCAAC,0,3374214
ssnAp,0.5,1,1,GGTCAAGACCGTTCGCGAGT,0,3367825
ssnAp,0.5,1,1,GGTCAAAGACTAGCTGGTGA,0,3376712
ssnAp,0.5,1,1,GGTCAAAAGTGGGGGCATCC,0,3366972
ssnAp,0.5,1,1,GGTATGTGGTACTGCGCTAA,0,3370859
ssnAp,0.5,1,1,GGTATAGGCTACATTGGGTA,0,3370854
ssnAp,0.5,1,1,GGTATACGTCCTATACATCG,0,3396403
ssnAp,0.5,1,1,GGTATAAAATTGCCCACGGA,0,3397311
ssnAp,0.5,1,1,GGTAGCGGAACCCGGCTACC,0,3371858
ssnAp,0.5,1,1,GGTAGAGCCTGACCCCTACG,0,3372925
ssnAp,0.5,1,1,GGTAAGTGCGCAGGCAAGCG,0,3386529
ssnAp,0.5,1,1,GGTAAGAGCTGAGCTGGGAA,0,3370468
ssnAp,0.5,1,1,GGTAAACAGATGGGCAACTG,0,3385712
ssnAp,0.5,1,1,GGGTTTGACCACGCAAGTAG,0,3393206
ssnAp,0.5,1,1,GGGTTTGAAGACAACAGTAA,0,3371497
ssnAp,0.5,1,1,GGGTTGCCTTATCCTAACTC,0,3359731
ssnAp,0.5,1,1,GGGTGGAGCCATTAATGTTC,0,3388182
ssnAp,0.5,1,1,GGGTGCTCCCGACTCATATT,0,3359757
ssnAp,0.5,1,1,GGGTGCAACGAGAGCCGGGG,0,3388278
ssnAp,0.5,1,1,GGGTCTGCTATTCGCGCGAA,0,3377435
ssnAp,0.5,1,1,GGGGTTCGCGCAACACGGTT,0,3365791
ssnAp,0.5,1,1,GGGGTTCCAATAGCGACATG,0,3365738
ssnAp,0.5,1,1,GGGGTCTAGGTGTACTCGTA,0,3398018
ssnAp,0.5,1,1,GGGGGTCGTATTGTGTCTCG,0,3372881
ssnAp,0.5,1,1,GGGGGTCGGCCATGCCTCCG,0,3370611
ssnAp,0.5,1,1,GGGGGCGTAGTAACTGATAA,0,3379676
ssnAp,0.5,1,1,GGGGGACTTGGACATAATCC,0,3371639
ssnAp,0.5,1,1,GGGGGACTCGACCAACGCAT,0,3369300
ssnAp,0.5,1,1,GGGGCTGTTTTGCTGGAGGT,0,3360820
ssnAp,0.5,1,1,GGGGCGCGGTTTTACAGTTA,0,3374225
ssnAp,0.5,1,1,GGGGCCGTAGAGACTTAAAG,0,3385072
ssnAp,0.5,1,1,GGGGCCCAGCGTGAGACGTG,0,3386631
ssnAp,0.5,1,1,GGGGCATATCGTACTAGAGA,0,3362989
ssnAp,0.5,1,1,GGGGATTAGCTAGAATTGTC,0,3387997
ssnAp,0.5,1,1,GGGGATATGTTCTACATCGC,0,3394172
ssnAp,0.5,1,1,GGGGATACCTAAACGCACGT,0,3397332
ssnAp,0.5,1,1,GGGGACCTTATACAGATAGT,0,3368496
ssnAp,0.5,1,1,GGGGAAAGGACCCGTGGGTA,0,3366102
ssnAp,0.5,1,1,GGGCTGACGGGCCATTAAAA,0,3396639
ssnAp,0.5,1,1,GGGCGTAGGTCAGCGTGGGA,0,3398880
ssnAp,0.5,1,1,GGGCGGTCAAAAAGAACAAG,0,3388148
ssnAp,0.5,1,1,GGGCGGCTGTGACGAAACGT,0,3397932
ssnAp,0.5,1,1,GGGCGCTCAGTTTGATTGAA,0,3366722
ssnAp,0.5,1,1,GGGCGCATCATCTCGTGTCA,0,3387291
ssnAp,0.5,1,1,GGGCCTCCATTTAGAATTGT,0,3375498
ssnAp,0.5,1,1,GGGCCGTGCATCTACCGCTG,0,3369223
ssnAp,0.5,1,1,GGGCCGGCAGTAAACCCTTA,0,3378194
ssnAp,0.5,1,1,GGGCATCACGCAGGGGACCA,0,3360222
ssnAp,0.5,1,1,GGGCAGCAGTGGGTCTGACG,0,3364485
ssnAp,0.5,1,1,GGGAGATCTCGAAGACAAAT,0,3378126
ssnAp,0.5,1,1,GGGACTGAACCAGAAGACGA,0,3365054
ssnAp,0.5,1,1,GGGACCTGCACCGTCACTGC,0,3381603
ssnAp,0.5,1,1,GGGACCGTATACACCTTCGG,0,3399862
ssnAp,0.5,1,1,GGGACAAGGTATCATGCGAC,0,3377384
ssnAp,0.5,1,1,GGGAATCCTCCAGGTATTCC,0,3389591
ssnAp,0.5,1,1,GGGAAGTGGCAGCAACATGA,0,3391643
ssnAp,0.5,1,1,GGGAAGGCCTACTAAATAAG,0,3366457
ssnAp,0.5,1,1,GGGAAAGCCGAATCTTTGTG,0,3371439
ssnAp,0.5,1,1,GGGAAACGCACTGGGTCTGT,0,3366736
ssnAp,0.5,1,1,GGCTTGTTCCACACTGGGTG,0,3399150
ssnAp,0.5,1,1,GGCTGGTCATTCACGCCCAG,0,3395592
ssnAp,0.5,1,1,GGCTGCTGTAACTACCTCGA,0,3370732
ssnAp,0.5,1,1,GGCTGACTCGTGACGCCCTA,0,3372771
ssnAp,0.5,1,1,GGCTGACAAACCCTCCGCAT,0,3390292
ssnAp,0.5,1,1,GGCTCGTGCGGGGAGCCTTA,0,3368820
ssnAp,0.5,1,1,GGCTATTATGACTAAGTGAA,0,3397479
ssnAp,0.5,1,1,GGCGTCCATTTTCACAAGCA,0,3391033
ssnAp,0.5,1,1,GGCGGTCTTATGGCTGTATT,0,3376132
ssnAp,0.5,1,1,GGCGGATTCGGCCGCCGTTG,0,3369063
ssnAp,0.5,1,1,GGCGGACACACTGTGTGAAT,0,3397237
ssnAp,0.5,1,1,GGCGCTGTCAGGGCTTCAGT,0,3366191
ssnAp,0.5,1,1,GGCGCGGTGTATTCCTGTAA,0,3399333
ssnAp,0.5,1,1,GGCGCACTAAAGTATGATGA,0,3383672
ssnAp,0.5,1,1,GGCGATTTGGACTCTACATG,0,3360190
ssnAp,0.5,1,1,GGCGATTGCCAATATTATTC,0,3361769
ssnAp,0.5,1,1,GGCGATCGCATGCGTGCACC,0,3384966
ssnAp,0.5,1,1,GGCGACAGCTCCTCTGTTGT,0,3365802
ssnAp,0.5,1,1,GGCCTTGGGAATCGCTTGCA,0,3381373
ssnAp,0.5,1,1,GGCCGTTCGTCAAAGGCCAG,0,3395256
ssnAp,0.5,1,1,GGCCGGGTTCTCAACGGTGG,0,3374854
ssnAp,0.5,1,1,GGCCCTACCGGTTACTCCCC,0,3398423
ssnAp,0.5,1,1,GGCCACAGCTCCTTTGAGCG,0,3374655
ssnAp,0.5,1,1,GGCCAACCCATTTCCGGAGT,0,3395503
ssnAp,0.5,1,1,GGCCAAAGGGATTCCCTCGG,0,3370452
ssnAp,0.5,1,1,GGCATGTATCTGAAATTCGC,0,3401816
ssnAp,0.5,1,1,GGCATCGTCTAATGGTACGT,0,3363915
ssnAp,0.5,1,1,GGCATCAACGGGATTAGCAC,0,3395931
ssnAp,0.5,1,1,GGCAGGGCGAGTGTCCCCCA,0,3399654
ssnAp,0.5,1,1,GGCACGTCCCCATAACAATA,0,3398132
ssnAp,0.5,1,1,GGCACGGTTTTTGACTGAGT,0,3364168
ssnAp,0.5,1,1,GGCAACCTTTTGCCTGCTGA,0,3380394
ssnAp,0.5,1,1,GGATTGAAGACTTAATTTTA,0,3382452
ssnAp,0.5,1,1,GGATTCGGGGGTTATTCAGG,0,3365493
ssnAp,0.5,1,1,GGATTCCCAGAATCTAAGTC,0,3367569
ssnAp,0.5,1,1,GGATTAAGTAGTTTACCGAT,0,3379902
ssnAp,0.5,1,1,GGATGTAAGGTGGAATTGGG,0,3381406
ssnAp,0.5,1,1,GGATGGTAGTCACAGCATAC,0,3390511
ssnAp,0.5,1,1,GGATGCTCCGGCTAACACTT,0,3401055
ssnAp,0.5,1,1,GGATGCATGGGCTGGGGTTC,0,3400795
ssnAp,0.5,1,1,GGATGCAGGCTGTGTGTCAA,0,3368827
ssnAp,0.5,1,1,GGATCTGCACCTAGCATTCA,0,3386314
ssnAp,0.5,1,1,GGATCGTGAATGCCGGCCGG,0,3391753
ssnAp,0.5,1,1,GGATATCTAGGACAACCACA,0,3401292
ssnAp,0.5,1,1,GGATATAATTTACTCGCAGT,0,3389056
ssnAp,0.5,1,1,GGATAGTCTCGCAAGACGAA,0,3398662
ssnAp,0.5,1,1,GGATAGCTGAGTCTGATATG,0,3380310
ssnAp,0.5,1,1,GGATACTGTGCTGCTTTATT,0,3369778
ssnAp,0.5,1,1,GGATAACGAAGGCCAGAAGT,0,3362713
ssnAp,0.5,1,1,GGAGTTGATTATAATATATT,0,3365409
ssnAp,0.5,1,1,GGAGTTAACACTATGCGGGA,0,3390117
ssnAp,0.5,1,1,GGAGTGTTAACCCACATAAA,0,3393931
ssnAp,0.5,1,1,GGAGTGCGTGACGAATGTGT,0,3383638
ssnAp,0.5,1,1,GGAGTCCCGGCCAGTTTACA,0,3373759
ssnAp,0.5,1,1,GGAGCTATCGCAGTGCAAAC,0,3381833
ssnAp,0.5,1,1,GGAGCGCATCGATGAGCCAT,0,3365782
ssnAp,0.5,1,1,GGAGCAGGCTGATATGTACT,0,3399681
ssnAp,0.5,1,1,GGAGATGCGCAACGGCTAAG,0,3392248
ssnAp,0.5,1,1,GGACTCTTGCCGCTCACGGT,0,3397877
ssnAp,0.5,1,1,GGACGGGTTCTCAATTGTGA,0,3383308
ssnAp,0.5,1,1,GGACCTGAATAGATCTGTAG,0,3400172
ssnAp,0.5,1,1,GGACCGCGGCGGCGACAACT,0,3401856
ssnAp,0.5,1,1,GGACCATCGGTGTGGAAGTC,0,3389744
ssnAp,0.5,1,1,GGACCAGTGTAACCCTGGGT,0,3393609
ssnAp,0.5,1,1,GGACATTTATCAGCCGGACA,0,3364679
ssnAp,0.5,1,1,GGACATCTCATACCAGGAAT,0,3374516
ssnAp,0.5,1,1,GGACATAGACAGAACGCCGC,0,3380242
ssnAp,0.5,1,1,GGACAGGCGTTAGGTGATGC,0,3374389
ssnAp,0.5,1,1,GGACAAAGTTTGGTCAGGAA,0,3384906
ssnAp,0.5,1,1,GGAATATACATATCTTATTT,0,3395751
ssnAp,0.5,1,1,GGAATAGCTGAGCCTCTCTC,0,3389706
ssnAp,0.5,1,1,GGAAGAAAGGGATTACCGAC,0,3370642
ssnAp,0.5,1,1,GGAACTCGTGTGTAACGAGG,0,3371659
ssnAp,0.5,1,1,GGAACTATGAAGTAATACGA,0,3391697
ssnAp,0.5,1,1,GGAACGTACTTAAAAATGAT,0,3395698
ssnAp,0.5,1,1,GGAACGACGGATGTGCTTAT,0,3390647
ssnAp,0.5,1,1,GGAACATTCCACATGCTAAT,0,3380579
ssnAp,0.5,1,1,GGAACAGACGTCAAAGTTTA,0,3402154
ssnAp,0.5,1,1,GGAAACGGCCATCGATACAC,0,3363367
ssnAp,0.5,1,1,GGAAAAGTTCCTCAACGAGT,0,3392373
ssnAp,0.5,1,1,GGAAAACTTTACCGATGTGA,0,3380692
ssnAp,0.5,1,1,GCTTTTAGGACACTGTGCCA,0,3380808
ssnAp,0.5,1,1,GCTTGGCGGAAGTCCCTTGG,0,3367651
ssnAp,0.5,1,1,GCTTGGAAGTACGATAAGTA,0,3383865
ssnAp,0.5,1,1,GCTTGCCTTCACGGGTTGTA,0,3379015
ssnAp,0.5,1,1,GCTTCCCCGTTTAGGACTTC,0,3375900
ssnAp,0.5,1,1,GCTTAGTAATGGGACAATGA,0,3402807
ssnAp,0.5,1,1,GCTTACATGAACATCTCATC,0,3389696
ssnAp,0.5,1,1,GCTGTTAATCGTCAGACCCT,0,3380352
ssnAp,0.5,1,1,GCTGGTGTGCGCTTCATTTG,0,3368106
ssnAp,0.5,1,1,GCTGGGTCTATAGGTGCGAC,0,3359411
ssnAp,0.5,1,1,GCTGGCACAACCACTAGGGT,0,3376714
ssnAp,0.5,1,1,GCTGGACTTAACTTGGCACC,0,3382144
ssnAp,0.5,1,1,GCTGCGGAGAATGTGAGGGA,0,3401093
ssnAp,0.5,1,1,GCTGCATAGGAAAGTTGGGG,0,3371386
ssnAp,0.5,1,1,GCTGCAAACGAACCGTGTAG,0,3399024
ssnAp,0.5,1,1,GCTGCAAAAAATGCACGTCA,0,3360703
ssnAp,0.5,1,1,GCTGACTCGAGTGCCCACGG,0,3371569
ssnAp,0.5,1,1,GCTCTTAATCAAGCTATCTA,0,3387424
ssnAp,0.5,1,1,GCTCTGTTTCAATTCTAGTG,0,3382330
ssnAp,0.5,1,1,GCTCTGATTATTGATAAAAT,0,3379351
ssnAp,0.5,1,1,GCTCTGAGGGCGCTGTAAGC,0,3367077
ssnAp,0.5,1,1,GCTCGTGTAATAGTGACACC,0,3395851
ssnAp,0.5,1,1,GCTCGTAAGATGAGTTATAA,0,3377578
ssnAp,0.5,1,1,GCTCGGTCTGGATAAAAGTC,0,3400368
ssnAp,0.5,1,1,GCTCGGATCTGTGATCATGC,0,3381930
ssnAp,0.5,1,1,GCTCGCGCGTGGCGTAGTAT,0,3365899
ssnAp,0.5,1,1,GCTCGAGGCTGGCAAAACAA,0,3394207
ssnAp,0.5,1,1,GCTCGACCCACCCTTTAGTG,0,3377203
ssnAp,0.5,1,1,GCTCCGCGTCATTGAAATTC,0,3400819
ssnAp,0.5,1,1,GCTCAGTTCTACTATGTGCT,0,3395956
ssnAp,0.5,1,1,GCTATCCTAGATTTTTTCAA,0,3376124
ssnAp,0.5,1,1,GCTATATGTCTGCTGGGGTG,0,3393933
ssnAp,0.5,1,1,GCTATATCGAAACCCTCTCT,0,3377326
ssnAp,0.5,1,1,GCTAGAGGGCGGTATGCACC,0,3385404
ssnAp,0.5,1,1,GCTACTGCCTTAGACTGTTT,0,3379593
ssnAp,0.5,1,1,GCTACTCCCAAATGCCGATC,0,3398392
ssnAp,0.5,1,1,GCTACGGCAACTTCAACGAG,0,3392265
ssnAp,0.5,1,1,GCTACGCGCCGAACTTCCCA,0,3399608
ssnAp,0.5,1,1,GCTAAGGCACGATAAAATGG,0,3388124
ssnAp,0.5,1,1,GCTAACGTCCTCACCCTTCG,0,3392887
ssnAp,0.5,1,1,GCTAACGAGTGGCCGTCCAT,0,3363655
ssnAp,0.5,1,1,GCTAAATTCGCATGCGGACC,0,3388636
ssnAp,0.5,1,1,GCGTTTATAACGAAATCTGC,0,3373357
ssnAp,0.5,1,1,GCGTTATAGCCCGGTAGCCT,0,3397882
ssnAp,0.5,1,1,GCGTGTGTTCGATGTTAACT,0,3399724
ssnAp,0.5,1,1,GCGTGTCGTTAATGTCTCAG,0,3377022
ssnAp,0.5,1,1,GCGTGCCTCGGCGCTTAATC,0,3396471
ssnAp,0.5,1,1,GCGTCGGTGGCCCCGTCTGC,0,3389074
ssnAp,0.5,1,1,GCGTCGCAGGCAGAAATGAG,0,3388882
ssnAp,0.5,1,1,GCGTCCGGATAAAATACCTA,0,3371567
ssnAp,0.5,1,1,GCGGTGCGGAGTAGTGCGAT,0,3377565
ssnAp,0.5,1,1,GCGGTGAGCCATGTTTCGTC,0,3376593
ssnAp,0.5,1,1,GCGGTCGCTTCATGGGACAC,0,3389815
ssnAp,0.5,1,1,GCGGTCCACGACGTGAAGTG,0,3384078
ssnAp,0.5,1,1,GCGGTAAACGTGTATTTGAG,0,3391450
ssnAp,0.5,1,1,GCGGGGTTTCCGCTGGGAGT,0,3360524
ssnAp,0.5,1,1,GCGGGGTTTATTATGCTGTC,0,3401251
ssnAp,0.5,1,1,GCGGGATACACCGAGTGTCA,0,3372046
ssnAp,0.5,1,1,GCGGCTGTGTTTCACGCTTT,0,3365075
ssnAp,0.5,1,1,GCGGCGCTGTACAAGCCTCT,0,3399552
ssnAp,0.5,1,1,GCGGCCGTAAATTTTCGGAT,0,3399126
ssnAp,0.5,1,1,GCGGCCCTGGGGCGCGCCAA,0,3382882
ssnAp,0.5,1,1,GCGGCCAGTTGTTACGCCTT,0,3392058
ssnAp,0.5,1,1,GCGGATGCTGCTACGTTTCC,0,3363908
ssnAp,0.5,1,1,GCGGACCGGACCCTATACCT,0,3394406
ssnAp,0.5,1,1,GCGGAATATGCACAAACGCT,0,3391140
ssnAp,0.5,1,1,GCGCTTTTATCAGCGTATAT,0,3374317
ssnAp,0.5,1,1,GCGCTAATTTATTCGCGGAT,0,3374814
ssnAp,0.5,1,1,GCGCGTATAAGGACCATTTG,0,3392032
ssnAp,0.5,1,1,GCGCGAGATTTGTAAATTTT,0,3372893
ssnAp,0.5,1,1,GCGCGAACGGGTCGTGGGGT,0,3365222
ssnAp,0.5,1,1,GCGCCTGCGATAAAGATGTT,0,3370584
ssnAp,0.5,1,1,GCGCCTCCATTCCATCTCCC,0,3397843
ssnAp,0.5,1,1,GCGCATGTCAAATTTCTCAT,0,3396812
ssnAp,0.5,1,1,GCGCAGCCTGGACGCATTAG,0,3379378
ssnAp,0.5,1,1,GCGCACAATCATGCAAACTT,0,3377924
ssnAp,0.5,1,1,GCGCAAAAGCCCACAGCTCT,0,3379088
ssnAp,0.5,1,1,GCGCAAAACGTTACTCAGGT,0,3401257
ssnAp,0.5,1,1,GCGATTTTAACTCTGGGGAA,0,3383104
ssnAp,0.5,1,1,GCGAGGACTTTCGAAAGGAC,0,3365779
ssnAp,0.5,1,1,GCGACTTGTTTCGGAGCCGC,0,3391523
ssnAp,0.5,1,1,GCGACCACACTCTGCCCAGC,0,3377052
ssnAp,0.5,1,1,GCGACACGATGTTAACGGCA,0,3402026
ssnAp,0.5,1,1,GCGAAGCTTTGTGATAGTTT,0,3401374
ssnAp,0.5,1,1,GCGAACAAAAGGAGACGATT,0,3378721
ssnAp,0.5,1,1,GCGAAATCTATCCCAGTTAC,0,3362887
ssnAp,0.5,1,1,GCCTTTTTCAAGTTTTGACG,0,3379191
ssnAp,0.5,1,1,GCCTTAGAAATATCGCACAT,0,3368765
ssnAp,0.5,1,1,GCCTTACCCCCGCTGCCGAG,0,3379823
ssnAp,0.5,1,1,GCCTGCGCTGAAACATAGCA,0,3389055
ssnAp,0.5,1,1,GCCTCCGCGCAATCGAGTGT,0,3394765
ssnAp,0.5,1,1,GCCTCAGGTGGCACCTAGGC,0,3359989
ssnAp,0.5,1,1,GCCTCAGAGCAGCTAGATCA,0,3359547
ssnAp,0.5,1,1,GCCTATCAATGCGGTTCGCA,0,3373203
ssnAp,0.5,1,1,GCCTACGACCAAAGCCTTCA,0,3366483
ssnAp,0.5,1,1,GCCTACCACGATTAACTAAG,0,3391848
ssnAp,0.5,1,1,GCCGTGAAGCAGGATCGAAT,0,3375137
ssnAp,0.5,1,1,GCCGTCCGAGACGCACAAGA,0,3382323
ssnAp,0.5,1,1,GCCGTATGGCCCCTTCGGGG,0,3399485
ssnAp,0.5,1,1,GCCGTAATTGCACTTACCGG,0,3379999
ssnAp,0.5,1,1,GCCGGCAGCAAAAGGATAAA,0,3371938
ssnAp,0.5,1,1,GCCCTGGGTAGGCTGTACTG,0,3401348
ssnAp,0.5,1,1,GCCCTGGAGGTTATTAGACA,0,3366065
ssnAp,0.5,1,1,GCCCTGACAGAACCATTATC,0,3362287
ssnAp,0.5,1,1,GCCCTCTACGGTCGATATCT,0,3369782
ssnAp,0.5,1,1,GCCCTCGGCTGGATGAATAA,0,3387597
ssnAp,0.5,1,1,GCCCTAAATCCGCCCCCTGA,0,3360361
ssnAp,0.5,1,1,GCCCGTCGCAGGGGAAGACC,0,3397590
ssnAp,0.5,1,1,GCCCGATGCTAAGCCGGGAC,0,3385757
ssnAp,0.5,1,1,GCCCCTGACGTTGCTGTATC,0,3397428
ssnAp,0.5,1,1,GCCCCCCGTGCTTCCCATTC,0,3373964
ssnAp,0.5,1,1,GCCCCCACACTGAGGGAAAG,0,3371657
ssnAp,0.5,1,1,GCCCAGCCGTTGTATGTTTT,0,3372879
ssnAp,0.5,1,1,GCCCACTTATAGCTAGATTT,0,3385116
ssnAp,0.5,1,1,GCCAGTTATCGTCTGCCTAA,0,3379758
ssnAp,0.5,1,1,GCCAGACACTAGCCATGACT,0,3388776
ssnAp,0.5,1,1,GCCACACCGCACTTGACGAT,0,3401052
ssnAp,0.5,1,1,GCCAATGGGGGCAGACCACG,0,3392514
ssnAp,0.5,1,1,GCATTTGGGGAAGTGGGAGG,0,3382578
ssnAp,0.5,1,1,GCATTTACCATGAGCTAGTC,0,3380131
ssnAp,0.5,1,1,GCATTTAAATTCGGGGGCGT,0,3359723
ssnAp,0.5,1,1,GCATGCACTGGACAAAGTAT,0,3360636
ssnAp,0.5,1,1,GCATCTAAGGCCTGGAAGCC,0,3360128
ssnAp,0.5,1,1,GCATCATTCGCCACAACGCT,0,3369419
ssnAp,0.5,1,1,GCATCACAGGTGTAAGTCCT,0,3396318
ssnAp,0.5,1,1,GCATAAATAGATCATTATCG,0,3364330
ssnAp,0.5,1,1,GCAGTAGACCAAATCCGAAA,0,3379824
ssnAp,0.5,1,1,GCAGTACGGAGCAGTGGACT,0,3398547
ssnAp,0.5,1,1,GCAGTACCGGTAAAAAACGG,0,3383801
ssnAp,0.5,1,1,GCAGTAAGTCATTGTGTTAT,0,3364200
ssnAp,0.5,1,1,GCAGGCTAAATATGTATAAT,0,3395453
ssnAp,0.5,1,1,GCAGGACGCATTAAGCGGAG,0,3377916
ssnAp,0.5,1,1,GCAGATCCTGAAGTATCACC,0,3368305
ssnAp,0.5,1,1,GCAGAGGCTCCGACCGCTTA,0,3400647
ssnAp,0.5,1,1,GCAGAGAGTGGCTTATCTGC,0,3386137
ssnAp,0.5,1,1,GCACTCGAACCAGAGGGAAG,0,3369229
ssnAp,0.5,1,1,GCACTATATTGCTGCTTAGC,0,3398166
ssnAp,0.5,1,1,GCACGCGTGCAACACCCAAT,0,3362552
ssnAp,0.5,1,1,GCACCTCCTCTCCGCTGGTT,0,3359239
ssnAp,0.5,1,1,GCACCGTTGTTTAAATGAAA,0,3382377
ssnAp,0.5,1,1,GCACAGCACAAAGGCTTCAT,0,3388018
ssnAp,0.5,1,1,GCACACAATTGATCGCGGTA,0,3386147
ssnAp,0.5,1,1,GCAATTTCTCTGTCTGGACG,0,3362321
ssnAp,0.5,1,1,GCAATTGTAGGTCTTCTTTG,0,3361483
ssnAp,0.5,1,1,GCAATGTTTAGTCCTCCATT,0,3394301
ssnAp,0.5,1,1,GCAATCCAGGGAGAGTTCAA,0,3388404
ssnAp,0.5,1,1,GCAATACGGTAAATAACTGT,0,3390388
ssnAp,0.5,1,1,GCAAGTAGTCATTACAAGAG,0,3377448
ssnAp,0.5,1,1,GCAAGGTACGATAGCGAGTG,0,3365564
ssnAp,0.5,1,1,GCAACGATGGTACGCCTCCT,0,3381101
ssnAp,0.5,1,1,GCAACAATGCGTTGGCATAT,0,3393655
ssnAp,0.5,1,1,GCAACAACTTTTTCCAACTG,0,3393606
ssnAp,0.5,1,1,GCAAATTTGATATATAATCG,0,3399541
ssnAp,0.5,1,1,GCAAATTCCGCGGAGCAAGA,0,3367150
ssnAp,0.5,1,1,GCAAAGATTAGCCCGGAGTA,0,3374197
ssnAp,0.5,1,1,GCAAAACGGGGCGAAAGTAC,0,3371599
ssnAp,0.5,1,1,GCAAAAAGCTTGCTTTTTTC,0,3362201
ssnAp,0.5,1,1,GCAAAAAACGCCATGGGTTA,0,3362952
ssnAp,0.5,1,1,GATTTCCTGCCACCTTGATG,0,3361235
ssnAp,0.5,1,1,GATTTCATAATGATCGTGGA,0,3399383
ssnAp,0.5,1,1,GATTGTTCATAGAATAATGG,0,3371277
ssnAp,0.5,1,1,GATTGGTCTAACCATCTTTG,0,3402821
ssnAp,0.5,1,1,GATTCGTGGCTCGGGTATTC,0,3393633
ssnAp,0.5,1,1,GATTCGATTTTCGACTTACG,0,3397522
ssnAp,0.5,1,1,GATTATTTGCTAGGTTTATC,0,3362754
ssnAp,0.5,1,1,GATTACCTCAACCGTGAGGA,0,3400023
ssnAp,0.5,1,1,GATGTTGACGACAATTTCTG,0,3376572
ssnAp,0.5,1,1,GATGTCAGCCACGACCTTAA,0,3371281
ssnAp,0.5,1,1,GATGGTGACAACCAAGCGCA,0,3387283
ssnAp,0.5,1,1,GATGGTATTTCGATTGCTAT,0,3386183
ssnAp,0.5,1,1,GATGGGGGATACTACAATTA,0,3372258
ssnAp,0.5,1,1,GATGGAACGCCAGAGTATCT,0,3363912
ssnAp,0.5,1,1,GATGCCCCTCCGCACGTTTG,0,3369353
ssnAp,0.5,1,1,GATGACTTGTATCGACAATA,0,3371481
ssnAp,0.5,1,1,GATCTCTAGTGCTGGGCGGT,0,3368238
ssnAp,0.5,1,1,GATCTCTAGTGCAAGGTTCA,0,3385827
ssnAp,0.5,1,1,GATCTACAAGCCTCGTAAAG,0,3379839
ssnAp,0.5,1,1,GATCGGATCAGGAGGCGACT,0,3375483
ssnAp,0.5,1,1,GATCGATGTATCGAAGTTAC,0,3387012
ssnAp,0.5,1,1,GATCGAAATTCACAAGGGTG,0,3373049
ssnAp,0.5,1,1,GATCCATGGAACGTGTTGGA,0,3399172
ssnAp,0.5,1,1,GATCAGGATCCGTAACACTA,0,3384965
ssnAp,0.5,1,1,GATCACTGTCATCACAACGC,0,3374055
ssnAp,0.5,1,1,GATATTTGTACGAGGAAACA,0,3388219
ssnAp,0.5,1,1,GATATTGGAACCGTTGCCGG,0,3394168
ssnAp,0.5,1,1,GATAGCCGGCACTGATATCT,0,3371922
ssnAp,0.5,1,1,GATACTTGGCATTGGTAATC,0,3392383
ssnAp,0.5,1,1,GATACGGTCTAGAGCAGTTG,0,3361168
ssnAp,0.5,1,1,GATACCTCAATATTAACCTT,0,3397742
ssnAp,0.5,1,1,GATACATCAAGGAAGAGCGA,0,3369248
ssnAp,0.5,1,1,GATAAATGACCAGAATACAT,0,3361620
ssnAp,0.5,1,1,GAGTTGTTGCTACAAGGGAT,0,3384686
ssnAp,0.5,1,1,GAGTTGTGGGCGATCGACGC,0,3361346
ssnAp,0.5,1,1,GAGTTGCGGAGCTGGCCATA,0,3384611
ssnAp,0.5,1,1,GAGTGCTCGTAACCCTCGAC,0,3369141
ssnAp,0.5,1,1,GAGTGCGCACGTACCATGGA,0,3373929
ssnAp,0.5,1,1,GAGTCTAGAGCAAACGGATT,0,3376763
ssnAp,0.5,1,1,GAGTACTTACTCACATACCC,0,3385421
ssnAp,0.5,1,1,GAGGTAGAATTCATTGATGG,0,3368929
ssnAp,0.5,1,1,GAGGGGGTATCGTCTTTTGT,0,3396983
ssnAp,0.5,1,1,GAGGCTCTCATCGGGCTCCG,0,3360597
ssnAp,0.5,1,1,GAGGCTCTAGGAACTAAAGT,0,3394506
ssnAp,0.5,1,1,GAGGCGATCCTGCTTACGCT,0,3371504
ssnAp,0.5,1,1,GAGGCCCAGTTCACGGCCGT,0,3398791
ssnAp,0.5,1,1,GAGGACAGGATCACAGAACG,0,3400095
ssnAp,0.5,1,1,GAGCTGAGAACCGATCTCGT,0,3366443
ssnAp,0.5,1,1,GAGCTCCGTTGAGTATGAAC,0,3400461
ssnAp,0.5,1,1,GAGCTAGAGCGGTCTCGATG,0,3379205
ssnAp,0.5,1,1,GAGCTAACGGGTTCGATCGC,0,3393726
ssnAp,0.5,1,1,GAGCGGTATTAACGCCAGAC,0,3372601
ssnAp,0.5,1,1,GAGCCAGATCGCTGTGCGTA,0,3375607
ssnAp,0.5,1,1,GAGCCAAGGAAAGTCGTCGT,0,3389625
ssnAp,0.5,1,1,GAGCACCATGGTGTGGTTAT,0,3366908
ssnAp,0.5,1,1,GAGATCTGTCTGGTTGGGAG,0,3359698
ssnAp,0.5,1,1,GAGAGTTGTGTTATGGATTA,0,3394933
ssnAp,0.5,1,1,GAGAGGGTGTCCCCTCATGA,0,3388759
ssnAp,0.5,1,1,GAGAGCTGATAGATCATGCA,0,3372220
ssnAp,0.5,1,1,GAGACTGGTTTAGTTGTAAT,0,3388200
ssnAp,0.5,1,1,GAGACGGTTGAAATTTTGGC,0,3400552
ssnAp,0.5,1,1,GAGAAGGGTGAGTGTTACAG,0,3391847
ssnAp,0.5,1,1,GAGAACGAGTCCCATTACTT,0,3385495
ssnAp,0.5,1,1,GAGAACCTGAATCGTCCTTA,0,3359500
ssnAp,0.5,1,1,GAGAAATCCATTCATCGCAT,0,3397917
ssnAp,0.5,1,1,GAGAAAACATTTTAGGACCC,0,3379201
ssnAp,0.5,1,1,GACTTAGACACACGAGATTC,0,3365244
ssnAp,0.5,1,1,GACTGTTTACGCTATTGTAT,0,3373344
ssnAp,0.5,1,1,GACTGCTAACCACCGCTCCC,0,3390964
ssnAp,0.5,1,1,GACTGCCGGCTTATTCGCGT,0,3364731
ssnAp,0.5,1,1,GACTGCCATAACTTATGAAA,0,3382428
ssnAp,0.5,1,1,GACTCACTCTGGGCGTGCAA,0,3396574
ssnAp,0.5,1,1,GACTATAAATTAATTCAGAT,0,3381666
ssnAp,0.5,1,1,GACTACGCGCTTGAAACTAT,0,3372501
ssnAp,0.5,1,1,GACTAATGCATTACCGCACT,0,3400276
ssnAp,0.5,1,1,GACTAAAAGTCGGTTGTTTT,0,3375122
ssnAp,0.5,1,1,GACGTGCAAGCTCGAAAATC,0,3391100
ssnAp,0.5,1,1,GACGTACTGCCCCTAACGTC,0,3378604
ssnAp,0.5,1,1,GACGTAAGTAGATACACGCT,0,3384097
ssnAp,0.5,1,1,GACGGCCCTCTTTTCGTGCG,0,3374345
ssnAp,0.5,1,1,GACGCGCTCGTGAGTAGCTT,0,3392670
ssnAp,0.5,1,1,GACGAGGGATTGTCGCACAC,0,3373896
ssnAp,0.5,1,1,GACCTGTGGCCAGCGTGCCT,0,3359271
ssnAp,0.5,1,1,GACCGATTCGACGGTCCGTG,0,3390869
ssnAp,0.5,1,1,GACATGGTACGGTATTGGAT,0,3374190
ssnAp,0.5,1,1,GACATGCGCAGCTTACTAGT,0,3378284
ssnAp,0.5,1,1,GACATACTTGAGAGTAATCT,0,3360149
ssnAp,0.5,1,1,GACATAAAGCGTCCTTGTGT,0,3391104
ssnAp,0.5,1,1,GACAGCGCGAGTGTTTAGAT,0,3383687
ssnAp,0.5,1,1,GACAGACTGCTGTGTTTTGG,0,3400246
ssnAp,0.5,1,1,GACACGCCTCTTGTGGGTCC,0,3364024
ssnAp,0.5,1,1,GACACAGTAGTTGAAGTGCT,0,3396412
ssnAp,0.5,1,1,GACAAGGTAGCAAACCACCG,0,3397375
ssnAp,0.5,1,1,GAATTTGGTAGGTACGACGC,0,3365178
ssnAp,0.5,1,1,GAATTTATTCTTGTCGATCG,0,3399433
ssnAp,0.5,1,1,GAATTTATAATTAACTGTAA,0,3385056
ssnAp,0.5,1,1,GAATTGGGTTTCGGAAGAAA,0,3397005
ssnAp,0.5,1,1,GAATTCGATTAATGATAAAA,0,3390340
ssnAp,0.5,1,1,GAATTAGCGTAATGTTCACG,0,3400449
ssnAp,0.5,1,1,GAATGGTAAGGACTGAAATA,0,3366765
ssnAp,0.5,1,1,GAATGGGTATGTGAAGCAGC,0,3394135
ssnAp,0.5,1,1,GAATGGACGGTACATGTTTT,0,3386683
ssnAp,0.5,1,1,GAATGAGAAGTCAAGTAGTT,0,3392779
ssnAp,0.5,1,1,GAATCCTTCACCACAGTTCG,0,3397398
ssnAp,0.5,1,1,GAATATTGCCCTATGTATTT,0,3400784
ssnAp,0.5,1,1,GAATACTGTCGGAGGGGAGT,0,3397250
ssnAp,0.5,1,1,GAATACAATGGGGTATCCCT,0,3361249
ssnAp,0.5,1,1,GAAGTTCAGTTGGCTCCGAG,0,3402698
ssnAp,0.5,1,1,GAAGTGCGGTACTAAACGAG,0,3385561
ssnAp,0.5,1,1,GAAGTCAAACATTACCGCCT,0,3392671
ssnAp,0.5,1,1,GAAGGTATGAAGAGATAAGC,0,3381385
ssnAp,0.5,1,1,GAAGGGAAAGAAACAAACCT,0,3364652
ssnAp,0.5,1,1,GAAGATAGAACACTAACCTC,0,3374839
ssnAp,0.5,1,1,GAAGACCTCTTGGACTCAAT,0,3386313
ssnAp,0.5,1,1,GAAGACCCGCGACGTGTACG,0,3399559
ssnAp,0.5,1,1,GAACTTACAGCTACAGAGGT,0,3372507
ssnAp,0.5,1,1,GAACTGAGGGGGTCGTAAGG,0,3396031
ssnAp,0.5,1,1,GAACTAGCTTGCGCGGGACA,0,3369818
ssnAp,0.5,1,1,GAACGTGATCGGTAGAAACA,0,3379995
ssnAp,0.5,1,1,GAACGGAATATTGGTAACCT,0,3380405
ssnAp,0.5,1,1,GAACGCGACTACCCTATTAA,0,3375113
ssnAp,0.5,1,1,GAACGCGAAGGCAGAGAATA,0,3399754
ssnAp,0.5,1,1,GAACCCTTAGCGAAATTCCT,0,3390181
ssnAp,0.5,1,1,GAACACCTCTCAGAGTAAGA,0,3361399
ssnAp,0.5,1,1,GAACAAAGTGTTATCTTCGT,0,3386211
ssnAp,0.5,1,1,GAAATGGAGTCGGATGGCCT,0,3387374
ssnAp,0.5,1,1,GAAATACCCTTATCCTCGCT,0,3363488
ssnAp,0.5,1,1,GAAATACAAGCGCAACCCAG,0,3366651
ssnAp,0.5,1,1,GAAATAAAAAGTACAGTGCA,0,3387368
ssnAp,0.5,1,1,GAAAGGACGCTATAACCTAA,0,3384828
ssnAp,0.5,1,1,GAAAGCTAGGTAGAATGGCA,0,3359286
ssnAp,0.5,1,1,GAAACTTACGATGAGCGAAA,0,3388550
ssnAp,0.5,1,1,GAAACTCGATTGTAAACGAT,0,3382390
ssnAp,0.5,1,1,GAAAATAGGCTTCAGACGGG,0,3380515
ssnAp,0.5,1,1,GAAAATAGACGTCCCTAAGG,0,3389729
ssnAp,0.5,1,1,GAAAAGACAGGGCAAACGCT,0,3369552
ssnAp,0.5,1,1,CTTTTTGCCTACAAATACCT,0,3380144
ssnAp,0.5,1,1,CTTTTAATGTATTGATCCAT,0,3402775
ssnAp,0.5,1,1,CTTTTAATGCTTTTCGGGAC,0,3382593
ssnAp,0.5,1,1,CTTTGTTCAGTATTCGACTA,0,3366577
ssnAp,0.5,1,1,CTTTGGCGCAATCTCTTGCC,0,3389638
ssnAp,0.5,1,1,CTTTGGCCCATTGGATATGC,0,3387655
ssnAp,0.5,1,1,CTTTGATGTTTACCTTGGTT,0,3380998
ssnAp,0.5,1,1,CTTTCGGTTACCGGACGCCA,0,3374620
ssnAp,0.5,1,1,CTTTCGACCTGAGGCACCTA,0,3369630
ssnAp,0.5,1,1,CTTTCGAACTTAAAGTCCCA,0,3368618
ssnAp,0.5,1,1,CTTTCCAGTACGGAGTAAAT,0,3385356
ssnAp,0.5,1,1,CTTTATTATAGTGTATCAGG,0,3370540
ssnAp,0.5,1,1,CTTTAGTCTGGGCTAAGGTA,0,3380660
ssnAp,0.5,1,1,CTTGTTGATTGGATGCAAAA,0,3386720
ssnAp,0.5,1,1,CTTGTGTGTGGACGGTCTAA,0,3377803
ssnAp,0.5,1,1,CTTGTGTCCTCAAGCATGTG,0,3387870
ssnAp,0.5,1,1,CTTGTCGCCCAGGGTCCACA,0,3364903
ssnAp,0.5,1,1,CTTGGGCTAAATATAGGATT,0,3390945
ssnAp,0.5,1,1,CTTGGGACAGAGGAATGTGT,0,3400112
ssnAp,0.5,1,1,CTTGGCTCAGGCTATGATGC,0,3400966
ssnAp,0.5,1,1,CTTGGACATAATTACGGCCA,0,3373029
ssnAp,0.5,1,1,CTTGCTCTCGACTTCCAGGC,0,3380460
ssnAp,0.5,1,1,CTTGCGTGTTACCACATCAA,0,3392321
ssnAp,0.5,1,1,CTTGCCATAAATTTATATCG,0,3363193
ssnAp,0.5,1,1,CTTGCAATGTTTTCGTTACA,0,3385707
ssnAp,0.5,1,1,CTTGAGTTAACCTGAGTCCA,0,3363733
ssnAp,0.5,1,1,CTTGACCGCGGCCCAGCGTT,0,3387251
ssnAp,0.5,1,1,CTTCTTCACATACTATTCAT,0,3392684
ssnAp,0.5,1,1,CTTCTGGAACTTGCGTGTTC,0,3376049
ssnAp,0.5,1,1,CTTCTCTGTAGGTGATAACA,0,3381882
ssnAp,0.5,1,1,CTTCGTGGTGCGCTAAAGCA,0,3370607
ssnAp,0.5,1,1,CTTCGACTCATACAACTTAT,0,3381237
ssnAp,0.5,1,1,CTTCCTTCAATCAGCTTGGT,0,3391510
ssnAp,0.5,1,1,CTTCCGGGTGGGGTCAACTA,0,3402196
ssnAp,0.5,1,1,CTTCCGCCCCGTAGCGGAAT,0,3379195
ssnAp,0.5,1,1,CTTCCCTTGGTCAATCAACA,0,3385343
ssnAp,0.5,1,1,CTTCCCACACGCACTGTGCA,0,3382979
ssnAp,0.5,1,1,CTTCATCATGAGGGCCGGTC,0,3360937
ssnAp,0.5,1,1,CTTCATATTCGTAAACAGTA,0,3389853
ssnAp,0.5,1,1,CTTATTTGGGGGGACAGAAG,0,3369831
ssnAp,0.5,1,1,CTTATTCTCGTGGCATAACG,0,3392047
ssnAp,0.5,1,1,CTTATGTGCGTTTCTAGCTA,0,3363534
ssnAp,0.5,1,1,CTTATCTTTTCCATGGGCTC,0,3377386
ssnAp,0.5,1,1,CTTATCGCTCTGACAGCCTA,0,3373259
ssnAp,0.5,1,1,CTTATATTCCAGTACGCATG,0,3391210
ssnAp,0.5,1,1,CTTAGTATTCTTGACCGTCG,0,3390017
ssnAp,0.5,1,1,CTTAGGTTTTCCGGAGTCGG,0,3380425
ssnAp,0.5,1,1,CTTAGGTCCCGGTATGCCCA,0,3383567
ssnAp,0.5,1,1,CTTAGAATCCCTCTCCCATG,0,3387095
ssnAp,0.5,1,1,CTTACCGGGATATAAATGTC,0,3375944
ssnAp,0.5,1,1,CTTACACGTGCCGAGTTCAC,0,3371921
ssnAp,0.5,1,1,CTTAAAGTTATCTAAACTGA,0,3359329
ssnAp,0.5,1,1,CTGTTTGTTAGCGACTCATA,0,3380751
ssnAp,0.5,1,1,CTGTTGAACACATAGTGGAA,0,3371746
ssnAp,0.5,1,1,CTGTGTACGCTGGATCGCTG,0,3384777
ssnAp,0.5,1,1,CTGTGCTCGTTGGTAGAAAA,0,3396524
ssnAp,0.5,1,1,CTGTGAATTCAAAATCGGTC,0,3386190
ssnAp,0.5,1,1,CTGTCTGTATCTCGCCATCG,0,3391064
ssnAp,0.5,1,1,CTGTCGTAATGCAAGCGCGT,0,3398427
ssnAp,0.5,1,1,CTGTATCAGCTGAATAATCA,0,3359685
ssnAp,0.5,1,1,CTGTAAGGTGCCTATCGGCC,0,3395342
ssnAp,0.5,1,1,CTGGTTACAGAGGTATAAGA,0,3373788
ssnAp,0.5,1,1,CTGGTAGATTTTCGGGAGGA,0,3384730
ssnAp,0.5,1,1,CTGGGGGATAGTTAGGGAGT,0,3377796
ssnAp,0.5,1,1,CTGGGGATTAGGCGTTTCAG,0,3362971
ssnAp,0.5,1,1,CTGGGACCACGACATAAAGT,0,3370197
ssnAp,0.5,1,1,CTGGCTACTTAAGCGTAGCT,0,3399997
ssnAp,0.5,1,1,CTGGCTACGCATACTGAATG,0,3372490
ssnAp,0.5,1,1,CTGGCTACCCCTTCCGGACA,0,3364763
ssnAp,0.5,1,1,CTGGCGGTGTAGAGTCGAGT,0,3382919
ssnAp,0.5,1,1,CTGGACGACAGAAGACCCAG,0,3395756
ssnAp,0.5,1,1,CTGCTTGCATATTCTCCTTT,0,3378727
ssnAp,0.5,1,1,CTGCTTAACCGGCCCCGGCC,0,3397891
ssnAp,0.5,1,1,CTGCGTGGGTATACGCCGGT,0,3360943
ssnAp,0.5,1,1,CTGCGCAGGTATCGTAATGT,0,3384545
ssnAp,0.5,1,1,CTGCCGCCATTCCATAGTGA,0,3383712
ssnAp,0.5,1,1,CTGCCCCCCCGAGGGTCTTT,0,3401973
ssnAp,0.5,1,1,CTGCATGCCTTCATGATAAT,0,3378547
ssnAp,0.5,1,1,CTGCACCTCGTCTGGCAGGG,0,3364694
ssnAp,0.5,1,1,CTGCAAGATATTCCTCTTAA,0,3368617
ssnAp,0.5,1,1,CTGATTTTGTTTCGCTCAAG,0,3381735
ssnAp,0.5,1,1,CTGATGTGCGTACCCGCATG,0,3388014
ssnAp,0.5,1,1,CTGATGTGAAAATCGCGGTT,0,3380368
ssnAp,0.5,1,1,CTGATGGTTGGGGCGCCGCT,0,3387727
ssnAp,0.5,1,1,CTGAGTTACGTATGAAGGTA,0,3372673
ssnAp,0.5,1,1,CTGAGTCGTAAAGGGCTGCG,0,3379215
ssnAp,0.5,1,1,CTGAGCCGGGATAATATTCT,0,3369424
ssnAp,0.5,1,1,CTGACGTCGTCTAAGAGCAA,0,3401697
ssnAp,0.5,1,1,CTGACCGTTCTATCGATAGT,0,3361660
ssnAp,0.5,1,1,CTGACACACGAACCTGCGCA,0,3366459
ssnAp,0.5,1,1,CTGAATGCCGAGAAAAAGCA,0,3395886
ssnAp,0.5,1,1,CTCTTTTTAGTGGAAATTTC,0,3383996
ssnAp,0.5,1,1,CTCTTTCACAGCTAACCTTC,0,3387767
ssnAp,0.5,1,1,CTCTTGACAGAGACGGTGCA,0,3364141
ssnAp,0.5,1,1,CTCTTAAGCGACGAAACCGG,0,3375215
ssnAp,0.5,1,1,CTCTGTCTTCTCGCTTAACT,0,3366286
ssnAp,0.5,1,1,CTCTGCGCAAAATTTGCTCG,0,3382609
ssnAp,0.5,1,1,CTCTGCATAAATATCCAGAT,0,3400137
ssnAp,0.5,1,1,CTCTGCACCGGTCCAAATTT,0,3398811
ssnAp,0.5,1,1,CTCTGAAGCTTTCTCAGATT,0,3383398
ssnAp,0.5,1,1,CTCTCTTCACTGTTCGATGG,0,3377192
ssnAp,0.5,1,1,CTCTCTAAGTCGGGAAGATA,0,3384718
ssnAp,0.5,1,1,CTCTCCCACCAGTCCCGTTG,0,3378059
ssnAp,0.5,1,1,CTCTCAGTCCACCATGGCCC,0,3383363
ssnAp,0.5,1,1,CTCTATCATATATGTACGGT,0,3391294
ssnAp,0.5,1,1,CTCTAGGCGCAGAGAGACAT,0,3371276
ssnAp,0.5,1,1,CTCTAGCGTCTGAGTTCGAC,0,3365797
ssnAp,0.5,1,1,CTCTAATCATTGTATTAGAA,0,3392652
ssnAp,0.5,1,1,CTCTAAGAAGGCCTGATTTA,0,3370807
ssnAp,0.5,1,1,CTCGTGATAAGCGGGTAGCG,0,3379973
ssnAp,0.5,1,1,CTCGTCTCTATGTTACGTGT,0,3380064
ssnAp,0.5,1,1,CTCGTCAGTATCTTATGGAC,0,3362520
ssnAp,0.5,1,1,CTCGGTGCTATGCTCGTAGC,0,3380586
ssnAp,0.5,1,1,CTCGGGATCGAGCTGGGAGC,0,3385626
ssnAp,0.5,1,1,CTCGCTATAGGCGGTATACC,0,3389499
ssnAp,0.5,1,1,CTCGATCGAAAACCACACCA,0,3381778
ssnAp,0.5,1,1,CTCGAGTGTCATCCGGGAAT,0,3359666
ssnAp,0.5,1,1,CTCGAGGGTGAGAAGACTTG,0,3391000
ssnAp,0.5,1,1,CTCGAAGTGCCACATACGCG,0,3380470
ssnAp,0.5,1,1,CTCCTTGCTCACCTCTCCAT,0,3396703
ssnAp,0.5,1,1,CTCCTGCTCCACCGTGGAAC,0,3363181
ssnAp,0.5,1,1,CTCCTGAGTACCTTGAAAGT,0,3380949
ssnAp,0.5,1,1,CTCCGTCCGCGCGGTTCGCG,0,3389235
ssnAp,0.5,1,1,CTCCGAGAGAAGTTCGTAAC,0,3384113
ssnAp,0.5,1,1,CTCCCGTAAACGATCGGATA,0,3386165
ssnAp,0.5,1,1,CTCCACGTCGTAATTCAGTC,0,3399145
ssnAp,0.5,1,1,CTCCACGAGAACAGTTGTAT,0,3385045
ssnAp,0.5,1,1,CTCCACCGCATTCCACCCTG,0,3368626
ssnAp,0.5,1,1,CTCCAAGCGCGCTGGGATGG,0,3366674
ssnAp,0.5,1,1,CTCATGCGCGGCATGCTAGC,0,3384003
ssnAp,0.5,1,1,CTCATCGAGTTTAGTTTAGG,0,3384604
ssnAp,0.5,1,1,CTCATCCTAGTCGGGTTAGA,0,3394682
ssnAp,0.5,1,1,CTCAGTATCTTGGGGCGGGC,0,3373796
ssnAp,0.5,1,1,CTCAGCCTCACTTCAGTAGA,0,3400153
ssnAp,0.5,1,1,CTCAGAGGCCCATATTAACT,0,3393298
ssnAp,0.5,1,1,CTCACTTATGTGACCACTAT,0,3382543
ssnAp,0.5,1,1,CTCACAGTTGGTCAATCCGC,0,3375687
ssnAp,0.5,1,1,CTCACAACTGGTGTTTAGAA,0,3380170
ssnAp,0.5,1,1,CTCACAAACAAACACGTTAG,0,3380881
ssnAp,0.5,1,1,CTCAAGAGATAAGTTTACGA,0,3365804
ssnAp,0.5,1,1,CTCAAATTCCGTTCTGGGAC,0,3379273
ssnAp,0.5,1,1,CTATTGGCATATCGAGGAAG,0,3393327
ssnAp,0.5,1,1,CTATTGGAGCAAGTCCGTAA,0,3367271
ssnAp,0.5,1,1,CTATTCCGTTACAACTTCAC,0,3365855
ssnAp,0.5,1,1,CTATTATCTAGTGCCCTGAA,0,3398849
ssnAp,0.5,1,1,CTATGAAAACACTATAGGGA,0,3400230
ssnAp,0.5,1,1,CTATCGCGTCGCTCTTGGGC,0,3399812
ssnAp,0.5,1,1,CTATCGCCCCTTGTATCTCC,0,3395346
ssnAp,0.5,1,1,CTATCCATCTGAGTTGTACA,0,3390065
ssnAp,0.5,1,1,CTATCAGCTGACATGCCGCC,0,3401074
ssnAp,0.5,1,1,CTATCAAGGCCTTTAGGGTG,0,3360319
ssnAp,0.5,1,1,CTATAGACACTGCGTAGTTA,0,3397808
ssnAp,0.5,1,1,CTATACAAGAGCTAATACAA,0,3387158
ssnAp,0.5,1,1,CTATAAGAGAGTTTTACGGG,0,3360854
ssnAp,0.5,1,1,CTAGTTGGAGTCGTAACATG,0,3386090
ssnAp,0.5,1,1,CTAGTGGTCTGTGTGCCAAT,0,3389924
ssnAp,0.5,1,1,CTAGGCAGGAATGAGACGGT,0,3379803
ssnAp,0.5,1,1,CTAGGAGACCGCCCATGATG,0,3396842
ssnAp,0.5,1,1,CTAGCTGCCGAAGGAGGGCT,0,3383049
ssnAp,0.5,1,1,CTAGCGGTAAAGCCTTGTCT,0,3376938
ssnAp,0.5,1,1,CTAGCCGACTCCTCAGGGGG,0,3389304
ssnAp,0.5,1,1,CTAGATAAATTATTTATAAA,0,3364766
ssnAp,0.5,1,1,CTAGAGGGTTCATAACCTCT,0,3400476
ssnAp,0.5,1,1,CTAGAGAACACCAGGCATAT,0,3384483
ssnAp,0.5,1,1,CTAGACTTAGCTAATTGTAT,0,3391449
ssnAp,0.5,1,1,CTAGACAGGTATACGTTTAA,0,3380054
ssnAp,0.5,1,1,CTACTTCACATTGCGCTGAG,0,3373424
ssnAp,0.5,1,1,CTACTCACCCCGAGAAATGC,0,3378917
ssnAp,0.5,1,1,CTACGGGTCCCGCGGTCCTA,0,3394609
ssnAp,0.5,1,1,CTACGGCCAGATCGTCGCGT,0,3364957
ssnAp,0.5,1,1,CTACGACTTCCCAATAGTCT,0,3385710
ssnAp,0.5,1,1,CTACGACATCCTACAGGCTA,0,3388567
ssnAp,0.5,1,1,CTACCAAATGAAGACCGCAC,0,3374181
ssnAp,0.5,1,1,CTAATGCGCCAAGCGCTTAT,0,3399990
ssnAp,0.5,1,1,CTAAGGAGGAGAAAAAGATG,0,3393636
ssnAp,0.5,1,1,CTAAGACTCCAAATGCGCTC,0,3366675
ssnAp,0.5,1,1,CTAACAGAACGGATGACCGT,0,3384288
ssnAp,0.5,1,1,CTAAAGTACGTGCTGTGCTT,0,3362057
ssnAp,0.5,1,1,CTAAAGGAAGATCGTGTATT,0,3374755
ssnAp,0.5,1,1,CTAAAGCTTCCCCAAATGAG,0,3359584
ssnAp,0.5,1,1,CTAAAGAAGTGGCGGGCACC,0,3372412
ssnAp,0.5,1,1,CTAAACTCGACAGAGTGATG,0,3372054
ssnAp,0.5,1,1,CTAAACACAAGGCTTCTGAT,0,3394729
ssnAp,0.5,1,1,CGTTTCTGAGTTCCGGTGCT,0,3361456
ssnAp,0.5,1,1,CGTTTCGGGCGGGAGAGTGC,0,3375377
ssnAp,0.5,1,1,CGTTTATGACACATGCGCAT,0,3381179
ssnAp,0.5,1,1,CGTTGTTCTTGGCGGTCGCC,0,3380023
ssnAp,0.5,1,1,CGTTGCAGGGGGACTAACCT,0,3399671
ssnAp,0.5,1,1,CGTTCTTAAGCTTGCGAGGA,0,3376272
ssnAp,0.5,1,1,CGTTCCTACTACATATTAGA,0,3385632
ssnAp,0.5,1,1,CGTTATTGCAAGGCAAAGCT,0,3362940
ssnAp,0.5,1,1,CGTTATGAACGGTCAACTAG,0,3397103
ssnAp,0.5,1,1,CGTTAGGCCATTACAAAGGT,0,3362753
ssnAp,0.5,1,1,CGTTACTACAAGATGTCAAT,0,3402268
ssnAp,0.5,1,1,CGTTACGTCGCCCTGCAAGG,0,3400126
ssnAp,0.5,1,1,CGTTACACGACCGTAATTCT,0,3380856
ssnAp,0.5,1,1,CGTTAATCGTCGTAACAAGA,0,3378909
ssnAp,0.5,1,1,CGTTAATAATGATGGCGCTC,0,3363801
ssnAp,0.5,1,1,CGTGTTCTCCGACGCAGTCG,0,3401678
ssnAp,0.5,1,1,CGTGTGTAACTATCACAATC,0,3380468
ssnAp,0.5,1,1,CGTGTCAGGGATTTTATGTC,0,3389039
ssnAp,0.5,1,1,CGTGGCTTCGAGTCTTAAAC,0,3384131
ssnAp,0.5,1,1,CGTGGCTAATAAACATCAAT,0,3388281
ssnAp,0.5,1,1,CGTGCCTATCTACCGTGATT,0,3367762
ssnAp,0.5,1,1,CGTGCCGAAGGAATCGGCAT,0,3392496
ssnAp,0.5,1,1,CGTGCAACAAAGACTTATTG,0,3388471
ssnAp,0.5,1,1,CGTGATTACATGGAGCGGTG,0,3362587
ssnAp,0.5,1,1,CGTGACTGTAATATTTCCGT,0,3400713
ssnAp,0.5,1,1,CGTGACAGCGATGGGCCAGA,0,3391374
ssnAp,0.5,1,1,CGTCTTGCACGGCTTAGAAA,0,3385166
ssnAp,0.5,1,1,CGTCTAGCGTTATCGGCCAC,0,3386310
ssnAp,0.5,1,1,CGTCGTATAGAGCAGGACAA,0,3400949
ssnAp,0.5,1,1,CGTCGGTAAGGAGACAGCGG,0,3392371
ssnAp,0.5,1,1,CGTCGAGCCTCTTGGGGTCA,0,3370968
ssnAp,0.5,1,1,CGTCCTCACGATCGGCTTCC,0,3365700
ssnAp,0.5,1,1,CGTCCGTAATAAGTAAGTGC,0,3364842
ssnAp,0.5,1,1,CGTCCGGGCAGTGATCTAAT,0,3379278
ssnAp,0.5,1,1,CGTCCACCCAGTAAAAGCAA,0,3361050
ssnAp,0.5,1,1,CGTCATGAGTGAGCTGTAGA,0,3363598
ssnAp,0.5,1,1,CGTCATATCTCATCGTTCCA,0,3364812
ssnAp,0.5,1,1,CGTATGGCTGCAACTCTCTC,0,3365219
ssnAp,0.5,1,1,CGTATGGAGCTACAACTGGA,0,3368458
ssnAp,0.5,1,1,CGTAGAAATTAGGGGTGCAT,0,3370726
ssnAp,0.5,1,1,CGTACTGCTTGTTTTTTGCG,0,3391534
ssnAp,0.5,1,1,CGTACGTTCCCACCGGCGAA,0,3400687
ssnAp,0.5,1,1,CGTACGCGAGCAAACGGTGT,0,3380288
ssnAp,0.5,1,1,CGTACCTTGAGGGCAATTCG,0,3388581
ssnAp,0.5,1,1,CGTAATTCTTTTATTTCACG,0,3359735
ssnAp,0.5,1,1,CGTAACCATTATAAACCTTT,0,3384294
ssnAp,0.5,1,1,CGTAAAAGTTGATTAATAAA,0,3395888
ssnAp,0.5,1,1,CGGTTCGTACGGAACTGCCG,0,3387219
ssnAp,0.5,1,1,CGGTGAGGGTACAACGTCTA,0,3392995
ssnAp,0.5,1,1,CGGTCTTTTGCGGTCCGCAT,0,3397377
ssnAp,0.5,1,1,CGGTCTACTTAATAGATAGA,0,3373703
ssnAp,0.5,1,1,CGGTCCTAAGTAGTCTATTT,0,3378457
ssnAp,0.5,1,1,CGGTCCCCGGCACGTTACGA,0,3391550
ssnAp,0.5,1,1,CGGTAGATGTCCAGTTGCAA,0,3364395
ssnAp,0.5,1,1,CGGTACATCTTAATCAGTGG,0,3363297
ssnAp,0.5,1,1,CGGGTGGGACCCGGGCCAGG,0,3389188
ssnAp,0.5,1,1,CGGGTGACTCCTTGGGGTAG,0,3361096
ssnAp,0.5,1,1,CGGGTCATTATCTGACCAAG,0,3390902
ssnAp,0.5,1,1,CGGGTAGAAACTTACCTAAA,0,3388213
ssnAp,0.5,1,1,CGGGTAATAGAGAATCCCTA,0,3374747
ssnAp,0.5,1,1,CGGGGTGACGTGGCGCCGGT,0,3401719
ssnAp,0.5,1,1,CGGGGTAAGTGCCAGCTGTT,0,3382355
ssnAp,0.5,1,1,CGGGGGGTCATGCCACAGAG,0,3396576
ssnAp,0.5,1,1,CGGGCGTTGTCTCAGGCGTA,0,3375464
ssnAp,0.5,1,1,CGGGCGGCGGTGGATGGGGA,0,3394910
ssnAp,0.5,1,1,CGGGCAGAAGGGTATCACAA,0,3372706
ssnAp,0.5,1,1,CGGGATCTATGTTTGGCGGA,0,3382357
ssnAp,0.5,1,1,CGGCTGGCGTTTTAACCTAG,0,3390246
ssnAp,0.5,1,1,CGGCTCTCTCCCGTAATATA,0,3371404
ssnAp,0.5,1,1,CGGCGTTTAATGCGATCGCG,0,3399680
ssnAp,0.5,1,1,CGGCCTGGGGCACCATTCCC,0,3377820
ssnAp,0.5,1,1,CGGCCATGAGGTAGTCAACC,0,3360371
ssnAp,0.5,1,1,CGGCCACCTTAATTACAGAG,0,3361800
ssnAp,0.5,1,1,CGGCAATCCTTTTCGCATAC,0,3394046
ssnAp,0.5,1,1,CGGATCTACTTCCAGTGTCT,0,3365407
ssnAp,0.5,1,1,CGGATCAGGCCAGTAGTCCT,0,3390846
ssnAp,0.5,1,1,CGGATACTTAGCCATTCAGA,0,3370109
ssnAp,0.5,1,1,CGGATACTGGGTGGGCCGGT,0,3379712
ssnAp,0.5,1,1,CGGATAATCGCCTCACCTGC,0,3369127
ssnAp,0.5,1,1,CGGAGTTTACTTAGCTAACC,0,3394179
ssnAp,0.5,1,1,CGGAGCAGGCTAAGCAGTCC,0,3388216
ssnAp,0.5,1,1,CGGACCGTAAAAGGTTGCTA,0,3376518
ssnAp,0.5,1,1,CGGACCCGTGAGTGTTATAA,0,3362956
ssnAp,0.5,1,1,CGGACCAAACAGCCATTAGT,0,3397430
ssnAp,0.5,1,1,CGGACAGTGGCTGGTTAGCA,0,3371775
ssnAp,0.5,1,1,CGGACAGGGGACTTACCAAA,0,3394780
ssnAp,0.5,1,1,CGGACAAGTGAGACTGGCTA,0,3369041
ssnAp,0.5,1,1,CGGACAAACCAGGGTCAATC,0,3377263
ssnAp,0.5,1,1,CGGAATGAAAGCCCAATGTC,0,3387812
ssnAp,0.5,1,1,CGGAAGCGATTGGTTGCCAT,0,3366898
ssnAp,0.5,1,1,CGGAACTGCGTCGGGGCGAA,0,3394248
ssnAp,0.5,1,1,CGGAAAGGCTAATCATACCA,0,3367832
ssnAp,0.5,1,1,CGCTTGTACTTTATCGGCTA,0,3394711
ssnAp,0.5,1,1,CGCTTGATATAACTGCATAA,0,3399388
ssnAp,0.5,1,1,CGCTTAAACTGAATTGCCAG,0,3399946
ssnAp,0.5,1,1,CGCTGGTGGCCTAGCGCGCC,0,3368691
ssnAp,0.5,1,1,CGCTGCTCTAGAGCGTAAAA,0,3371703
ssnAp,0.5,1,1,CGCTGCTCACATTGGCGTTA,0,3385940
ssnAp,0.5,1,1,CGCTCTCTCAAAGGCTGCCC,0,3375824
ssnAp,0.5,1,1,CGCTCGTGGTTCCACCTGAG,0,3374217
ssnAp,0.5,1,1,CGCTCCGGGGCTGTTGACAC,0,3400179
ssnAp,0.5,1,1,CGCGTTTTCGGGGTCTTTAA,0,3393333
ssnAp,0.5,1,1,CGCGTGCTAGGGTAGCGGGG,0,3401123
ssnAp,0.5,1,1,CGCGTGAAGTCCCAGGGCTA,0,3391706
ssnAp,0.5,1,1,CGCGTCATCAGGCATCCTGC,0,3372071
ssnAp,0.5,1,1,CGCGGTGGTCCGCGAAGGAT,0,3366460
ssnAp,0.5,1,1,CGCGGGTCATCTAGGCGTTG,0,3389413
ssnAp,0.5,1,1,CGCGGAGGCAGCCTCTAAAG,0,3377665
ssnAp,0.5,1,1,CGCGGAACCAAGCTTGTATG,0,3374967
ssnAp,0.5,1,1,CGCGCTTTCGCAATGGTCTG,0,3370098
ssnAp,0.5,1,1,CGCGCGTTACCCGCTACTCG,0,3371889
ssnAp,0.5,1,1,CGCGCGGAGGTAATTTGGGT,0,3365256
ssnAp,0.5,1,1,CGCGACAATTTGGGGTTGAA,0,3360067
ssnAp,0.5,1,1,CGCGAACGTCCAGGCGAGCG,0,3367639
ssnAp,0.5,1,1,CGCCTTTTCATGTTATTGAG,0,3377426
ssnAp,0.5,1,1,CGCCTTGAGCCGTTCGGGAA,0,3361670
ssnAp,0.5,1,1,CGCCTTAAGCCGAGTTACGG,0,3375737
ssnAp,0.5,1,1,CGCCTCGTTGCTTCGAGCCC,0,3366532
ssnAp,0.5,1,1,CGCCTCATTCATGAATCTGC,0,3387725
ssnAp,0.5,1,1,CGCCTCACATGCAGAAGAGA,0,3387464
ssnAp,0.5,1,1,CGCCGTAGGGTCTCATACCA,0,3400493
ssnAp,0.5,1,1,CGCCGTAAAGGCCCCCCTAC,0,3389794
ssnAp,0.5,1,1,CGCCGGCCCGCACACACATG,0,3375364
ssnAp,0.5,1,1,CGCCCTGATTAAAAGCGCAT,0,3396315
ssnAp,0.5,1,1,CGCCCCTACACCAAAGGGTC,0,3399743
ssnAp,0.5,1,1,CGCCCAAGGCCGCCCAATTG,0,3379886
ssnAp,0.5,1,1,CGCCCAAGCCTAGGGAGTCG,0,3389600
ssnAp,0.5,1,1,CGCCAGGTCACGACAGGGAT,0,3361734
ssnAp,0.5,1,1,CGCCACTCGTCATCGTAGGG,0,3392737
ssnAp,0.5,1,1,CGCCACGCTCAGTTCGTGCA,0,3380230
ssnAp,0.5,1,1,CGCATCACCAGTTCCGTGAC,0,3373801
ssnAp,0.5,1,1,CGCATACGCCAAGCAGATCT,0,3398497
ssnAp,0.5,1,1,CGCAGTGGTAATATACAGGT,0,3384876
ssnAp,0.5,1,1,CGCACCAGCCCGAAAGCTGC,0,3383077
ssnAp,0.5,1,1,CGCACCAGCCAGATTGGCGT,0,3395929
ssnAp,0.5,1,1,CGCAATGTCCAGGCATAGAG,0,3374199
ssnAp,0.5,1,1,CGCAATGCAGTCGTTGAATG,0,3395113
ssnAp,0.5,1,1,CGCAATATGGCTCGTCACCG,0,3399321
ssnAp,0.5,1,1,CGCAATACTTTTATTCACTG,0,3370688
ssnAp,0.5,1,1,CGCAAGGGAAGTCTAAAGCC,0,3390437
ssnAp,0.5,1,1,CGCAACGCGCGAACCCCCGA,0,3361398
ssnAp,0.5,1,1,CGATTCGCCTCAAGCGTACC,0,3375624
ssnAp,0.5,1,1,CGATGTACCGCCGCCGTCAA,0,3390285
ssnAp,0.5,1,1,CGATGCCACCAAATATTCTG,0,3402009
ssnAp,0.5,1,1,CGATCCGGAAAACCGATTCC,0,3402600
ssnAp,0.5,1,1,CGATCCCTATCTTCGGCCAA,0,3360888
ssnAp,0.5,1,1,CGATCATGGGCATTTCTTAA,0,3396934
ssnAp,0.5,1,1,CGATCAGATGGGTTGGGGCT,0,3378205
ssnAp,0.5,1,1,CGATCACGAAGCCAAGGCGG,0,3399546
ssnAp,0.5,1,1,CGAGTGTTCGTAGTCAAGGT,0,3385582
ssnAp,0.5,1,1,CGAGTGCAGATAGTTGAGGC,0,3402322
ssnAp,0.5,1,1,CGAGTCTACATTCGATCGAT,0,3365302
ssnAp,0.5,1,1,CGAGGGTAGGCTGCATAATG,0,3401330
ssnAp,0.5,1,1,CGAGGGCAGCAATATCCGAT,0,3361548
ssnAp,0.5,1,1,CGAGACTATGGCTCACGTGC,0,3377268
ssnAp,0.5,1,1,CGACGTGTTCGTACTCACGG,0,3363610
ssnAp,0.5,1,1,CGACGGGTGTTGGCCATGAA,0,3363492
ssnAp,0.5,1,1,CGACGGGCTATCTTACCGTG,0,3361802
ssnAp,0.5,1,1,CGACGGCTGTAAGATCATGT,0,3382864
ssnAp,0.5,1,1,CGACGCTATTCGACCCGAGG,0,3370946
ssnAp,0.5,1,1,CGACCAACATACCCTCTATC,0,3359987
ssnAp,0.5,1,1,CGACATCCTTAGGCGTAATA,0,3382926
ssnAp,0.5,1,1,CGACATCAACGCATACTACG,0,3367062
ssnAp,0.5,1,1,CGACACGCTTTTGCCCGGTA,0,3359845
ssnAp,0.5,1,1,CGAATATTCGGGTAACACGG,0,3401727
ssnAp,0.5,1,1,CGAACTGGAATGGTGGTCAT,0,3384474
ssnAp,0.5,1,1,CGAACTGAGGTGTAAAGCCC,0,3399447
ssnAp,0.5,1,1,CGAACTACCCACTACAGTTA,0,3400058
ssnAp,0.5,1,1,CGAAACGATCCAATGCGGTA,0,3378509
ssnAp,0.5,1,1,CCTTTCGATGGGTGATGAAA,0,3373394
ssnAp,0.5,1,1,CCTTGTTGGGAAGTGAAAGG,0,3376641
ssnAp,0.5,1,1,CCTTGTCCGGACTGGACCTT,0,3400806
ssnAp,0.5,1,1,CCTTGCAAGATTGAGTCTTC,0,3385156
ssnAp,0.5,1,1,CCTTGACATTCCACAGTCTA,0,3388396
ssnAp,0.5,1,1,CCTTCGGGCTCTGAGCGTTG,0,3365930
ssnAp,0.5,1,1,CCTTCCGTCGCGTAGTAGAG,0,3388326
ssnAp,0.5,1,1,CCTTCCAACGCAAGAAAGCA,0,3373752
ssnAp,0.5,1,1,CCTTAGATTCGTTCCTGCGC,0,3385187
ssnAp,0.5,1,1,CCTGTGAAGTGGTGAACTTT,0,3376413
ssnAp,0.5,1,1,CCTGTACATGTGGTCTAGGA,0,3400274
ssnAp,0.5,1,1,CCTGGCGTGGGTATGACCCT,0,3364025
ssnAp,0.5,1,1,CCTGGCATCGCAGGGCTAAA,0,3402975
ssnAp,0.5,1,1,CCTGGCAGCCCGAGCTAACC,0,3387010
ssnAp,0.5,1,1,CCTGGAAACCCGTACCAATT,0,3373421
ssnAp,0.5,1,1,CCTGCCGCCTGACCTCGGAA,0,3373589
ssnAp,0.5,1,1,CCTGCATCCTATGACGTATC,0,3389176
ssnAp,0.5,1,1,CCTGAGCGTATGCCACAAGA,0,3383886
ssnAp,0.5,1,1,CCTCTGAGAACGTGTCGATT,0,3365562
ssnAp,0.5,1,1,CCTCTAACCTACGATGGTAA,0,3374509
ssnAp,0.5,1,1,CCTCGCTACGAAAGAGAAGA,0,3367917
ssnAp,0.5,1,1,CCTCGCGGATACACGTGGTT,0,3386202
ssnAp,0.5,1,1,CCTCGCCAACGCCCTATTTC,0,3392933
ssnAp,0.5,1,1,CCTCCGAACGTCAAGGACGC,0,3391281
ssnAp,0.5,1,1,CCTCCCATGAGTATATGGGA,0,3401476
ssnAp,0.5,1,1,CCTCCAGGCGCTATTTATAT,0,3372954
ssnAp,0.5,1,1,CCTCAAATCCCGGTCGGGAA,0,3360672
ssnAp,0.5,1,1,CCTATATTTCAACTAGACTT,0,3394571
ssnAp,0.5,1,1,CCTATACTTACTGGTACCCT,0,3400504
ssnAp,0.5,1,1,CCTATACGCGGTCGGCCCTA,0,3380578
ssnAp,0.5,1,1,CCTAGGTTACAATGTACCTT,0,3400937
ssnAp,0.5,1,1,CCTAGCCACGGCTGTATCGT,0,3378012
ssnAp,0.5,1,1,CCTACTTGTTGTAACGATGT,0,3368808
ssnAp,0.5,1,1,CCTACCGGTTGGCAAGGTGT,0,3378248
ssnAp,0.5,1,1,CCTACCCGCAAGGGTGTACA,0,3402581
ssnAp,0.5,1,1,CCTACACTCCAAAGACAAAT,0,3363512
ssnAp,0.5,1,1,CCTAAGGCAGCAAGTCAGGT,0,3393453
ssnAp,0.5,1,1,CCTAAGCTGTTCGTCCGCGC,0,3366795
ssnAp,0.5,1,1,CCTAAGATCTGCGAAAATAG,0,3397112
ssnAp,0.5,1,1,CCTAACGGATAATGGTGAGA,0,3394996
ssnAp,0.5,1,1,CCGTTGCCCTCCGCCGCTTA,0,3396654
ssnAp,0.5,1,1,CCGTTCGTTTTCACAACTCA,0,3366077
ssnAp,0.5,1,1,CCGTTATTAGGAGGAGTAGA,0,3381883
ssnAp,0.5,1,1,CCGTTACCGCCAGAAACGAT,0,3393476
ssnAp,0.5,1,1,CCGTGGAGAAGCCTTGGACA,0,3371053
ssnAp,0.5,1,1,CCGTGCGTACAATGAGTTCG,0,3387969
ssnAp,0.5,1,1,CCGTGAAGTTATCAAGTATC,0,3373043
ssnAp,0.5,1,1,CCGTGAAGGATTGTTATAGA,0,3391354
ssnAp,0.5,1,1,CCGTCGGGCTTCCGCTGTGA,0,3383492
ssnAp,0.5,1,1,CCGTCCCCATCGAAAGAATG,0,3396562
ssnAp,0.5,1,1,CCGTCAGCTTTTGGCAAGGT,0,3381352
ssnAp,0.5,1,1,CCGTATTGGCATCAGCCTCT,0,3384964
ssnAp,0.5,1,1,CCGTATTAGTCCCGGAGGTC,0,3391050
ssnAp,0.5,1,1,CCGTACAGCAAATAGCACTC,0,3366958
ssnAp,0.5,1,1,CCGTACAGATGGCTCTTGTA,0,3380406
ssnAp,0.5,1,1,CCGGTTTTTTGATGTAGTCC,0,3380141
ssnAp,0.5,1,1,CCGGTGACTATCACATGAAT,0,3374099
ssnAp,0.5,1,1,CCGGTCAGTCATGCATGACC,0,3393895
ssnAp,0.5,1,1,CCGGTCAATACGTATAGTAT,0,3394928
ssnAp,0.5,1,1,CCGGTATCACAGTGACACGA,0,3371778
ssnAp,0.5,1,1,CCGGGTTTGTTCTATGGGTC,0,3385850
ssnAp,0.5,1,1,CCGGGTGCTGCGGTTAAACA,0,3370812
ssnAp,0.5,1,1,CCGGGTCCTATGGCTCTTCC,0,3393870
ssnAp,0.5,1,1,CCGGGGAGCATAAGGTTTAT,0,3369739
ssnAp,0.5,1,1,CCGGCCTCTACGCGAGGGAT,0,3362162
ssnAp,0.5,1,1,CCGGCCGGCCACGTAGTGGG,0,3385541
ssnAp,0.5,1,1,CCGGCATCTATACTCTTCCC,0,3383794
ssnAp,0.5,1,1,CCGGCAAGGCTGATTGTATC,0,3373378
ssnAp,0.5,1,1,CCGGATTTGGAAGCAAAGAA,0,3370303
ssnAp,0.5,1,1,CCGGATCCAGAGATATGATC,0,3396535
ssnAp,0.5,1,1,CCGGATACAGATGAGGATGT,0,3376051
ssnAp,0.5,1,1,CCGGAGGCAGACATCCAGTT,0,3401710
ssnAp,0.5,1,1,CCGGAGCCCAAGTATGCGAC,0,3364837
ssnAp,0.5,1,1,CCGGAAAACAAATGGTAAAA,0,3394286
ssnAp,0.5,1,1,CCGCTTGCGAATGGAATTAA,0,3392222
ssnAp,0.5,1,1,CCGCTCGGGTTCATTGGGTT,0,3359302
ssnAp,0.5,1,1,CCGCTCGGGTCGTTTGGAAA,0,3398758
ssnAp,0.5,1,1,CCGCGTCTTACCGGGTGCCG,0,3366793
ssnAp,0.5,1,1,CCGCGGTTCTATTAAGCAGT,0,3395933
ssnAp,0.5,1,1,CCGCGCCAAAATACATTATC,0,3379696
ssnAp,0.5,1,1,CCGCGACATGCTCCAGTCCA,0,3374958
ssnAp,0.5,1,1,CCGCCCGCATCCACGATGCA,0,3395806
ssnAp,0.5,1,1,CCGCATCAGATAATTCGGCG,0,3376240
ssnAp,0.5,1,1,CCGATGTGTTTGGGTCGGCT,0,3397813
ssnAp,0.5,1,1,CCGATGCCACCACATACGCT,0,3378398
ssnAp,0.5,1,1,CCGATCCGGAGGTATTACCT,0,3385092
ssnAp,0.5,1,1,CCGATCAGTAACCGTCGGAG,0,3390930
ssnAp,0.5,1,1,CCGATAACACGGCCAATAAA,0,3377567
ssnAp,0.5,1,1,CCGAGTTTCTACAGGGACTA,0,3387109
ssnAp,0.5,1,1,CCGAGCGCTCCGTTGTCCAA,0,3390374
ssnAp,0.5,1,1,CCGAGAGTCCGCGTTCCGAA,0,3389827
ssnAp,0.5,1,1,CCGAGAGACAGGCCGAAGAC,0,3402243
ssnAp,0.5,1,1,CCGACCCAATCACACGTGCC,0,3362962
ssnAp,0.5,1,1,CCGAAGACTATGAACAGAAA,0,3378880
ssnAp,0.5,1,1,CCCTTCTATACCGCCTTTGT,0,3392847
ssnAp,0.5,1,1,CCCTGTTCGTGAAAATAACA,0,3368179
ssnAp,0.5,1,1,CCCTGACAGTCCATCTGAGA,0,3364290
ssnAp,0.5,1,1,CCCTCGTCCAGCCGGATGTG,0,3365923
ssnAp,0.5,1,1,CCCTCGGAAACATCGTTTTG,0,3373878
ssnAp,0.5,1,1,CCCTCACGACAAAGGACCCA,0,3365082
ssnAp,0.5,1,1,CCCTAGCGGGTCCGTCGGTC,0,3393728
ssnAp,0.5,1,1,CCCGTTCGTACCTTAGATGG,0,3370712
ssnAp,0.5,1,1,CCCGTTAACCATTGCGCTCT,0,3372650
ssnAp,0.5,1,1,CCCGTGGTAGTCGGAACCGC,0,3385362
ssnAp,0.5,1,1,CCCGTGCGTTAAGCGGGGAA,0,3378121
ssnAp,0.5,1,1,CCCGTGCCGGCAGTCGTCAT,0,3390336
ssnAp,0.5,1,1,CCCGTAATTCCAGAGCCGGA,0,3386938
ssnAp,0.5,1,1,CCCGGGGTAATACATTCATT,0,3376148
ssnAp,0.5,1,1,CCCGGGCGTAGAGAAAGCCG,0,3381526
ssnAp,0.5,1,1,CCCGGCCATATTTCTCCATA,0,3376799
ssnAp,0.5,1,1,CCCGGAGTGAGCTGAAGTAT,0,3376810
ssnAp,0.5,1,1,CCCGCTATAGGCTTTATCGG,0,3374603
ssnAp,0.5,1,1,CCCGCCTGGTCATGCAGCAC,0,3395209
ssnAp,0.5,1,1,CCCGCCTATCGTCTGACGGC,0,3386903
ssnAp,0.5,1,1,CCCGCACGGAACGTGAAAGT,0,3377788
ssnAp,0.5,1,1,CCCGAGTTAATATCGATCGG,0,3390440
ssnAp,0.5,1,1,CCCGAAGTAATACCGTCTCA,0,3366114
ssnAp,0.5,1,1,CCCGAAGAAAGCTATACGGG,0,3387781
ssnAp,0.5,1,1,CCCCTTCACGAACCCATGTC,0,3364646
ssnAp,0.5,1,1,CCCCTGTGACGGATGAAGTC,0,3363399
ssnAp,0.5,1,1,CCCCTGATCGATAAGTACTC,0,3389583
ssnAp,0.5,1,1,CCCCGTCTTGCGGTCCTGCA,0,3381414
ssnAp,0.5,1,1,CCCCGTCTCAACAGTTAGCT,0,3369228
ssnAp,0.5,1,1,CCCCGGTTTGGCACGGAGTG,0,3363138
ssnAp,0.5,1,1,CCCCGCTACCTGGTTCTCCT,0,3396803
ssnAp,0.5,1,1,CCCCGATCGCCAGCCAAACC,0,3365682
ssnAp,0.5,1,1,CCCCCAGATCTGCTTTGACC,0,3402443
ssnAp,0.5,1,1,CCCCAATACGTCTCTTATTC,0,3362955
ssnAp,0.5,1,1,CCCATATCGCATTATCTAGA,0,3365364
ssnAp,0.5,1,1,CCCAGGTTTAGTCCTCCATG,0,3380043
ssnAp,0.5,1,1,CCCAGGTCGTCGAAAAAGGT,0,3381256
ssnAp,0.5,1,1,CCCAGAATGGGATTGTCTGC,0,3374372
ssnAp,0.5,1,1,CCCACTTTTTCGTATCGTGT,0,3398354
ssnAp,0.5,1,1,CCCACAAGCAAAAGGCGGCT,0,3367091
ssnAp,0.5,1,1,CCCAACCTATTTTTGTGGGT,0,3361947
ssnAp,0.5,1,1,CCCAAAGGACAAATTTAGTA,0,3378979
ssnAp,0.5,1,1,CCATTTGCCGTTAGCAAAGA,0,3383209
ssnAp,0.5,1,1,CCATTTCCGGTTGATTAGCC,0,3400110
ssnAp,0.5,1,1,CCATTGGTTTTATCTACATC,0,3393618
ssnAp,0.5,1,1,CCATTGCAATACCTTGAACG,0,3388877
ssnAp,0.5,1,1,CCATTGACTCATCGCCACAC,0,3387591
ssnAp,0.5,1,1,CCATGGCCGATGATTAGCAT,0,3394302
ssnAp,0.5,1,1,CCATCTGCGCGCTAATGCTC,0,3391129
ssnAp,0.5,1,1,CCATATTGGCGCCATCTAGT,0,3395596
ssnAp,0.5,1,1,CCATACTCATGCTAAAGGGG,0,3382733
ssnAp,0.5,1,1,CCATACGATGAAGTCTTAGA,0,3395225
ssnAp,0.5,1,1,CCATAATGTGGTCAGGGTAG,0,3387932
ssnAp,0.5,1,1,CCAGTGAGGTATCCGGGCAT,0,3394626
ssnAp,0.5,1,1,CCAGCTTTTAACTACATTAC,0,3360091
ssnAp,0.5,1,1,CCAGCTAGATGTCCGCGACG,0,3391932
ssnAp,0.5,1,1,CCAGCGTGTTACGATACATG,0,3380459
ssnAp,0.5,1,1,CCAGAGGGCTTTGGAACGTA,0,3387306
ssnAp,0.5,1,1,CCAGACGAGTATAAACAAGG,0,3402644
ssnAp,0.5,1,1,CCACTTTGGACAGTGTGCCT,0,3385160
ssnAp,0.5,1,1,CCACTGTAATGTGAATGCTT,0,3360675
ssnAp,0.5,1,1,CCACGGGGGTAACGAGAGCC,0,3373138
ssnAp,0.5,1,1,CCACGCTTCCGCGCCTCAGG,0,3372917
ssnAp,0.5,1,1,CCACGAGGCACCCTATCATA,0,3392403
ssnAp,0.5,1,1,CCACCACCCGTATGGAAATT,0,3380206
ssnAp,0.5,1,1,CCACACGACGTGCGGTCGGA,0,3369649
ssnAp,0.5,1,1,CCAATTTGGGAAAGTCAACC,0,3380134
ssnAp,0.5,1,1,CCAATCTATAAGGGGTGTTG,0,3395267
ssnAp,0.5,1,1,CCAATCCAGCGGTTAGGGCA,0,3363786
ssnAp,0.5,1,1,CCAAGGCAAGCCCGTCGCCA,0,3394848
ssnAp,0.5,1,1,CCAAGGACGTCGAGTCGCGA,0,3381438
ssnAp,0.5,1,1,CCAAGACCCGTCGAACCGGC,0,3374521
ssnAp,0.5,1,1,CCAACTTGGACGGTCGAGGC,0,3369437
ssnAp,0.5,1,1,CCAACTCGTTGGATTAGGAC,0,3401390
ssnAp,0.5,1,1,CCAACCCTACCTGAGAAGAT,0,3381660
ssnAp,0.5,1,1,CCAAATGTTTTACGGAGCGG,0,3376908
ssnAp,0.5,1,1,CCAAAACGCGCCGCTGTCAG,0,3376943
ssnAp,0.5,1,1,CCAAAACGCCTTTGAAGTAG,0,3377952
ssnAp,0.5,1,1,CATTTTCTATGTAAGGTGGC,0,3386932
ssnAp,0.5,1,1,CATTTGGCAAAGCTAAGCCC,0,3386917
ssnAp,0.5,1,1,CATTTAATGGTGTTTCGAGT,0,3370883
ssnAp,0.5,1,1,CATTGTCAGGTGTCCAGTGA,0,3381986
ssnAp,0.5,1,1,CATTGGGCAGATTTCCGAGC,0,3372543
ssnAp,0.5,1,1,CATTGCTGTATGAGGGGCGA,0,3396388
ssnAp,0.5,1,1,CATTATTTTTCCCTCTACTC,0,3379829
ssnAp,0.5,1,1,CATTAGGGGAATAAATTCCC,0,3391171
ssnAp,0.5,1,1,CATTAATTCGGTGGGGAGAT,0,3360001
ssnAp,0.5,1,1,CATGTTTGTAATAACGAGCA,0,3374413
ssnAp,0.5,1,1,CATGGTGCGCCCGTCACGTC,0,3398032
ssnAp,0.5,1,1,CATGGGGCATAGAACGCCTC,0,3363657
ssnAp,0.5,1,1,CATGGCGCAAGTTAACGACT,0,3395407
ssnAp,0.5,1,1,CATGCTAACCATCGGGAGTT,0,3361782
ssnAp,0.5,1,1,CATGCGCTGGTAGCGCTGTA,0,3388750
ssnAp,0.5,1,1,CATGCCAATGAGGTAGGAAC,0,3365018
ssnAp,0.5,1,1,CATGATATGATTGGGGTCAC,0,3374075
ssnAp,0.5,1,1,CATGAGGGCTGTCGGTTTAA,0,3368601
ssnAp,0.5,1,1,CATGACACATCGGGCTAGGT,0,3370658
ssnAp,0.5,1,1,CATGAAAGTCCTTGATTCGG,0,3389050
ssnAp,0.5,1,1,CATCTCGTAAATTCAGAGGA,0,3395341
ssnAp,0.5,1,1,CATCTAGTTTGAGTATAAGA,0,3383878
ssnAp,0.5,1,1,CATCGTACCTGATTATCGAA,0,3399690
ssnAp,0.5,1,1,CATCGTACATGGTATAGATA,0,3379214
ssnAp,0.5,1,1,CATCGCTTTACGATGGCGTC,0,3383432
ssnAp,0.5,1,1,CATCGCCGGGCCGTCAAGTA,0,3378533
ssnAp,0.5,1,1,CATCGAAGACTTTTAAGTGA,0,3401565
ssnAp,0.5,1,1,CATCCTCTTAGTCTTTAACT,0,3398910
ssnAp,0.5,1,1,CATCCCGACAAGTGAACTCA,0,3386224
ssnAp,0.5,1,1,CATCATCATCAGGGTATTTG,0,3388956
ssnAp,0.5,1,1,CATATCACCCTGAGTAGTTA,0,3378833
ssnAp,0.5,1,1,CATAGTCGTAGATTCAAGTA,0,3365430
ssnAp,0.5,1,1,CATAGGCGAAGCTCCATCCA,0,3385261
ssnAp,0.5,1,1,CATAGCGCCTGCGCACCCGT,0,3363134
ssnAp,0.5,1,1,CATAGAGCTTAATACGCTAT,0,3370675
ssnAp,0.5,1,1,CATAGAACCAGCACAGCAGA,0,3372670
ssnAp,0.5,1,1,CATACTCGATAGCGCAATGA,0,3400908
ssnAp,0.5,1,1,CATACGCATGACCCCGTCGT,0,3369302
ssnAp,0.5,1,1,CATACCTGGCTAGTCTAAAA,0,3383224
ssnAp,0.5,1,1,CAGTTTTAGTTGATATATAT,0,3379365
ssnAp,0.5,1,1,CAGTTTCAGACGCGTCTGGA,0,3375044
ssnAp,0.5,1,1,CAGTGTCAGAGGTTCGGCTT,0,3365455
ssnAp,0.5,1,1,CAGTGGCCTCAACACATTGT,0,3381700
ssnAp,0.5,1,1,CAGTGGCACCGTAGCACCTC,0,3362640
ssnAp,0.5,1,1,CAGTGCGCGGAGGAGAGGCA,0,3389305
ssnAp,0.5,1,1,CAGTGATGACCACATAGCCT,0,3393054
ssnAp,0.5,1,1,CAGTCTTTGCGAGTAATCTG,0,3367782
ssnAp,0.5,1,1,CAGTCTTGGCTCTTCACAGT,0,3370184
ssnAp,0.5,1,1,CAGTACTTCTGTGGTGCAGG,0,3369907
ssnAp,0.5,1,1,CAGTACACAACGTACTCACC,0,3360804
ssnAp,0.5,1,1,CAGTAACGTGATTATGTCGG,0,3381610
ssnAp,0.5,1,1,CAGGTGTAGGCCCATACCGA,0,3374756
ssnAp,0.5,1,1,CAGGTCTGGTAAACCACGAC,0,3380266
ssnAp,0.5,1,1,CAGGTACGTAGACTACTTGC,0,3373335
ssnAp,0.5,1,1,CAGGTACCAGTAAATACGCA,0,3402619
ssnAp,0.5,1,1,CAGGTACCAATATAACTCGT,0,3364923
ssnAp,0.5,1,1,CAGGTAATACAAAGTAGCCA,0,3391274
ssnAp,0.5,1,1,CAGGGGGCTGTTCCTCTCTG,0,3372139
ssnAp,0.5,1,1,CAGGGCACAACAATAGTGTC,0,3399143
ssnAp,0.5,1,1,CAGGCCCGAATACGGAGCCT,0,3399686
ssnAp,0.5,1,1,CAGGCATGCTCGAGTACGAC,0,3379025
ssnAp,0.5,1,1,CAGGAATTGTTACCCTATTT,0,3390256
ssnAp,0.5,1,1,CAGCTTTCTGCCTTCCTTGA,0,3373943
ssnAp,0.5,1,1,CAGCTTGGATGTCCCTGAAC,0,3372301
ssnAp,0.5,1,1,CAGCTCCACACTATATAGAG,0,3402147
ssnAp,0.5,1,1,CAGCTAAAACGGATGCTTCA,0,3366623
ssnAp,0.5,1,1,CAGCGGTTCTTAGTTTGGCT,0,3400113
ssnAp,0.5,1,1,CAGCGGTTACGAATTGTAGT,0,3385330
ssnAp,0.5,1,1,CAGCGGCATTTGTCACCATA,0,3365560
ssnAp,0.5,1,1,CAGCGGAGGATGATGGTACA,0,3364067
ssnAp,0.5,1,1,CAGCCGGTATTGTGCCGCAG,0,3382793
ssnAp,0.5,1,1,CAGCCCCAATAGTGTCTGCC,0,3364984
ssnAp,0.5,1,1,CAGCAGGAAGTGGAGCGTTC,0,3389361
ssnAp,0.5,1,1,CAGCAAGACTCATTGGCCGT,0,3383862
ssnAp,0.5,1,1,CAGCAACAGTATCGAGATTG,0,3390098
ssnAp,0.5,1,1,CAGATTTCTCATTTCCGTTT,0,3388150
ssnAp,0.5,1,1,CAGATTAGCAACTCTCTATT,0,3400484
ssnAp,0.5,1,1,CAGATGTAATTGAACCCCTA,0,3400400
ssnAp,0.5,1,1,CAGATGCGCTCTCGCGGGTA,0,3363289
ssnAp,0.5,1,1,CAGATCCCAGAAAGTTCTGC,0,3376032
ssnAp,0.5,1,1,CAGAGTATGAACTTGATCCG,0,3393887
ssnAp,0.5,1,1,CAGACGCTTGAGCAGTTCAC,0,3360790
ssnAp,0.5,1,1,CAGACGATTAAAGACAGTGT,0,3399898
ssnAp,0.5,1,1,CAGAAGCTGCGAGCTCAGGC,0,3395399
ssnAp,0.5,1,1,CAGAACTCGGAAATGAACGT,0,3400257
ssnAp,0.5,1,1,CAGAAATCACTTGCGGTGTT,0,3386471
ssnAp,0.5,1,1,CACTTGGGGGGAAACTACCC,0,3378249
ssnAp,0.5,1,1,CACTGTGGGCGGATAAAGGC,0,3401427
ssnAp,0.5,1,1,CACTCTATCGCGGTCACTTA,0,3367296
ssnAp,0.5,1,1,CACTCCTGCGGGTACTGGTA,0,3400756
ssnAp,0.5,1,1,CACTCCCGTCTAGTGTCAAG,0,3370180
ssnAp,0.5,1,1,CACTACAGCGGCATCCGGAT,0,3400639
ssnAp,0.5,1,1,CACGTTATACGCTCACCGGC,0,3400007
ssnAp,0.5,1,1,CACGTGGGGCTCTCCAAGCG,0,3368943
ssnAp,0.5,1,1,CACGTCCGGGGACACGCGCA,0,3396903
ssnAp,0.5,1,1,CACGTCAGCCCCTATTTATA,0,3392323
ssnAp,0.5,1,1,CACGTAGACAAAATGTGTCA,0,3396882
ssnAp,0.5,1,1,CACGGCGTTCATCTTCCAAT,0,3367522
ssnAp,0.5,1,1,CACGCTCTTGGGTCGTGGAC,0,3395148
ssnAp,0.5,1,1,CACGACATTGGTAGTACAGG,0,3388079
ssnAp,0.5,1,1,CACCTTGGTCCGAATCAGTG,0,3401584
ssnAp,0.5,1,1,CACCTGTTTTGGGACTCGGC,0,3401643
ssnAp,0.5,1,1,CACCTGGTCAGGAGGTCGGA,0,3382244
ssnAp,0.5,1,1,CACCTACCCACTACTTAAGA,0,3383074
ssnAp,0.5,1,1,CACCCCTTCTGGCGTACATC,0,3398981
ssnAp,0.5,1,1,CACCAGGAATCGTATCGCGA,0,3397713
ssnAp,0.5,1,1,CACCAATCTCTTCGGAGGCA,0,3381008
ssnAp,0.5,1,1,CACAGTTGCTACAATGTTGC,0,3384295
ssnAp,0.5,1,1,CACAGAGATCACGGCGGCAA,0,3376690
ssnAp,0.5,1,1,CACAAGAAGACTGCAAATCT,0,3379277
ssnAp,0.5,1,1,CACAACTAGCGAGAGGTGTT,0,3398110
ssnAp,0.5,1,1,CACAAAATGGCAAGTCAAAC,0,3371488
ssnAp,0.5,1,1,CAATTCTACTAGAACGCGAT,0,3369441
ssnAp,0.5,1,1,CAATTCGTCGGGGGTCCCGT,0,3396805
ssnAp,0.5,1,1,CAATTCCTAGGCAACGCGAA,0,3374260
ssnAp,0.5,1,1,CAATCAGTTAGTGTGAGATA,0,3373422
ssnAp,0.5,1,1,CAATCAAATTAAAGGCCGCC,0,3364947
ssnAp,0.5,1,1,CAATATTAGATTCAAACCTG,0,3386000
ssnAp,0.5,1,1,CAATATACTTTGTATCACCC,0,3373285
ssnAp,0.5,1,1,CAATACGAGGATCCGTCTGG,0,3376575
ssnAp,0.5,1,1,CAATAAGTACGTACTGAGTC,0,3387726
ssnAp,0.5,1,1,CAATAAGTAAGTTCATTTAC,0,3402517
ssnAp,0.5,1,1,CAAGTTTATATAGACAGCAA,0,3391998
ssnAp,0.5,1,1,CAAGGGCAATTGGGTGCTTT,0,3370270
ssnAp,0.5,1,1,CAAGGGCAAAGGCAGTGAGC,0,3375454
ssnAp,0.5,1,1,CAAGGAAAAGTGGGCAGTTA,0,3399264
ssnAp,0.5,1,1,CAAGCGTGGAACTTCACAAC,0,3372456
ssnAp,0.5,1,1,CAAGCCGTCATAAACCTACA,0,3359242
ssnAp,0.5,1,1,CAAGCCCGTCAGGACACTCA,0,3359585
ssnAp,0.5,1,1,CAAGATAAGCATACGAACAC,0,3401440
ssnAp,0.5,1,1,CAAGAGTGCACGCCTCAGAT,0,3401181
ssnAp,0.5,1,1,CAAGAGCGATACCTAACCTG,0,3377227
ssnAp,0.5,1,1,CAAGAGAATAGATTAAGGAA,0,3362482
ssnAp,0.5,1,1,CAAGAATGGCCTCGTACGAT,0,3374340
ssnAp,0.5,1,1,CAACTTTTAAAGTAAGTATG,0,3380936
ssnAp,0.5,1,1,CAACTTCTCAATTACAGGGG,0,3371172
ssnAp,0.5,1,1,CAACTTAGATGGGCTAATAG,0,3360792
ssnAp,0.5,1,1,CAACTGCAACAGAGAATTCT,0,3387830
ssnAp,0.5,1,1,CAACTCGAGTTGTTCGCTCG,0,3373919
ssnAp,0.5,1,1,CAACTACTGATTGAACGACC,0,3388052
ssnAp,0.5,1,1,CAACGTGGCGTATCTAGTCA,0,3398168
ssnAp,0.5,1,1,CAACGTAGATTCTACATCAG,0,3399339
ssnAp,0.5,1,1,CAACGTACCGGAGGCCCCAT,0,3379918
ssnAp,0.5,1,1,CAACGGTTTTCATTATGTCC,0,3378397
ssnAp,0.5,1,1,CAACGGGGCAAAGGACCGTT,0,3387092
ssnAp,0.5,1,1,CAACGGGGAAGGCGGGGACA,0,3381258
ssnAp,0.5,1,1,CAACGGCCTGGTAGAAGAAC,0,3386916
ssnAp,0.5,1,1,CAACGCGAGGGCACTCACCT,0,3364742
ssnAp,0.5,1,1,CAACCGTATAGAGGGCAATG,0,3359489
ssnAp,0.5,1,1,CAACCAGCGGTGTATCTTCT,0,3386083
ssnAp,0.5,1,1,CAACATGCTGGTCTCGTTAC,0,3366829
ssnAp,0.5,1,1,CAACATCGAGGCTTAGCTGC,0,3369447
ssnAp,0.5,1,1,CAACATAGAGGCCAACGGCT,0,3396906
ssnAp,0.5,1,1,CAAATTCGCTGGTGGAACCA,0,3392662
ssnAp,0.5,1,1,CAAATGTGAGCGCCAGGGCG,0,3376244
ssnAp,0.5,1,1,CAAAGCACGCTTCGGCCATC,0,3380714
ssnAp,0.5,1,1,CAAACATCCTATCGCTAGTC,0,3389998
ssnAp,0.5,1,1,CAAAATCCTTAAGTTAAGCC,0,3401607
ssnAp,0.5,1,1,CAAAACGATAGAGTGGATGG,0,3360057
ssnAp,0.5,1,1,CAAAACCTTGCCACGGGAGC,0,3376486
ssnAp,0.5,1,1,CAAAAAGAGGTTCCCAGTGC,0,3391254
ssnAp,0.5,1,1,CAAAAAAACCTTGAGGGAAC,0,3391891
ssnAp,0.5,1,1,ATTTTTATCACAGTAAGGTT,0,3372855
ssnAp,0.5,1,1,ATTTTGTCGTTACGAGTGTG,0,3401550
ssnAp,0.5,1,1,ATTTTACCCTGCTCCGTTGC,0,3371166
ssnAp,0.5,1,1,ATTTGGCCTATGGGTGGAGG,0,3402866
ssnAp,0.5,1,1,ATTTGCAATTGATCTACCTA,0,3386633
ssnAp,0.5,1,1,ATTTCTTTGGCTCTCCATTA,0,3392522
ssnAp,0.5,1,1,ATTTCTGTCCTTTCCGTTTC,0,3382539
ssnAp,0.5,1,1,ATTTCCCAATTTCCTATTAA,0,3369462
ssnAp,0.5,1,1,ATTTCAGAAGAAGGGGTCTC,0,3377199
ssnAp,0.5,1,1,ATTTAGTACGTAGGGTCTGT,0,3390575
ssnAp,0.5,1,1,ATTTACAACGGAAGCCGAGT,0,3364206
ssnAp,0.5,1,1,ATTTAACCCCTGACCAACGT,0,3370428
ssnAp,0.5,1,1,ATTGTGGGTGGTACTCGCTT,0,3368777
ssnAp,0.5,1,1,ATTGGGTAGATCATGTGGGA,0,3383194
ssnAp,0.5,1,1,ATTGCGGGGGGCGGACAAAA,0,3374939
ssnAp,0.5,1,1,ATTGCGGACCAAATGAAGGT,0,3362522
ssnAp,0.5,1,1,ATTGCGAGTGGGGAGTTGAA,0,3360142
ssnAp,0.5,1,1,ATTGCCAATGATGGCTAGTC,0,3381638
ssnAp,0.5,1,1,ATTGCATGTCTAAACGGATA,0,3397859
ssnAp,0.5,1,1,ATTGCAGAAGACACGCACGC,0,3361167
ssnAp,0.5,1,1,ATTGAAGGAACGCCCCTTCC,0,3376531
ssnAp,0.5,1,1,ATTCTCTAGCGGCATCTATT,0,3394237
ssnAp,0.5,1,1,ATTCTAGAAACTGGTCCAGG,0,3382334
ssnAp,0.5,1,1,ATTCTAATTAATTAAGGAAT,0,3402119
ssnAp,0.5,1,1,ATTCTAAACAGCATCGCATT,0,3380057
ssnAp,0.5,1,1,ATTCGTCTGAGTTAAGGTGG,0,3361477
ssnAp,0.5,1,1,ATTCGGCACCAGGAGGTCAA,0,3381704
ssnAp,0.5,1,1,ATTCGCACTAATTCGGACCC,0,3379058
ssnAp,0.5,1,1,ATTCAACGCTACTAGGGGCG,0,3369120
ssnAp,0.5,1,1,ATTCAACAGATTAGTCCCTT,0,3368070
ssnAp,0.5,1,1,ATTATGAGTGTGGACGAGGT,0,3391952
ssnAp,0.5,1,1,ATTATGAGGAACTAAATGGG,0,3391375
ssnAp,0.5,1,1,ATTAGTTTGTGCATTATCAC,0,3390548
ssnAp,0.5,1,1,ATTAGGGGGGCGTGCAAGCT,0,3380172
ssnAp,0.5,1,1,ATTAGGACATGGAAGCACAA,0,3370694
ssnAp,0.5,1,1,ATTACTGCACACTTTAACAA,0,3390721
ssnAp,0.5,1,1,ATTACTACTGTAAAGTATTA,0,3365287
ssnAp,0.5,1,1,ATTACCTCGCCTTGTTTTCT,0,3365221
ssnAp,0.5,1,1,ATTACCTAACAGTAGGCTGC,0,3380974
ssnAp,0.5,1,1,ATTAAGGACGAAGTAGGTTC,0,3380160
ssnAp,0.5,1,1,ATTAAGAGAGAGAGAAGTCC,0,3379220
ssnAp,0.5,1,1,ATTAAGACACTCTCCCCGAC,0,3369570
ssnAp,0.5,1,1,ATTAAGAAGGCCGCGCTTAC,0,3362794
ssnAp,0.5,1,1,ATGTTGTCCAATGGTTATGG,0,3388940
ssnAp,0.5,1,1,ATGTTACCCCTACGTTTACT,0,3372143
ssnAp,0.5,1,1,ATGTCGGTCGGGTCGGAGGA,0,3371812
ssnAp,0.5,1,1,ATGTCGCGAGTGTTTTTACA,0,3390177
ssnAp,0.5,1,1,ATGTCCGGTTGTGCGACCCG,0,3377023
ssnAp,0.5,1,1,ATGTATTGGTCACATCTCCA,0,3375511
ssnAp,0.5,1,1,ATGGTGGGGACCGCATTTAT,0,3370389
ssnAp,0.5,1,1,ATGGTGCGGACTACCTCCAT,0,3385326
ssnAp,0.5,1,1,ATGGTGACCCTCGTGTGAGT,0,3372251
ssnAp,0.5,1,1,ATGGTCCATATCCCAAGTAC,0,3386300
ssnAp,0.5,1,1,ATGGTAAATACTGAGGCCTT,0,3399829
ssnAp,0.5,1,1,ATGGGTCCACGTCCTACGTC,0,3395776
ssnAp,0.5,1,1,ATGGGCACTTCGATGCTGAA,0,3368004
ssnAp,0.5,1,1,ATGGGACGCAGAATTCTTTT,0,3376333
ssnAp,0.5,1,1,ATGGCGCCAGCACTCGCTAC,0,3384790
ssnAp,0.5,1,1,ATGGCCACTGACAGCACTAC,0,3399316
ssnAp,0.5,1,1,ATGGCATTCTCGAACCGGAT,0,3372747
ssnAp,0.5,1,1,ATGGAAGTACGACAAGACTC,0,3396082
ssnAp,0.5,1,1,ATGGAACTATGTCTGATCGC,0,3373571
ssnAp,0.5,1,1,ATGCTTAAACTTGTCGCTTA,0,3385577
ssnAp,0.5,1,1,ATGCTCATCTGAAAAGCGGT,0,3360954
ssnAp,0.5,1,1,ATGCGGACCTTCTTACTCAC,0,3400303
ssnAp,0.5,1,1,ATGCGGACAACACCCCTTGG,0,3385553
ssnAp,0.5,1,1,ATGCGAACCGGTGCGACAAA,0,3394818
ssnAp,0.5,1,1,ATGCCTCAGAACCAGAGCCA,0,3367875
ssnAp,0.5,1,1,ATGCCCTCCGTTCCGCCACA,0,3372393
ssnAp,0.5,1,1,ATGCCAGGACCCAACTCGTC,0,3374999
ssnAp,0.5,1,1,ATGCATCATGCGATAGCGGA,0,3368956
ssnAp,0.5,1,1,ATGCATATACTTTATTATAA,0,3398356
ssnAp,0.5,1,1,ATGCAGTTTTCTATTCCAAG,0,3362059
ssnAp,0.5,1,1,ATGCACTAAGCGGTGTAGCA,0,3399324
ssnAp,0.5,1,1,ATGACGTTCGGCATTGAGGT,0,3373185
ssnAp,0.5,1,1,ATGACCTGCACGGGCTCCGT,0,3391134
ssnAp,0.5,1,1,ATGAACTGCCCGGTCCTCTA,0,3381520
ssnAp,0.5,1,1,ATCTTTATACAGGGGAAATT,0,3362763
ssnAp,0.5,1,1,ATCTTTACCGATTTAAGAAC,0,3364356
ssnAp,0.5,1,1,ATCTTGCACTCGGTCTACCA,0,3392722
ssnAp,0.5,1,1,ATCTCATCGCAGTTAGATTC,0,3398506
ssnAp,0.5,1,1,ATCTCATATGAAGAGGGCAA,0,3390278
ssnAp,0.5,1,1,ATCTAGGTCGCACTAGCCCT,0,3380679
ssnAp,0.5,1,1,ATCGTAGGATCCCCGTAAGT,0,3374467
ssnAp,0.5,1,1,ATCGGTGAGAGCGCTACTTT,0,3385669
ssnAp,0.5,1,1,ATCGGTACACTTCAGTGCTT,0,3377926
ssnAp,0.5,1,1,ATCGGGTCCGCCTTATACAA,0,3374862
ssnAp,0.5,1,1,ATCGGACTAAGGGGAAGGTT,0,3378503
ssnAp,0.5,1,1,ATCGCTCGCTCTAGTATCTG,0,3365029
ssnAp,0.5,1,1,ATCGCGTTTCGAACCGGGGG,0,3388730
ssnAp,0.5,1,1,ATCGCGCACGGTTTCATGCT,0,3384009
ssnAp,0.5,1,1,ATCGCCGTTCGAGTCCGGTG,0,3383156
ssnAp,0.5,1,1,ATCGACGGGTTCTATTACTG,0,3384121
ssnAp,0.5,1,1,ATCCTTTCTAATTTCATCGC,0,3371800
ssnAp,0.5,1,1,ATCCTGGGCATTACCAAATT,0,3401155
ssnAp,0.5,1,1,ATCCTGGGATTTCGTTATTA,0,3375352
ssnAp,0.5,1,1,ATCCTGCTACTTACGTAAAA,0,3366625
ssnAp,0.5,1,1,ATCCTGCGAAAAGATCATAC,0,3396598
ssnAp,0.5,1,1,ATCCTACGGCGTGACATTGC,0,3360491
ssnAp,0.5,1,1,ATCCTACCAAGGCCAATAAG,0,3392341
ssnAp,0.5,1,1,ATCCGTTTTCTATTAGAACC,0,3370287
ssnAp,0.5,1,1,ATCCGTTATATGAATCGTGG,0,3382879
ssnAp,0.5,1,1,ATCCGTACGAGCAAGATTGC,0,3372073
ssnAp,0.5,1,1,ATCCGGACGCAGGTGTCGCG,0,3390650
ssnAp,0.5,1,1,ATCCGCGATCTGCTTCACCT,0,3378532
ssnAp,0.5,1,1,ATCCGAATTCTCAACCGGTC,0,3396907
ssnAp,0.5,1,1,ATCCCAATGGGTTCCGGAGC,0,3376870
ssnAp,0.5,1,1,ATCCCAAGGTAGTCAGGGAA,0,3368088
ssnAp,0.5,1,1,ATCCAGCAAGTCAGCTACCG,0,3392688
ssnAp,0.5,1,1,ATCATGCAACTCAACGTGCT,0,3387397
ssnAp,0.5,1,1,ATCATAAGCATTAACTGTTT,0,3394978
ssnAp,0.5,1,1,ATCACCCCATAGACACCCGC,0,3381107
ssnAp,0.5,1,1,ATCAATTGGTTCCCGGCGTA,0,3363213
ssnAp,0.5,1,1,ATCAACTAAGAGTTATGAGA,0,3373223
ssnAp,0.5,1,1,ATCAAAAGGGCGCGCGTCAG,0,3385604
ssnAp,0.5,1,1,ATCAAAAATGTGGGGCAGTC,0,3373727
ssnAp,0.5,1,1,ATATTTGTTCTGGCTGCCAA,0,3385756
ssnAp,0.5,1,1,ATATTTGGTCCCGTTCTTAA,0,3390207
ssnAp,0.5,1,1,ATATTTGCTGTCTCACTCCA,0,3376247
ssnAp,0.5,1,1,ATATTTATCCGTACAGGAGA,0,3369779
ssnAp,0.5,1,1,ATATTTATATAGGCGAACTC,0,3379663
ssnAp,0.5,1,1,ATATTGTCCGTAGACTCCAT,0,3380147
ssnAp,0.5,1,1,ATATTGGTGTAACTTCCCAC,0,3397473
ssnAp,0.5,1,1,ATATTCCCAAATAGCACATG,0,3373245
ssnAp,0.5,1,1,ATATTCATTTGCGGATGCTG,0,3400990
ssnAp,0.5,1,1,ATATTATGGCGAATCCGCTC,0,3375627
ssnAp,0.5,1,1,ATATGTGCAAGGACAAGAAA,0,3394593
ssnAp,0.5,1,1,ATATGGTCGGTTAAGGGTCG,0,3374076
ssnAp,0.5,1,1,ATATCTGCCTACGTTCTAGA,0,3382495
ssnAp,0.5,1,1,ATATCTACGCACCAACAAGG,0,3381924
ssnAp,0.5,1,1,ATATCGGAAGCAGCGGGCTA,0,3396965
ssnAp,0.5,1,1,ATATCGCTTATGTATATGGA,0,3377764
ssnAp,0.5,1,1,ATATCGCGAATTTAAGCAAA,0,3394580
ssnAp,0.5,1,1,ATATATTTTTGCCACAAAAC,0,3382451
ssnAp,0.5,1,1,ATATATGTGAGATTTAAACC,0,3396279
ssnAp,0.5,1,1,ATATATGCCCTGGCCTATAG,0,3382657
ssnAp,0.5,1,1,ATATACGATTACCTAAACAC,0,3384580
ssnAp,0.5,1,1,ATATAATCGAAAAGTTTGGG,0,3398341
ssnAp,0.5,1,1,ATAGTTTTTCGCCTTGTGGT,0,3370653
ssnAp,0.5,1,1,ATAGTTTCTGGGGGTACGTC,0,3364417
ssnAp,0.5,1,1,ATAGTTGGGGCTTGAGAAAT,0,3393532
ssnAp,0.5,1,1,ATAGTTGGATCAAGTCAACA,0,3397057
ssnAp,0.5,1,1,ATAGTTCAAGGATAAGGCTG,0,3375099
ssnAp,0.5,1,1,ATAGTGTCAGACTAGACTCC,0,3374510
ssnAp,0.5,1,1,ATAGTGGAGCTGAACGCAGA,0,3372669
ssnAp,0.5,1,1,ATAGGTATCATCCGACATAA,0,3373425
ssnAp,0.5,1,1,ATAGGGGTAAGTATTCCCTG,0,3401882
ssnAp,0.5,1,1,ATAGGGGACGCCCGAGATAT,0,3400941
ssnAp,0.5,1,1,ATAGCTAGAACTCCGAATAG,0,3371262
ssnAp,0.5,1,1,ATAGCGTCCCTGAATGCACT,0,3368826
ssnAp,0.5,1,1,ATAGCCTAGGACACTGGAAG,0,3372905
ssnAp,0.5,1,1,ATAGCCGAAGATTTGATCAT,0,3365688
ssnAp,0.5,1,1,ATAGAGAGTGTGCAGTACCA,0,3379878
ssnAp,0.5,1,1,ATACTTCCATCTGACTCCTG,0,3368853
ssnAp,0.5,1,1,ATACTCCAATCTGACCAATG,0,3369918
ssnAp,0.5,1,1,ATACTAGGAACCTCCGGCAT,0,3371791
ssnAp,0.5,1,1,ATACGCAAAAGGTACGCACC,0,3372142
ssnAp,0.5,1,1,ATACGATTGCGGATTTAATA,0,3399434
ssnAp,0.5,1,1,ATACGAACCCGACGTTGGTG,0,3401938
ssnAp,0.5,1,1,ATACCTTTTGGGATGCGAGC,0,3369164
ssnAp,0.5,1,1,ATACATTTTTTGTGTACTTG,0,3396848
ssnAp,0.5,1,1,ATACAGCCATAGTCCACTTG,0,3369953
ssnAp,0.5,1,1,ATACACTAATGGGATGACAT,0,3401220
ssnAp,0.5,1,1,ATACACCCTCGCGGTTTGTG,0,3368636
ssnAp,0.5,1,1,ATAATTATAGACATTCATCG,0,3387789
ssnAp,0.5,1,1,ATAATTACGGGCGATCAGCT,0,3376181
ssnAp,0.5,1,1,ATAATGGAGAAGCCATTTGT,0,3392310
ssnAp,0.5,1,1,ATAAGCTCGGGCTTGGGCTA,0,3399179
ssnAp,0.5,1,1,ATAAGACATTTGTTTTAGGG,0,3383763
ssnAp,0.5,1,1,ATAACATACGCCACGCCAGC,0,3369523
ssnAp,0.5,1,1,ATAACAACTTAAGTTAGACA,0,3381658
ssnAp,0.5,1,1,ATAAAGCGATTTCATCCTCT,0,3383505
ssnAp,0.5,1,1,AGTTTTGAGCAACCTAATGT,0,3372438
ssnAp,0.5,1,1,AGTTTCCACAGTGAGTACAA,0,3380356
ssnAp,0.5,1,1,AGTTTCAATGTTTGTGTTAA,0,3377635
ssnAp,0.5,1,1,AGTTTAGCCTCCGTAACGTA,0,3402956
ssnAp,0.5,1,1,AGTTTAAGCTCGTGTTATTA,0,3391585
ssnAp,0.5,1,1,AGTTCATTACATGTCGCGAA,0,3395141
ssnAp,0.5,1,1,AGTTAGGCCCAATTGGTCCG,0,3364776
ssnAp,0.5,1,1,AGTGTTTACGCTTCCGTGAC,0,3402473
ssnAp,0.5,1,1,AGTGTTGCGATACGGATACT,0,3378221
ssnAp,0.5,1,1,AGTGTGGGAGGGAGGAGGGT,0,3368830
ssnAp,0.5,1,1,AGTGTGGGAGAACTTAAGAT,0,3367838
ssnAp,0.5,1,1,AGTGTCCGCAGTTAGGTCAC,0,3377341
ssnAp,0.5,1,1,AGTGTCATCGATTCGCATCC,0,3376004
ssnAp,0.5,1,1,AGTGTCATATTAGGGAGATT,0,3401005
ssnAp,0.5,1,1,AGTGTCACCTGGACCCGAGA,0,3388243
ssnAp,0.5,1,1,AGTGTATGGATGTGTGAATA,0,3367888
ssnAp,0.5,1,1,AGTGGCCAGTGCTCCGGAGT,0,3379218
ssnAp,0.5,1,1,AGTGGCAGTTTGCCAGAAAT,0,3387206
ssnAp,0.5,1,1,AGTGGACTAGGTGGAAAGTC,0,3390142
ssnAp,0.5,1,1,AGTGCCTCGAAATTGAGAGA,0,3383854
ssnAp,0.5,1,1,AGTGCAGAAATTTGACGCTA,0,3390608
ssnAp,0.5,1,1,AGTGCAATCGTCATCGCCCT,0,3359575
ssnAp,0.5,1,1,AGTGACTTGAGCGGTCTGGG,0,3394343
ssnAp,0.5,1,1,AGTGACGGGTTGGGTGCTTG,0,3385443
ssnAp,0.5,1,1,AGTCTTGGACACAGGAGTGG,0,3360452
ssnAp,0.5,1,1,AGTCTCCGTAATGAGCGACT,0,3369088
ssnAp,0.5,1,1,AGTCGTAAGCCCAAGACCTA,0,3389920
ssnAp,0.5,1,1,AGTCGGTCCAGTGTCGTGGA,0,3362394
ssnAp,0.5,1,1,AGTCGGGTGAACACCGGGCA,0,3362349
ssnAp,0.5,1,1,AGTCGGGGGGAGTTAGCTCA,0,3389328
ssnAp,0.5,1,1,AGTCGCTCGGGAGATCGTCA,0,3389911
ssnAp,0.5,1,1,AGTCGAGTCTGTAGCACACT,0,3374704
ssnAp,0.5,1,1,AGTCATATAGTGTAGTCGTG,0,3396927
ssnAp,0.5,1,1,AGTCAGACAAGATCACATGG,0,3401655
ssnAp,0.5,1,1,AGTCAACTACCAAGCGGCAG,0,3374880
ssnAp,0.5,1,1,AGTATTAACTCGGATCCGTG,0,3398801
ssnAp,0.5,1,1,AGTAGTGCAAAATCGTCGGC,0,3391591
ssnAp,0.5,1,1,AGTAGCCTTTTTTTAGACGT,0,3363091
ssnAp,0.5,1,1,AGTAGCCACAATATACAGTA,0,3361546
ssnAp,0.5,1,1,AGTACTCCAAGTTTATAGAA,0,3402944
ssnAp,0.5,1,1,AGTACCTTGTCGTTAGCGAA,0,3390394
ssnAp,0.5,1,1,AGTACCTCTAAAGGGTTTTC,0,3361965
ssnAp,0.5,1,1,AGTAATTGCGACCTCTAGCG,0,3378032
ssnAp,0.5,1,1,AGTAATTCAAGTGCTGTAAT,0,3380898
ssnAp,0.5,1,1,AGTAATAGGCGTACCGTCGG,0,3367119
ssnAp,0.5,1,1,AGTAAAGTATGAGTGCGACT,0,3364394
ssnAp,0.5,1,1,AGGTTGCAATGCTACGATCA,0,3365133
ssnAp,0.5,1,1,AGGTTCAATTATGAAAAATG,0,3368872
ssnAp,0.5,1,1,AGGTTAGTCTGGTGTATTTC,0,3402299
ssnAp,0.5,1,1,AGGTGTAGAGCCGGTCCCGG,0,3375457
ssnAp,0.5,1,1,AGGTGGTACAAGAATCTACA,0,3362143
ssnAp,0.5,1,1,AGGTGCTTGACACACACATT,0,3383368
ssnAp,0.5,1,1,AGGTGATTGTGATGTGCACT,0,3396164
ssnAp,0.5,1,1,AGGTATTCATGGTCACATCC,0,3375473
ssnAp,0.5,1,1,AGGTAGCTAGAGGAGGACCT,0,3386033
ssnAp,0.5,1,1,AGGTAGATTGGGAATGGTTG,0,3388407
ssnAp,0.5,1,1,AGGTACCTCCTCCGAAGTAG,0,3393167
ssnAp,0.5,1,1,AGGTAAACATTGGATGGTTC,0,3364397
ssnAp,0.5,1,1,AGGGTTTCATCTTCGACATG,0,3379190
ssnAp,0.5,1,1,AGGGTTCAATTATAAATCAA,0,3386987
ssnAp,0.5,1,1,AGGGTGTGTCATTTCGCTTA,0,3373915
ssnAp,0.5,1,1,AGGGTCCTGTTTACCGAGCG,0,3368213
ssnAp,0.5,1,1,AGGGGTTGGCGTAAGACATT,0,3384916
ssnAp,0.5,1,1,AGGGGGCATGGTATCGATGC,0,3370344
ssnAp,0.5,1,1,AGGGCGGACTAGATTCGGGA,0,3361912
ssnAp,0.5,1,1,AGGGCCCACCACAGATATAA,0,3361545
ssnAp,0.5,1,1,AGGGAGGTACGAGTCTAAAG,0,3384524
ssnAp,0.5,1,1,AGGGAATTACTTGGGTCTAC,0,3401581
ssnAp,0.5,1,1,AGGCTGTGTTTCGACTGTGC,0,3387295
ssnAp,0.5,1,1,AGGCTATGTCCAGCCCTCGA,0,3372892
ssnAp,0.5,1,1,AGGCGTGGCCTGCATTACGA,0,3367382
ssnAp,0.5,1,1,AGGCGGAACGACGCGGCGGT,0,3376550
ssnAp,0.5,1,1,AGGCGAGTAAATAAAAATTA,0,3377816
ssnAp,0.5,1,1,AGGCCGCACCGGCACCGACA,0,3391346
ssnAp,0.5,1,1,AGGCATCAGCCAGGCCGAAC,0,3372483
ssnAp,0.5,1,1,AGGCACGCTAAGGGAGGGGA,0,3372184
ssnAp,0.5,1,1,AGGCACCATATATGCGTCCA,0,3374104
ssnAp,0.5,1,1,AGGATTATGACTGAGGTATT,0,3370182
ssnAp,0.5,1,1,AGGATTATCCGCGGCGTAAG,0,3370219
ssnAp,0.5,1,1,AGGATGCTATCGTTCGCTAC,0,3396693
ssnAp,0.5,1,1,AGGATACATAGAGGAAGACA,0,3369192
ssnAp,0.5,1,1,AGGAGCTATCCTCAGTCGGG,0,3367695
ssnAp,0.5,1,1,AGGAGATGGGGGTATCGACG,0,3392699
ssnAp,0.5,1,1,AGGACTGGCAAGTAAAGTAT,0,3400264
ssnAp,0.5,1,1,AGGACCGCAACCAGCTTGTC,0,3372160
ssnAp,0.5,1,1,AGGACCATTAACTTCTGAGA,0,3385624
ssnAp,0.5,1,1,AGGACATACATTGTGTGCAG,0,3367506
ssnAp,0.5,1,1,AGGACAGGCTTACGTCACGT,0,3386778
ssnAp,0.5,1,1,AGGACACGACCGCGTAGTGA,0,3399493
ssnAp,0.5,1,1,AGGAATGTAATAGCTAACCA,0,3387253
ssnAp,0.5,1,1,AGGAAGATCCAACTTGGGAT,0,3389641
ssnAp,0.5,1,1,AGGAACGGAATTTACATCAA,0,3383614
ssnAp,0.5,1,1,AGCTTGGTTAGATTCAGTTA,0,3360603
ssnAp,0.5,1,1,AGCTTGGATTAGCTCCCCAG,0,3366744
ssnAp,0.5,1,1,AGCTTCCATCACATTCCTAA,0,3362919
ssnAp,0.5,1,1,AGCTTCACGACACAGGGACC,0,3366346
ssnAp,0.5,1,1,AGCTCTGCCCGTCATATTGA,0,3370695
ssnAp,0.5,1,1,AGCTCGAGATGGCATGGGGG,0,3367990
ssnAp,0.5,1,1,AGCTCCGCCAGCGCCTCTCC,0,3396868
ssnAp,0.5,1,1,AGCTCCGACAAGCCGCCTGG,0,3377847
ssnAp,0.5,1,1,AGCTCATCCACGGTTGAACC,0,3394907
ssnAp,0.5,1,1,AGCTCAACTCGTCTCGGTCC,0,3367339
ssnAp,0.5,1,1,AGCTCAACCGGAACAATCGA,0,3382814
ssnAp,0.5,1,1,AGCTACGGGGGACCATGCCT,0,3373246
ssnAp,0.5,1,1,AGCGTTTCGAAGGGGGGTCA,0,3384685
ssnAp,0.5,1,1,AGCGTGAATATGCTGGTATA,0,3380235
ssnAp,0.5,1,1,AGCGGTCATGAACCAATAGC,0,3391573
ssnAp,0.5,1,1,AGCGGGGGCCGTTCAGCTGT,0,3385603
ssnAp,0.5,1,1,AGCGGCACACAGTCGGCTCA,0,3371369
ssnAp,0.5,1,1,AGCGCTGCAGCCTCGCCGGT,0,3400699
ssnAp,0.5,1,1,AGCGCGCAGGGACATACAGC,0,3377572
ssnAp,0.5,1,1,AGCGCATAGCTATTTTGGGC,0,3388199
ssnAp,0.5,1,1,AGCGATTCAGATCTTAAAGT,0,3397816
ssnAp,0.5,1,1,AGCGACCCCAGGCTCCCCCC,0,3401652
ssnAp,0.5,1,1,AGCCTCGAACTGGAATATAT,0,3371931
ssnAp,0.5,1,1,AGCCTACGAATGGAAAATCT,0,3390168
ssnAp,0.5,1,1,AGCCATAAGGCTAACAGCTA,0,3390157
ssnAp,0.5,1,1,AGCATTGGCCTCATGCGGAA,0,3397641
ssnAp,0.5,1,1,AGCAGTCTAAGTCGTTCTAG,0,3362020
ssnAp,0.5,1,1,AGCAGCCTTGCGTAACACGA,0,3368714
ssnAp,0.5,1,1,AGCAGCAACAACACACACAG,0,3383502
ssnAp,0.5,1,1,AGCAGAGCCCCGCCACGCGC,0,3399894
ssnAp,0.5,1,1,AGATTTAGTTGAATCGCCTC,0,3361969
ssnAp,0.5,1,1,AGATTCCCCCTGGCGCAACT,0,3400740
ssnAp,0.5,1,1,AGATGCGTGACGATGCCCGC,0,3388438
ssnAp,0.5,1,1,AGATCGTGTTACTCATCAGA,0,3401971
ssnAp,0.5,1,1,AGATCCAGCCCGCCACATGT,0,3361832
ssnAp,0.5,1,1,AGATCACAACAGTAGGCCCC,0,3369267
ssnAp,0.5,1,1,AGATACCGTTCAGTAAGCGG,0,3399314
ssnAp,0.5,1,1,AGATAACCTAGAATCTTGCT,0,3363445
ssnAp,0.5,1,1,AGAGTTTTAGAGGATACGGT,0,3359958
ssnAp,0.5,1,1,AGAGTCGGTAGAACTTATAG,0,3393172
ssnAp,0.5,1,1,AGAGGGTCAGCGTCGGGGGT,0,3380267
ssnAp,0.5,1,1,AGAGGGTAATCGTCCTTGTC,0,3401120
ssnAp,0.5,1,1,AGAGGGGTGGAAAGTAAGAA,0,3361668
ssnAp,0.5,1,1,AGAGGGGTCTGAAGGGCACA,0,3379291
ssnAp,0.5,1,1,AGAGGCAACTGGGTCTAACG,0,3385247
ssnAp,0.5,1,1,AGAGGAGATTTTGACAGCGT,0,3376180
ssnAp,0.5,1,1,AGAGGACTTCATGGCTCTGT,0,3399357
ssnAp,0.5,1,1,AGAGGACTCATTGAGGCGGA,0,3361939
ssnAp,0.5,1,1,AGAGAGAAAGCGTACTCTAT,0,3398248
ssnAp,0.5,1,1,AGAGACCCACGTAACTATTG,0,3376271
ssnAp,0.5,1,1,AGAGAATAGGAGGACTCACG,0,3391356
ssnAp,0.5,1,1,AGAGAAGTCAATGAAATGGA,0,3366294
ssnAp,0.5,1,1,AGACTTCATCCCGAGGGAGA,0,3402230
ssnAp,0.5,1,1,AGACGTCGTACCGGAAAACT,0,3390911
ssnAp,0.5,1,1,AGACGCGTTGAGCGGAGTAC,0,3394915
ssnAp,0.5,1,1,AGACCTGGACTGTAAGACGA,0,3394530
ssnAp,0.5,1,1,AGACCTAGGCGACGATATCT,0,3372635
ssnAp,0.5,1,1,AGACACGGGAGGTTCAAGGA,0,3389387
ssnAp,0.5,1,1,AGACAACTAGCGGAAATTGA,0,3360707
ssnAp,0.5,1,1,AGAATTTTTGCGACTTCCCT,0,3395439
ssnAp,0.5,1,1,AGAATTTCGAAGACACGGAT,0,3381771
ssnAp,0.5,1,1,AGAATTATCCGAACTCGATT,0,3368494
ssnAp,0.5,1,1,AGAAGGTCCACACAAGAGGT,0,3402561
ssnAp,0.5,1,1,AGAAGCCGCGTGGAGTAAAG,0,3398604
ssnAp,0.5,1,1,AGAAGCACTAATGTAATGTG,0,3361210
ssnAp,0.5,1,1,AGAAGACTTTCTGAGATGCG,0,3397533
ssnAp,0.5,1,1,AGAACTGGTAAACTAGCCTA,0,3371189
ssnAp,0.5,1,1,AGAACCGTGTACGAGTATGT,0,3384875
ssnAp,0.5,1,1,AGAACCACGACAAACATAGT,0,3398266
ssnAp,0.5,1,1,AGAAATCCGCACCGCTGGAC,0,3360823
ssnAp,0.5,1,1,AGAAACGTTGCGCGTACTCT,0,3394492
ssnAp,0.5,1,1,ACTTTTAAGCTATGAATACA,0,3401042
ssnAp,0.5,1,1,ACTTTGCGATCGGTACAAAT,0,3383044
ssnAp,0.5,1,1,ACTTTCGGGATAGACGCTAG,0,3380705
ssnAp,0.5,1,1,ACTTGCGTTTTAGACGAGAT,0,3373948
ssnAp,0.5,1,1,ACTTGCCCAGGGTGTACTGC,0,3396242
ssnAp,0.5,1,1,ACTTCTTGCTGACTTGTTAA,0,3394095
ssnAp,0.5,1,1,ACTTCTACAGAATGGTGTCA,0,3400008
ssnAp,0.5,1,1,ACTTCGTTGTCTGGAAGATC,0,3377129
ssnAp,0.5,1,1,ACTTCACAGTCCACTACTCC,0,3376464
ssnAp,0.5,1,1,ACTTCAAAAACCTGGCTGGC,0,3366724
ssnAp,0.5,1,1,ACTTATATGGAGAGCTTCGG,0,3371410
ssnAp,0.5,1,1,ACTTAGTACCGACCCGTTTC,0,3372117
ssnAp,0.5,1,1,ACTTACCGATACATTCGGGG,0,3370746
ssnAp,0.5,1,1,ACTTAATCTTCCTCTTTGAC,0,3380702
ssnAp,0.5,1,1,ACTTAACGTATAAGGTAATT,0,3401466
ssnAp,0.5,1,1,ACTGTTTATCACTTTCAGTA,0,3374761
ssnAp,0.5,1,1,ACTGTGTTAATACAATCTAA,0,3385181
ssnAp,0.5,1,1,ACTGTGGTTCGCTTACAGCG,0,3391365
ssnAp,0.5,1,1,ACTGGTGTGGTATTCCGCTA,0,3364968
ssnAp,0.5,1,1,ACTGGTACCTTCTAAATGCG,0,3395400
ssnAp,0.5,1,1,ACTGGCTGTTTTGATTCCGT,0,3396137
ssnAp,0.5,1,1,ACTGGCTAGAGTGTCCAATC,0,3365657
ssnAp,0.5,1,1,ACTGCCTGCTACTACCGAGG,0,3385030
ssnAp,0.5,1,1,ACTGCACTGTTCAATATTGG,0,3393956
ssnAp,0.5,1,1,ACTGCAACAGCGTGTCGGAT,0,3374385
ssnAp,0.5,1,1,ACTGAGCGAAAATTGTACGT,0,3362624
ssnAp,0.5,1,1,ACTGAACATCATTGCGAAAA,0,3388778
ssnAp,0.5,1,1,ACTCTTGGATGTATAGTTGA,0,3387350
ssnAp,0.5,1,1,ACTCTTACCTTGTGCCCTGT,0,3363152
ssnAp,0.5,1,1,ACTCTAGGCTGAACGGGCAA,0,3368814
ssnAp,0.5,1,1,ACTCGTAGCACCTTATCACC,0,3375335
ssnAp,0.5,1,1,ACTCGGGGAATGCCACGTGC,0,3398339
ssnAp,0.5,1,1,ACTCCTGTAGCTTATATTTT,0,3387284
ssnAp,0.5,1,1,ACTCCGTCTTTTTCGTGCTG,0,3401889
ssnAp,0.5,1,1,ACTCCGCTTTTCTTTTGGTC,0,3394096
ssnAp,0.5,1,1,ACTCCGAGCGTAGAATGGCC,0,3386949
ssnAp,0.5,1,1,ACTCAGGGTGGATGTTGTAT,0,3371851
ssnAp,0.5,1,1,ACTCACCTCATTCAGGTTTC,0,3386364
ssnAp,0.5,1,1,ACTATGAGGCGAGGGTTAGA,0,3363968
ssnAp,0.5,1,1,ACTAGGGAAGTGCGAAGGTT,0,3385060
ssnAp,0.5,1,1,ACTAGGGAACCTATGTAGCA,0,3387267
ssnAp,0.5,1,1,ACTAGAGGCAGGCAACCTGC,0,3374563
ssnAp,0.5,1,1,ACTAGACCGCCATTCGTATA,0,3380841
ssnAp,0.5,1,1,ACTACTTTAATCATTTTTAC,0,3395653
ssnAp,0.5,1,1,ACTACTGCGGATATCCCCTT,0,3359560
ssnAp,0.5,1,1,ACTACGATTACCCAGCGTTT,0,3386751
ssnAp,0.5,1,1,ACTAAACCTTGCTGTACGCC,0,3385864
ssnAp,0.5,1,1,ACGTTTTTTTGCGCTCGCGC,0,3402365
ssnAp,0.5,1,1,ACGTTTTGCAAGTGCGCGAC,0,3372856
ssnAp,0.5,1,1,ACGTTCGTACCAAGTTGCGT,0,3387086
ssnAp,0.5,1,1,ACGTTAGGACGGACAGGCTC,0,3373961
ssnAp,0.5,1,1,ACGTTAATTCTCCACTAATA,0,3376503
ssnAp,0.5,1,1,ACGTGGCAGCTATGTACCAA,0,3375593
ssnAp,0.5,1,1,ACGTGCGCCTGTAGGCAGAT,0,3373389
ssnAp,0.5,1,1,ACGTGCACGTCAAAGGCCAC,0,3383663
ssnAp,0.5,1,1,ACGTCTATAGCTGTTCCAAG,0,3368230
ssnAp,0.5,1,1,ACGTCGCGCAGTCGCACCGT,0,3364464
ssnAp,0.5,1,1,ACGTCGCCAACACCCGGATG,0,3397231
ssnAp,0.5,1,1,ACGTATCAAGAGGTGGTCTG,0,3401007
ssnAp,0.5,1,1,ACGTAATAATGTTCGTAAAC,0,3362109
ssnAp,0.5,1,1,ACGGTTGAAATAACGACTTC,0,3389295
ssnAp,0.5,1,1,ACGGTTCACTTCTGTAGATG,0,3363859
ssnAp,0.5,1,1,ACGGTGGTATTTGTTAAAAC,0,3377840
ssnAp,0.5,1,1,ACGGTGGAGTCACAGGTCAA,0,3392915
ssnAp,0.5,1,1,ACGGTGCGTCTCAACGTTGA,0,3365335
ssnAp,0.5,1,1,ACGGTCCTATCGGTGCGCAG,0,3388006
ssnAp,0.5,1,1,ACGGTAAAACGCACCGTTAA,0,3386239
ssnAp,0.5,1,1,ACGGGTGATCGCTATAGACC,0,3372043
ssnAp,0.5,1,1,ACGGGTCGGTTGTTACCTCG,0,3382650
ssnAp,0.5,1,1,ACGGGTCCGGTTATGGTCCA,0,3390666
ssnAp,0.5,1,1,ACGGGTACAGAATATGACCA,0,3362628
ssnAp,0.5,1,1,ACGGGCACGGCTATCGCCTG,0,3390528
ssnAp,0.5,1,1,ACGGGCAATCGTAATCACTA,0,3402560
ssnAp,0.5,1,1,ACGGGATAAAACCACGCGCA,0,3382261
ssnAp,0.5,1,1,ACGGGAGAGACCATGAATGT,0,3361406
ssnAp,0.5,1,1,ACGGCTGAGATTCACCCGTC,0,3394287
ssnAp,0.5,1,1,ACGGCGCATGTACGAGGCGA,0,3380526
ssnAp,0.5,1,1,ACGGCCTGGAGTAGGATGCT,0,3361312
ssnAp,0.5,1,1,ACGGCCGTCTCTGCTGCAAA,0,3399631
ssnAp,0.5,1,1,ACGGCCGAGACAGTCGCTCG,0,3399270
ssnAp,0.5,1,1,ACGGCCATATAGAGGCGCAT,0,3398881
ssnAp,0.5,1,1,ACGGAGCTAGAATAGCGACT,0,3391712
ssnAp,0.5,1,1,ACGGAGATAGGATCGCGGAA,0,3386745
ssnAp,0.5,1,1,ACGGACGAGGCGCGACATAA,0,3387062
ssnAp,0.5,1,1,ACGCTTGAATCTATAGATAG,0,3390263
ssnAp,0.5,1,1,ACGCGTGTTTAGACCATCCC,0,3385101
ssnAp,0.5,1,1,ACGCGGGCAACGAGAAACTC,0,3392578
ssnAp,0.5,1,1,ACGCGAGCGGATAGGCGTAT,0,3366571
ssnAp,0.5,1,1,ACGCAAACACAGTGTTATGG,0,3402850
ssnAp,0.5,1,1,ACGATCGCATATGGCAAAAT,0,3375310
ssnAp,0.5,1,1,ACGAGTGTGATGTCGGGTTC,0,3375090
ssnAp,0.5,1,1,ACGAGGTACGGTCCTAGAGT,0,3380518
ssnAp,0.5,1,1,ACGAGAGGCGAACAAGAAGT,0,3377490
ssnAp,0.5,1,1,ACGAGAAAGAGCCATCGAAG,0,3366545
ssnAp,0.5,1,1,ACGACTAGAAATCTCGAACA,0,3402538
ssnAp,0.5,1,1,ACGACCTAAACGGTGACCGG,0,3376439
ssnAp,0.5,1,1,ACGACCGAGCCTCAGGCTTT,0,3374520
ssnAp,0.5,1,1,ACGAAGGGAGTGACTGTTTG,0,3367080
ssnAp,0.5,1,1,ACCTTGTCCGGGTCTCAACC,0,3362145
ssnAp,0.5,1,1,ACCTTGCTGAGTACCCCAAG,0,3367518
ssnAp,0.5,1,1,ACCTTGAAGCACTGTACGGA,0,3371930
ssnAp,0.5,1,1,ACCTTACAGTCCAAATCGTG,0,3370430
ssnAp,0.5,1,1,ACCTTAATTTCATTTGGCGG,0,3364811
ssnAp,0.5,1,1,ACCTGCTTGATGGGTTTCTT,0,3365805
ssnAp,0.5,1,1,ACCTCGAATAGAGAGGAGAA,0,3372548
ssnAp,0.5,1,1,ACCTCCTATAGTATATCGAG,0,3396610
ssnAp,0.5,1,1,ACCTAGCAACCCATGGTGGT,0,3368421
ssnAp,0.5,1,1,ACCGTTTGTAGGGGCGCCGA,0,3379531
ssnAp,0.5,1,1,ACCGTTCTGTTTATTCCGTC,0,3364950
ssnAp,0.5,1,1,ACCGTATTTCAGAGAGCCCC,0,3393540
ssnAp,0.5,1,1,ACCGGGTGGAAGTTGCGAGG,0,3390699
ssnAp,0.5,1,1,ACCGGGGCAATGGTCTGGTC,0,3397822
ssnAp,0.5,1,1,ACCGGCTACTTTCATCGTCT,0,3361917
ssnAp,0.5,1,1,ACCGGCGAGGAGAAGAGAAA,0,3367300
ssnAp,0.5,1,1,ACCGCTGGTAAGCACGCTAT,0,3397090
ssnAp,0.5,1,1,ACCGCGGCAGCTTTAGACTC,0,3390759
ssnAp,0.5,1,1,ACCGCCGTCCGCACAGACTT,0,3371450
ssnAp,0.5,1,1,ACCGAGGTTCGGGCTACCGT,0,3377638
ssnAp,0.5,1,1,ACCGAGGGCGGATGGAGATA,0,3398515
ssnAp,0.5,1,1,ACCGACTACGGTCGATTGAT,0,3378792
ssnAp,0.5,1,1,ACCGACGGTAGTGAGGTCAC,0,3388844
ssnAp,0.5,1,1,ACCGAACCGAGTGCGAGTGG,0,3397691
ssnAp,0.5,1,1,ACCGAACACGGGTTGAGCGG,0,3397243
ssnAp,0.5,1,1,ACCGAAAAGGAACCTAGCTT,0,3400496
ssnAp,0.5,1,1,ACCCTTGTGGCCGGACTAAT,0,3393767
ssnAp,0.5,1,1,ACCCTCTTGTAGGGCACCCA,0,3402770
ssnAp,0.5,1,1,ACCCTACAGGGTTGGGTTGA,0,3396439
ssnAp,0.5,1,1,ACCCGGGATCTCGCGAGCTA,0,3371073
ssnAp,0.5,1,1,ACCCCTTCGTATTGCCGCTC,0,3362391
ssnAp,0.5,1,1,ACCCCTCCACCATGTGTCCT,0,3364888
ssnAp,0.5,1,1,ACCCCGCGAAAAGTAAGGGT,0,3379515
ssnAp,0.5,1,1,ACCCCCAGCTTTAACAAGAG,0,3373081
ssnAp,0.5,1,1,ACCCCATTGGAATCATGCTG,0,3380127
ssnAp,0.5,1,1,ACCCATGGATTGTCTTCGAT,0,3400381
ssnAp,0.5,1,1,ACCCAGCGTCTAATTTTGTC,0,3359817
ssnAp,0.5,1,1,ACCATTTCTGCATTCAGGGG,0,3368490
ssnAp,0.5,1,1,ACCATTGGCCCCTTTTACCA,0,3361853
ssnAp,0.5,1,1,ACCATTATATTCTCTACTAG,0,3375132
ssnAp,0.5,1,1,ACCAGTGGAGTGCGGATAGT,0,3375658
ssnAp,0.5,1,1,ACCAGTAAGTGGAGCAGATC,0,3386193
ssnAp,0.5,1,1,ACCAGGCGGATTCTTCGGAG,0,3373248
ssnAp,0.5,1,1,ACCAGATTGTACGTCTTCGT,0,3394101
ssnAp,0.5,1,1,ACCACGTTAAGGGGGCGGGC,0,3372506
ssnAp,0.5,1,1,ACCACGAACACGGCATAATG,0,3386283
ssnAp,0.5,1,1,ACCACAAGTGCCTATACAAT,0,3397703
ssnAp,0.5,1,1,ACCAATGCCCGTGCCAAACA,0,3360840
ssnAp,0.5,1,1,ACCAAGGGTCATCCCGTATG,0,3365199
ssnAp,0.5,1,1,ACCAAACTGGTAGCGTTTAT,0,3388440
ssnAp,0.5,1,1,ACATTGTTGATATCAGCCAA,0,3374306
ssnAp,0.5,1,1,ACATGGTACTCACGGGAGCC,0,3361835
ssnAp,0.5,1,1,ACATATGTTGACTTGTGGTC,0,3387182
ssnAp,0.5,1,1,ACATATGTGCCCAACCCGTA,0,3400718
ssnAp,0.5,1,1,ACATAGGGGTACGTATTCGT,0,3370121
ssnAp,0.5,1,1,ACATACGCTCTCGGTAAAAC,0,3379791
ssnAp,0.5,1,1,ACAGTTCTTGGTTCTAGGAC,0,3383755
ssnAp,0.5,1,1,ACAGTTACGTTGAGACGGAC,0,3370315
ssnAp,0.5,1,1,ACAGTCTGTTTATTTACAGT,0,3388703
ssnAp,0.5,1,1,ACAGTCGTTTCGTGTACAAG,0,3396076
ssnAp,0.5,1,1,ACAGTCGTACGGCCAAGCTG,0,3398908
ssnAp,0.5,1,1,ACAGGTTTCCTTACTTGCTC,0,3395892
ssnAp,0.5,1,1,ACAGGGTTACTTTCCAAGCT,0,3386547
ssnAp,0.5,1,1,ACAGGGGTAAGGATATCTAT,0,3369087
ssnAp,0.5,1,1,ACAGGGCGTGCTGAGATTAA,0,3368493
ssnAp,0.5,1,1,ACAGGATCCTCAATATTGCC,0,3371480
ssnAp,0.5,1,1,ACAGGACGGGCCGGGATTTA,0,3391276
ssnAp,0.5,1,1,ACAGGAAACTTTGCGCGACC,0,3395645
ssnAp,0.5,1,1,ACAGCTGCGGCCCCTCAGGT,0,3372798
ssnAp,0.5,1,1,ACAGCTGATGTAAACCGCGT,0,3376422
ssnAp,0.5,1,1,ACAGCATACGCAGTCCTCCA,0,3378856
ssnAp,0.5,1,1,ACAGATGGAGCAGCCGAGTG,0,3380424
ssnAp,0.5,1,1,ACAGATCATCCCCTACAAGT,0,3392507
ssnAp,0.5,1,1,ACAGACATAGGTCCGATCCA,0,3365003
ssnAp,0.5,1,1,ACACTTAACACTGTTAATAT,0,3383584
ssnAp,0.5,1,1,ACACTATCCTAGTAGCCCAT,0,3400287
ssnAp,0.5,1,1,ACACGTGTCACGCGTCGTCT,0,3373174
ssnAp,0.5,1,1,ACACGTGGCTGAGATAAGTT,0,3365220
ssnAp,0.5,1,1,ACACGGGCCTAGTCCCGGCA,0,3396999
ssnAp,0.5,1,1,ACACCGATAGTACCGTACGC,0,3391953
ssnAp,0.5,1,1,ACACAGAGCCGTGTAGGTCT,0,3398780
ssnAp,0.5,1,1,ACACAAGAGCAGTAAGAGGC,0,3400733
ssnAp,0.5,1,1,ACAATTAGATATAAATAGTC,0,3365223
ssnAp,0.5,1,1,ACAATAAGTCAGAACGCTGC,0,3399112
ssnAp,0.5,1,1,ACAAGTTGGTGAAGGCCGTG,0,3368548
ssnAp,0.5,1,1,ACAAGTCATCCATACTCGTA,0,3389690
ssnAp,0.5,1,1,ACAAGGTACAGTCTAGAATT,0,3402033
ssnAp,0.5,1,1,ACAAATGAGGGGTCTAACTT,0,3393119
ssnAp,0.5,1,1,ACAAACCGGATGATTTCGAT,0,3361555
ssnAp,0.5,1,1,AATTTGTGTCTGGCGATTAT,0,3369397
ssnAp,0.5,1,1,AATTTCTAGGTCCCAATAAC,0,3385920
ssnAp,0.5,1,1,AATTGTCGAGAGAGAAGGGA,0,3378418
ssnAp,0.5,1,1,AATTGTATCGTGGTCATAGA,0,3392028
ssnAp,0.5,1,1,AATTGGTCGTCGAACGGCCA,0,3361635
ssnAp,0.5,1,1,AATTGGCCAAATATTTCACG,0,3393918
ssnAp,0.5,1,1,AATTGCGGACTCTGTTCACT,0,3376715
ssnAp,0.5,1,1,AATTGATCATCCCTCGGACC,0,3383893
ssnAp,0.5,1,1,AATTCAACCCGACTGGGCGT,0,3385533
ssnAp,0.5,1,1,AATGTAATTCTCACCAAACC,0,3397892
ssnAp,0.5,1,1,AATGTAATGGAAGAGTTTAC,0,3402955
ssnAp,0.5,1,1,AATGGGTCATCAATTCTTGA,0,3399794
ssnAp,0.5,1,1,AATGGGGGGATCACGTGCGC,0,3382180
ssnAp,0.5,1,1,AATGGGGGACAACGCCGCTG,0,3376359
ssnAp,0.5,1,1,AATGGAAGTCGATTTAACAC,0,3387666
ssnAp,0.5,1,1,AATGCTGAAGGTCATACTCT,0,3390254
ssnAp,0.5,1,1,AATGCGATACTCGCCGTACA,0,3392004
ssnAp,0.5,1,1,AATGCCCTTGCTCGTGAGGT,0,3393130
ssnAp,0.5,1,1,AATGATTTGAGTAAGCTGCA,0,3365684
ssnAp,0.5,1,1,AATCTGCATAAAAGTGACTT,0,3396660
ssnAp,0.5,1,1,AATCTCCCTCGTTCGGAAAT,0,3394469
ssnAp,0.5,1,1,AATCTATTTACTGGAATTGC,0,3375378
ssnAp,0.5,1,1,AATCTAATTGCTGATCCCAG,0,3376319
ssnAp,0.5,1,1,AATCGTCTTTAGTCACGAAG,0,3369887
ssnAp,0.5,1,1,AATCGACGGGTGGCTATTAC,0,3379856
ssnAp,0.5,1,1,AATCAGTGGCTCATCCACAG,0,3397193
ssnAp,0.5,1,1,AATCAGGGGGAATGCGGCCT,0,3383830
ssnAp,0.5,1,1,AATCAATTGCATAGCGGATC,0,3377376
ssnAp,0.5,1,1,AATATTTCACGGGGAAACCC,0,3395850
ssnAp,0.5,1,1,AATATCTGGGCTCGATTTAC,0,3367306
ssnAp,0.5,1,1,AATAGTGACACGGACATTGT,0,3367629
ssnAp,0.5,1,1,AATAGGTCCGGCACGACGTG,0,3381494
ssnAp,0.5,1,1,AATAGCCGCAGCTCTTCCAG,0,3366111
ssnAp,0.5,1,1,AATAGCCCGCAAGATTTGTT,0,3372762
ssnAp,0.5,1,1,AATACTCCTAGACAACTCAG,0,3367648
ssnAp,0.5,1,1,AATACGTTCATACAGTCCAT,0,3401881
ssnAp,0.5,1,1,AATACGAGAGCATCCTGTAA,0,3364831
ssnAp,0.5,1,1,AATAACGGCAAGGACGTCTT,0,3377104
ssnAp,0.5,1,1,AAGTTCATAGGTCGTCTACT,0,3382461
ssnAp,0.5,1,1,AAGTGCTAGCCATCACCATT,0,3367570
ssnAp,0.5,1,1,AAGTATTACAGCAAAAAACC,0,3388556
ssnAp,0.5,1,1,AAGTACTAGGCTGTGACGCC,0,3398088
ssnAp,0.5,1,1,AAGTACCGATTGCTGCCAAC,0,3391577
ssnAp,0.5,1,1,AAGTACCGAGCAAGGTAGTT,0,3360625
ssnAp,0.5,1,1,AAGGTGTAAGAGGGACTTGG,0,3367867
ssnAp,0.5,1,1,AAGGTGAGCATGCCTAATGT,0,3396185
ssnAp,0.5,1,1,AAGGGTAGACAGCAGCAGTA,0,3398028
ssnAp,0.5,1,1,AAGGGGGTCGCAATGGAAGT,0,3378983
ssnAp,0.5,1,1,AAGGGCAGGCGCAATGTCGC,0,3398312
ssnAp,0.5,1,1,AAGGGATTAGCCCACACAAT,0,3387723
ssnAp,0.5,1,1,AAGGCTGATCAGAGTCTGGC,0,3393257
ssnAp,0.5,1,1,AAGGCTCCGACCCAAGGCTA,0,3392134
ssnAp,0.5,1,1,AAGGCCTGTTTTTACGCTCA,0,3402848
ssnAp,0.5,1,1,AAGGCACGCTTAATTGTGCT,0,3362867
ssnAp,0.5,1,1,AAGGAGCTCTTAGGGAACTT,0,3390665
ssnAp,0.5,1,1,AAGGAGAACGCGCTGGCTAT,0,3361770
ssnAp,0.5,1,1,AAGGAAGAAGGAATTGGTTG,0,3360213
ssnAp,0.5,1,1,AAGCTTATGCCGGAATATTA,0,3394276
ssnAp,0.5,1,1,AAGCTGTTGGGCCGAGGTTC,0,3400176
ssnAp,0.5,1,1,AAGCTGGGTCACCCCGTGCA,0,3395841
ssnAp,0.5,1,1,AAGCTCCGGTAGTATGTTCT,0,3369134
ssnAp,0.5,1,1,AAGCGGACCAACATGATGTT,0,3372367
ssnAp,0.5,1,1,AAGCGACCCAGGGTCAGTCC,0,3373719
ssnAp,0.5,1,1,AAGCGAAGCATATAGTTCGC,0,3388486
ssnAp,0.5,1,1,AAGCCCGACATTTGGCATGG,0,3367515
ssnAp,0.5,1,1,AAGCCCAGTGTGGATTTATA,0,3402383
ssnAp,0.5,1,1,AAGCAGAGACGATCCTGAAT,0,3389486
ssnAp,0.5,1,1,AAGCAGAAAGTCAGAGTTAG,0,3400385
ssnAp,0.5,1,1,AAGCACGGGCATAACAATGT,0,3371204
ssnAp,0.5,1,1,AAGAGTTCCAAAATGTCAAC,0,3390274
ssnAp,0.5,1,1,AAGAGTCGGTATGAGTAAGT,0,3400860
ssnAp,0.5,1,1,AAGAGGCTGTCAATTCGTCC,0,3381022
ssnAp,0.5,1,1,AAGACAGCTTTACCCTGTAG,0,3373437
ssnAp,0.5,1,1,AAGAAGGTCATTTGATCAAT,0,3389509
ssnAp,0.5,1,1,AACTTGGTGGCAAGTGAAGG,0,3375811
ssnAp,0.5,1,1,AACTTAGTTGGATAACAGAG,0,3390854
ssnAp,0.5,1,1,AACTGTGCGAGGGTTCTCTC,0,3371070
ssnAp,0.5,1,1,AACTGGGATAATCCATCTGG,0,3392298
ssnAp,0.5,1,1,AACTGGACCACGGATTAGCA,0,3386955
ssnAp,0.5,1,1,AACTCGTTTACGTGATCAAT,0,3401241
ssnAp,0.5,1,1,AACTCGCGTGTCGCCTACAA,0,3397637
ssnAp,0.5,1,1,AACTACAGTGTGAGGCGGAA,0,3398687
ssnAp,0.5,1,1,AACTAACCCATCATATTCCT,0,3360323
ssnAp,0.5,1,1,AACTAAACTCTGTGGGCCTA,0,3389331
ssnAp,0.5,1,1,AACGTTAATGTGAAACGTCA,0,3369849
ssnAp,0.5,1,1,AACGTGGTAACTTGGGACAG,0,3380262
ssnAp,0.5,1,1,AACGTGGAAGCCTAAGCAAA,0,3389496
ssnAp,0.5,1,1,AACGTGCCGTCCTATGCAAA,0,3383689
ssnAp,0.5,1,1,AACGTCCGAGTGGCTGTGAC,0,3396501
ssnAp,0.5,1,1,AACGTCATGAGCCATAAGGG,0,3361870
ssnAp,0.5,1,1,AACGTACCGAAGGGTAGGCG,0,3361357
ssnAp,0.5,1,1,AACGGGGGGTGGCCAGTTTT,0,3360320
ssnAp,0.5,1,1,AACGGCGCCGCAAGGCATAA,0,3360365
ssnAp,0.5,1,1,AACGGAAACGAAAGGTCATC,0,3368743
ssnAp,0.5,1,1,AACGCGAACACGTGGCCTTG,0,3375304
ssnAp,0.5,1,1,AACCTTTCTTACTTTATGGA,0,3374082
ssnAp,0.5,1,1,AACCTGAGCGACATGGATTG,0,3384967
ssnAp,0.5,1,1,AACCTCTTGTCTAATACCTC,0,3369874
ssnAp,0.5,1,1,AACCTATACCGTCTCCATAG,0,3381980
ssnAp,0.5,1,1,AACCTAACGGGGTATCCTCG,0,3368766
ssnAp,0.5,1,1,AACCGATACCACGGTCTCCG,0,3382956
ssnAp,0.5,1,1,AACCGAGCGACTCGAATTCG,0,3368576
ssnAp,0.5,1,1,AACCGACAACCGTCGTCTAC,0,3384794
ssnAp,0.5,1,1,AACCCTTTAGATTTACTTGT,0,3372783
ssnAp,0.5,1,1,AACCCATCGTACACAGTTTT,0,3378014
ssnAp,0.5,1,1,AACCCAACTAGGGTTCAAAT,0,3380137
ssnAp,0.5,1,1,AACCATATCTATTACTTCTT,0,3388117
ssnAp,0.5,1,1,AACCAGAGATTGGTCTCGTA,0,3384803
ssnAp,0.5,1,1,AACCAAGGTCGGGTATACTC,0,3381723
ssnAp,0.5,1,1,AACCAACCCGTGCTGAACTC,0,3383493
ssnAp,0.5,1,1,AACATTGAATCTGCCATACC,0,3379883
ssnAp,0.5,1,1,AACATCGTTCCGCCGTCGGA,0,3375953
ssnAp,0.5,1,1,AACATCATCTCATGAAATTG,0,3392422
ssnAp,0.5,1,1,AACAGGCCTATCTCGAATCC,0,3385781
ssnAp,0.5,1,1,AACAGCAAGGAGAGTGTAGT,0,3392208
ssnAp,0.5,1,1,AACAGATCACCTGGAGCAGA,0,3377936
ssnAp,0.5,1,1,AACAATAGACAGCTCGTTGA,0,3392490
ssnAp,0.5,1,1,AACAAATGGGGTACAGATGC,0,3374899
ssnAp,0.5,1,1,AACAAAGGAGAGTCCAAGAT,0,3363465
ssnAp,0.5,1,1,AAATTTGACGCACATTATTG,0,3389498
ssnAp,0.5,1,1,AAATTTATTGCCGTTACCTC,0,3400494
ssnAp,0.5,1,1,AAATTGACTGCTTCAACTGG,0,3398491
ssnAp,0.5,1,1,AAATTCTTCGTCGTACGCGG,0,3400824
ssnAp,0.5,1,1,AAATTCTTAACGCGAGTGTT,0,3381792
ssnAp,0.5,1,1,AAATTAAACTGGAGCAAGGT,0,3380920
ssnAp,0.5,1,1,AAATGTGCGCCAGTTCATTA,0,3382885
ssnAp,0.5,1,1,AAATGAGTTGAGGAACAATC,0,3365305
ssnAp,0.5,1,1,AAATCGCATAAATCATATCT,0,3400300
ssnAp,0.5,1,1,AAATCAGCCGTTCTGTCATG,0,3372370
ssnAp,0.5,1,1,AAATAATGCTAGAGCCCCAC,0,3393488
ssnAp,0.5,1,1,AAATAATATCTATGGTTGGG,0,3395344
ssnAp,0.5,1,1,AAATAAAATGTATGGTAGAG,0,3392565
ssnAp,0.5,1,1,AAAGTGCCTTAATTAGTTGA,0,3386203
ssnAp,0.5,1,1,AAAGGAGGTCATCGGAGCTT,0,3389062
ssnAp,0.5,1,1,AAAGGAATCAGGATTGCTTA,0,3366991
ssnAp,0.5,1,1,AAAGCGTTCTGCGTGACGGT,0,3377430
ssnAp,0.5,1,1,AAAGCGGTTTCGGACAAGAA,0,3371618
ssnAp,0.5,1,1,AAAGATTGAAAGACATGGAT,0,3363683
ssnAp,0.5,1,1,AAAGAGCCGAAGCAGGTTCT,0,3374313
ssnAp,0.5,1,1,AAACTTAAGGTGGGACTGAC,0,3396846
ssnAp,0.5,1,1,AAACTTAAAAGATATAAGAT,0,3376796
ssnAp,0.5,1,1,AAACTGCGTGGCTGCCTCGC,0,3364829
ssnAp,0.5,1,1,AAACTACTCCATGCGAGAGA,0,3378827
ssnAp,0.5,1,1,AAACGGATAAGCCGTCTGTG,0,3391680
ssnAp,0.5,1,1,AAACCGAGGGAAGACATTGG,0,3364854
ssnAp,0.5,1,1,AAACCAGTGCCATTGCTTTC,0,3363097
ssnAp,0.5,1,1,AAACCACGATGAATCGCCAG,0,3383824
ssnAp,0.5,1,1,AAACATGTATAGCCAGAAGC,0,3361263
ssnAp,0.5,1,1,AAACATAATTCATCACCAGC,0,3389778
ssnAp,0.5,1,1,AAACAGTCCGCGTATAGGAA,0,3397003
ssnAp,0.5,1,1,AAACAACTCAATGAGCCTCC,0,3392368
ssnAp,0.5,1,1,AAAATGGGCCAAGGTTACGA,0,3378848
ssnAp,0.5,1,1,AAAATAGCAAGGGTTAGCGC,0,3377280
ssnAp,0.5,1,1,AAAAGGGGGCTGCATTCGTG,0,3367374
ssnAp,0.5,1,1,AAAAGCTATAAAACTATGAA,0,3364198
ssnAp,35.0,34,0,TAGATGTACTGGTGTCCGCC,34,3386560
ssnAp,34.0,33,0,CCTGAACTATTGGGTTGTAC,33,3396908
ssnAp,31.0,30,0,GGCGACGCCCTAAGCGTCAT,30,3388888
ssnAp,31.0,30,0,AGAAATTACAGGAACCGGGG,30,3372544
ssnAp,31.0,30,0,AACGAGGGATCGTTCGATCG,30,3367240
ssnAp,30.0,29,0,GACATATGCTGATTTTGGAT,29,3386882
ssnAp,29.0,28,0,TTCGTGAAAATCGGTAGCCT,28,3387466
ssnAp,27.0,26,0,TGCTAACTCTATGTAGACTG,26,3381587
ssnAp,27.0,26,0,GCCTCGCTCCCCATAAGGCC,26,3396278
ssnAp,27.0,26,0,ACGTAACTAGATCATATCAT,26,3382277
ssnAp,26.0,25,0,TCGCTAACGACCTTTTCAAG,25,3380689
ssnAp,26.0,25,0,CGGCTAGTTTCTGAAGTGAA,25,3360345
ssnAp,24.0,23,0,TAAGGCTTGCTAATGTCGAA,23,3376091
ssnAp,24.0,23,0,AGTACCTTATGCCGCTTCAT,23,3377389
ssnAp,23.0,22,0,CCGCTCTAGGGGTACCATAG,22,3395310
ssnAp,23.0,22,0,ATAGTTAACAGTCATTGAGT,22,3372652
ssnAp,22.0,21,0,TGCCTATGCTGTGTCTGCAT,21,3402165
ssnAp,22.0,21,0,GTAAGTATCATAAGTCTGGC,21,3363806
ssnAp,22.0,21,0,GAAACCGGTGCAATCCAAGA,21,3376338
ssnAp,22.0,21,0,ATGGGTACTATTCCTGACGT,21,3383243
ssnAp,21.0,20,0,TGACGGTGATGCCGTCGGTT,20,3392677
ssnAp,21.0,20,0,CGCGTCAATCCTTATACCTT,20,3368258
ssnAp,21.0,20,0,ATTGTCATAGCGGTTGTAAG,20,3360359
ssnAp,20.0,19,0,TGATGGCAGGTCGGCGGGGA,19,3362561
ssnAp,20.0,19,0,GGGCGTAGCGCGGCGTGGCT,19,3375832
ssnAp,20.0,19,0,CTCGTTACTGAGATGCTGTG,19,3387976
ssnAp,20.0,19,0,CTCGTCCGCGATTTCCGTGC,19,3390476
ssnAp,20.0,19,0,CGTCCTTATAGGCGCGGGGA,19,3380241
ssnAp,20.0,19,0,ATCCGTAACTTCCCTTGGAC,19,3379857
ssnAp,19.0,18,0,TCCATGGCCATCAACCAAAC,18,3365299
ssnAp,19.0,18,0,CTCGTGGTCTGCGACTTCAA,18,3379590
ssnAp,19.0,18,0,CGTTCCGTGTAAATCCACAG,18,3402567
ssnAp,19.0,18,0,ATCTACCGTCCCGCTTAGGA,18,3378540
ssnAp,19.0,18,0,ATCGAGCCGATGTCAAAGTT,18,3360551
ssnAp,19.0,18,0,ACCCGCATATTCAATCATAC,18,3362595
ssnAp,19.0,18,0,AAGCTCGTGGTACGTCCCGT,18,3364114
ssnAp,18.0,17,0,TGATTGTATTGTGCAAAGCT,17,3367624
ssnAp,18.0,17,0,TCGAAAGTTAGGATATTTTC,17,3389010
ssnAp,18.0,17,0,TCCGAGAACTACGCGCTTCA,17,3378306
ssnAp,18.0,17,0,GTGAATTTCGGTAGCACGTA,17,3374716
ssnAp,18.0,17,0,CGGAACTCCATCGGGGGAAT,17,3369224
ssnAp,18.0,17,0,ATCAGTGGACTGGGGAATTT,17,3374401
ssnAp,18.0,17,0,ACCTGAGAACGTACATGCTA,17,3366146
ssnAp,17.0,16,0,GACCGTGTCTCGATCTCTCA,16,3369266
ssnAp,17.0,16,0,CCTCACTTCCTGTGAAGGGG,16,3360979
ssnAp,17.0,16,0,ATGCGTCTAAAATATCGATT,16,3382292
ssnAp,17.0,16,0,ATCCAAGACCTGAATTGGCA,16,3372025
ssnAp,17.0,16,0,AACGGCACGTGAGGTCACGG,16,3389564
ssnAp,16.0,15,0,TTACAATATTCCAAAAATCC,15,3366422
ssnAp,16.0,15,0,TAACACCAGTGACGAAGATT,15,3397774
ssnAp,16.0,15,0,GCCGTATCCGGGGTGCAGGG,15,3398280
ssnAp,16.0,15,0,GAACGAAGTTACTGCACGCT,15,3369975
ssnAp,16.0,15,0,CGGGGGTCTCTCATGTCTTA,15,3390350
ssnAp,16.0,15,0,CCTGAGCCAAGATGATCGAG,15,3379029
ssnAp,16.0,15,0,CCATTACATAGGAACAGGGT,15,3375808
ssnAp,16.0,15,0,CAGTGCCGGATGCCGGGGTA,15,3364019
ssnAp,16.0,15,0,AGCTCTATCAGGGTTGCCTT,15,3380930
ssnAp,16.0,15,0,AGCCCAATGCTTGGGTCGGC,15,3380182
ssnAp,16.0,15,0,ACCATGCCCTGGCGACCAGC,15,3378714
ssnAp,15.0,14,0,TTGTTGCGGCTATACACGAC,14,3369143
ssnAp,15.0,14,0,TGAACGCGGGACATGCCTTC,14,3371963
ssnAp,15.0,14,0,TCTCCGCGGCTTTAGAGCAG,14,3397621
ssnAp,15.0,14,0,TCCCGATGTGGTTCCTTCAA,14,3386430
ssnAp,15.0,14,0,GTTACATCTTGCATTAAGGT,14,3361524
ssnAp,15.0,14,0,GTTACAATTTGTAGGCGTAA,14,3386863
ssnAp,15.0,14,0,GCTCGCGTAACGACGGATAC,14,3397455
ssnAp,15.0,14,0,CACGGGTGCTCGACACGCGA,14,3399776
ssnAp,15.0,14,0,ACTTTACGTTTAGACGGAGC,14,3397278
ssnAp,14.0,13,0,TGTTATAGGAGTTTCGCCTA,13,3386578
ssnAp,14.0,13,0,TAACCGAGGGGCAGCATATT,13,3389830
ssnAp,14.0,13,0,GTACTACGCTCTTTAGGGAA,13,3391036
ssnAp,14.0,13,0,GGAAATGAACGTCACGCGCC,13,3360204
ssnAp,14.0,13,0,CTTATCTGAATTAACTGCGC,13,3372765
ssnAp,14.0,13,0,CTGAAACCAGGCTTGTGAGC,13,3400145
ssnAp,14.0,13,0,CCAGGTCCTAAATTTATGCG,13,3398426
ssnAp,14.0,13,0,CAGAAGTTGGATCCCCCTGG,13,3382658
ssnAp,13.0,12,0,TTTTTTAACCCGTGCTGAAC,12,3360990
ssnAp,13.0,12,0,TTTCTGTATAGGTTATATAC,12,3401482
ssnAp,13.0,12,0,TTCAATTTTCAAGCATATGG,12,3363038
ssnAp,13.0,12,0,TCACTTTTTCAGGAATATTA,12,3379204
ssnAp,13.0,12,0,GGAGAATTTGGAGCCACCGG,12,3397788
ssnAp,13.0,12,0,CTATTTAGTGAATACGACCA,12,3379598
ssnAp,13.0,12,0,CCGGAACGGGTTCAAGGATG,12,3376761
ssnAp,13.0,12,0,CCATCAGCTTCAGAACTTAA,12,3369186
ssnAp,13.0,12,0,AGGACGAGTACGGTATGTAT,12,3387007
ssnAp,12.0,11,0,TCTTATCCAGAGCACCTCAG,11,3386588
ssnAp,12.0,11,0,TCGCGTTGGAGACCTACGTG,11,3377504
ssnAp,12.0,11,0,GGTCACAAATCACTGCACTA,11,3381455
ssnAp,12.0,11,0,GGCTGGACACAGGAAATGAC,11,3384002
ssnAp,12.0,11,0,GAATAGCTTCAAAGGCATCC,11,3385559
ssnAp,12.0,11,0,ACCTCGCGACTACTCAGGAA,11,3363452
ssnAp,12.0,11,0,ACAGGCACCGCATTCGATGT,11,3390694
ssnAp,11.0,10,0,GCCTGGAAGGTGAGGACACT,10,3368500
ssnAp,11.0,10,0,GCAATATTTCGTACTTGAAT,10,3401403
ssnAp,11.0,10,0,CCACACAAAAATTTATTGTC,10,3388387
ssnAp,11.0,10,0,AGTTCGGTACACATTTGTGC,10,3386911
ssnAp,11.0,10,0,AGGCTAGGCATCCGATCTCC,10,3399289
ssnAp,10.0,9,0,TTCTAAGGCTCGACTGTCAT,9,3369754
ssnAp,10.0,9,0,TGTGTGCGCCGGACAATGGA,9,3391818
ssnAp,10.0,9,0,TGGTTGCGGCATGCGTTGCT,9,3380872
ssnAp,10.0,9,0,TGCCAGACCGTTGTTTGGTT,9,3387970
ssnAp,10.0,9,0,GTACGTGAGCATCTCACCAT,9,3394945
ssnAp,10.0,9,0,GATCGCTCACCTAACGTAAG,9,3399256
ssnAp,10.0,9,0,GATAAAGAACGAGCTAAGCT,9,3372163
ssnAp,10.0,9,0,CTCTTTCTTTGCTTGTAGGG,9,3360623
ssnAp,10.0,9,0,CGAATAATTATTTCGATGCC,9,3385368
ssnAp,10.0,9,0,CATAACAACCGTACTTAGAC,9,3382937
ssnAp,10.0,9,0,AACGTGCAGTAATCTGGCAA,9,3366826
ssnAp,9.0,8,0,TAGCAACAGAGGGTTACGAT,8,3372216
ssnAp,9.0,8,0,TAAGCATGCCAGTTTATCAC,8,3361638
ssnAp,9.0,8,0,GTGTCTATCCTTCTCCAAAT,8,3394202
ssnAp,9.0,8,0,ATGACTAATGTTTCTGTCCA,8,3384502
ssnAp,9.0,8,0,ACAGCAGTTTCGGAAGACCA,8,3380342
ssnAp,9.0,8,0,AAGACTTGGTGCCCTATATA,8,3373092
ssnAp,9.0,8,0,AACCGCACGCAAAGCTCCAA,8,3387171
ssnAp,8.0,7,0,TGCCGTGAGGGAGTATTGGT,7,3360684
ssnAp,8.0,7,0,GGAGGTCAGGTTTGATCTTC,7,3381894
ssnAp,8.0,7,0,CTTGATGTCGTTGGGTGGAT,7,3392672
ssnAp,8.0,7,0,CTTCCGCTCTGTGATACGAC,7,3378570
ssnAp,8.0,7,0,CACAGAGATTGTCCCATCCA,7,3385678
ssnAp,8.0,7,0,ACGGTCCGTCAGTTACAGTC,7,3379925
ssnAp,8.0,7,0,AAACGCGTAATCCCCTGCAG,7,3399033
ssnAp,7.0,6,0,TACCTAGTGGTTAATGTCTT,6,3371254
ssnAp,7.0,6,0,CTCCGCCTCTCCTTGTTTTG,6,3365001
ssnAp,7.0,6,0,CGAATCGAAGGTGGCTGAGG,6,3394839
ssnAp,7.0,6,0,CCTTTATAGGCCCCCCACCG,6,3389695
ssnAp,7.0,6,0,CCTCCTGATCCCAACACGCT,6,3359689
ssnAp,7.0,6,0,ATCCGTCTGTACGGTGTACT,6,3378549
ssnAp,7.0,6,0,ACGCAGGCCTTCACAGCGCG,6,3389395
ssnAp,6.0,5,0,TTACAAATTGTTGTCGTTCC,5,3375951
ssnAp,6.0,5,0,TAAGGCTAGACACGCACAAC,5,3392122
ssnAp,6.0,5,0,GCATATGACATGTTGTTGGG,5,3379701
ssnAp,6.0,5,0,GAGACGGGCATTGTATACGA,5,3392882
ssnAp,6.0,5,0,GACTGACCGAGGTTACTAAC,5,3399824
ssnAp,6.0,5,0,CTTTGTCGTTGAGCTCAGCA,5,3386456
ssnAp,5.0,4,0,TCACGAAATCTTCTGTCCTC,4,3380073
ssnAp,5.0,4,0,GGTTAAACTCGTAAGACGCG,4,3359753
ssnAp,5.0,4,0,GGCACGAGATACGCGCGACG,4,3398905
ssnAp,5.0,4,0,CCATGGGATAACTCTGAATG,4,3379970
ssnAp,4.0,3,0,TCTAGTGGTGTTCTCGGACG,3,3374550
ssnAp,4.0,3,0,TAGAGCTTTATTGGGAATAT,3,3365134
ssnAp,4.0,3,0,CCTATAAACAATGCCGATGG,3,3363898
ssnAp,4.0,3,0,CCGGTTTGTTTAATGCAGAG,3,3392386
ssnAp,4.0,3,0,ATATGTAGGGAAATGCACAT,3,3364657
ssnAp,4.0,3,0,ATAGTAACCTTTCCACGCGA,3,3391874
ssnAp,3.0,2,0,TGTGCCAGGGTCTTCGTTTG,2,3386242
ssnAp,3.0,2,0,TCTTTAAGACAGTCGGGGGC,2,3395686
ssnAp,3.0,2,0,TAAGGGAGTTGTGTATGATG,2,3369921
ssnAp,3.0,2,0,TAACTCCCGCGGTGACGGTT,2,3389326
ssnAp,3.0,2,0,AGCAAGTTAAAAGGAGGCTA,2,3383072
ssnAp,3.0,2,0,ACTACTGCAGTCGCACGGCC,2,3392823
ssnAp,2.0,1,0,TGAGGTGATGTACAGTTAAG,1,3380712
ssnAp,2.0,1,0,TCTACTCCACTTATACGTGT,1,3395134
ssnAp,2.0,1,0,TAAGTATGCGTTGCCGTAAA,1,3373853
ssnAp,2.0,1,0,GGTACCGATTAGTCAGGAAT,1,3364869
ssnAp,2.0,1,0,GCGATTCTGTGGGTATACAC,1,3402899
ssnAp,2.0,1,0,GCAGCAACCACAGTCTACGG,1,3381016
ssnAp,2.0,1,0,CTCCGGCCTCGAGGACATCG,1,3374443
ssnAp,2.0,1,0,CGTTGTGGTTTACTCATGTG,1,3396706
ssnAp,2.0,1,0,CGCCGATGAAACAGCAAGAG,1,3400574
ssnAp,2.0,1,0,CCCTAGTCTGCGGTCCGCCC,1,3359562
ssnAp,2.0,1,0,CATCCTATAGTGTTTATGAA,1,3373102
ssnAp,2.0,1,0,CAACGAAGTCCCACTGATAT,1,3370383
ssnAp,2.0,1,0,ATTATAGTAGAGCGCTGGCC,1,3374572
ssnAp,2.0,1,0,ACAACCCGACGCCGGCTGAG,1,3370339
